250 -600
251.396 -599.058
252.793 -598.116
254.189 -597.174
255.585 -596.233
256.982 -595.291
258.378 -594.349
259.775 -593.407
261.171 -592.465
262.567 -591.523
263.964 -590.582
265.36 -589.64
266.757 -588.698
268.153 -587.756
269.549 -586.814
270.946 -585.872
272.342 -584.931
273.738 -583.989
275.135 -583.047
276.531 -582.105
277.928 -581.163
279.324 -580.221
280.72 -579.28
282.117 -578.338
283.513 -577.396
284.91 -576.454
286.306 -575.512
287.703 -574.57
289.099 -573.629
290.495 -572.687
291.892 -571.745
293.288 -570.803
294.685 -569.861
296.081 -568.919
297.478 -567.978
298.874 -567.036
300.271 -566.094
301.667 -565.152
303.063 -564.21
304.46 -563.268
305.856 -562.327
307.253 -561.385
308.649 -560.443
310.046 -559.501
311.442 -558.559
312.839 -557.617
314.235 -556.676
315.632 -555.734
317.028 -554.792
318.425 -553.85
319.821 -552.908
321.218 -551.967
322.614 -551.025
324.011 -550.083
325.407 -549.141
326.804 -548.2
328.2 -547.258
329.597 -546.316
330.993 -545.374
332.39 -544.432
333.786 -543.491
335.183 -542.549
336.58 -541.607
337.976 -540.665
339.373 -539.724
340.769 -538.782
342.166 -537.84
343.562 -536.898
344.959 -535.956
346.356 -535.015
347.752 -534.073
349.149 -533.131
350.545 -532.189
351.942 -531.248
353.339 -530.306
354.735 -529.364
356.132 -528.422
357.528 -527.481
358.925 -526.539
360.322 -525.597
361.718 -524.655
363.115 -523.713
364.512 -522.772
365.908 -521.83
367.305 -520.888
368.702 -519.947
370.098 -519.005
371.495 -518.063
372.892 -517.121
374.288 -516.18
375.685 -515.238
377.082 -514.296
378.478 -513.355
379.875 -512.413
381.272 -511.471
382.669 -510.529
384.065 -509.588
385.462 -508.646
386.859 -507.704
388.256 -506.763
389.652 -505.821
391.049 -504.879
392.446 -503.938
393.843 -502.996
395.24 -502.054
396.636 -501.113
398.033 -500.171
399.43 -499.229
400.827 -498.288
402.224 -497.346
403.62 -496.404
405.017 -495.463
406.414 -494.521
407.811 -493.579
409.208 -492.638
410.605 -491.696
412.002 -490.754
413.399 -489.813
414.796 -488.871
416.193 -487.929
417.589 -486.988
418.986 -486.046
420.383 -485.105
421.78 -484.163
423.177 -483.221
424.574 -482.28
425.971 -481.338
427.368 -480.396
428.765 -479.455
430.162 -478.513
431.559 -477.572
432.956 -476.63
434.353 -475.689
435.751 -474.747
437.148 -473.805
438.545 -472.864
439.942 -471.922
441.339 -470.981
442.736 -470.039
444.133 -469.098
445.53 -468.156
446.928 -467.215
448.325 -466.273
449.722 -465.332
451.119 -464.39
452.516 -463.449
453.914 -462.507
455.311 -461.566
456.708 -460.624
458.105 -459.683
459.503 -458.741
460.9 -457.8
462.297 -456.858
463.695 -455.917
465.092 -454.975
466.489 -454.034
467.887 -453.092
469.284 -452.151
470.681 -451.209
472.079 -450.268
473.476 -449.327
474.874 -448.385
476.271 -447.444
477.669 -446.502
479.066 -445.561
480.464 -444.62
481.861 -443.678
483.259 -442.737
484.656 -441.795
486.054 -440.854
487.452 -439.913
488.849 -438.971
490.247 -438.03
491.645 -437.089
493.042 -436.147
494.44 -435.206
495.838 -434.265
497.235 -433.323
498.633 -432.382
500.031 -431.441
501.429 -430.5
502.827 -429.558
504.224 -428.617
505.622 -427.676
507.02 -426.735
508.418 -425.793
509.816 -424.852
511.214 -423.911
512.612 -422.97
514.01 -422.029
515.408 -421.087
516.806 -420.146
518.204 -419.205
519.602 -418.264
521 -417.323
522.399 -416.382
523.797 -415.44
525.195 -414.499
526.593 -413.558
527.992 -412.617
529.39 -411.676
530.788 -410.735
532.187 -409.794
533.585 -408.853
534.983 -407.912
536.382 -406.971
537.78 -406.03
539.179 -405.089
540.577 -404.148
541.976 -403.207
543.374 -402.266
544.773 -401.325
546.172 -400.384
547.57 -399.443
548.969 -398.502
550.368 -397.561
551.766 -396.621
553.165 -395.68
554.564 -394.739
555.963 -393.798
557.362 -392.857
558.761 -391.916
560.16 -390.976
561.559 -390.035
562.958 -389.094
564.357 -388.153
565.756 -387.213
567.155 -386.272
568.555 -385.331
569.954 -384.39
571.353 -383.45
572.753 -382.509
574.152 -381.569
575.551 -380.628
576.951 -379.687
578.35 -378.747
579.75 -377.806
581.149 -376.866
582.549 -375.925
583.949 -374.985
585.349 -374.044
586.748 -373.104
588.148 -372.163
589.548 -371.223
590.948 -370.282
592.348 -369.342
593.748 -368.402
595.148 -367.461
596.548 -366.521
597.948 -365.581
599.349 -364.64
600.749 -363.7
602.149 -362.76
603.55 -361.82
604.95 -360.879
606.351 -359.939
607.751 -358.999
609.152 -358.059
610.552 -357.119
611.953 -356.179
613.354 -355.239
614.755 -354.299
616.156 -353.359
617.557 -352.419
618.958 -351.479
620.359 -350.539
621.76 -349.599
623.161 -348.659
624.563 -347.719
625.964 -346.779
627.366 -345.84
628.767 -344.9
630.169 -343.96
631.57 -343.02
632.972 -342.081
634.374 -341.141
635.776 -340.201
637.178 -339.262
638.58 -338.322
639.982 -337.383
641.384 -336.443
642.786 -335.504
644.189 -334.564
645.591 -333.625
646.994 -332.686
648.396 -331.746
649.799 -330.807
651.202 -329.868
652.604 -328.929
654.007 -327.99
655.41 -327.05
656.813 -326.111
658.217 -325.172
659.62 -324.233
661.023 -323.294
662.427 -322.355
663.83 -321.416
665.234 -320.477
666.638 -319.539
668.042 -318.6
669.446 -317.661
670.85 -316.722
672.254 -315.784
673.658 -314.845
675.063 -313.907
676.467 -312.968
677.872 -312.03
679.277 -311.091
680.682 -310.153
682.086 -309.214
683.492 -308.276
684.897 -307.338
686.302 -306.4
687.708 -305.462
689.113 -304.524
690.519 -303.585
691.925 -302.647
693.331 -301.71
694.737 -300.772
696.143 -299.834
697.549 -298.896
698.956 -297.958
700.362 -297.021
701.769 -296.083
703.176 -295.146
704.583 -294.208
705.99 -293.271
707.397 -292.333
708.805 -291.396
710.212 -290.459
711.62 -289.522
713.028 -288.585
714.436 -287.648
715.844 -286.711
717.253 -285.774
718.661 -284.837
720.07 -283.9
721.479 -282.963
722.888 -282.027
724.297 -281.09
725.707 -280.154
727.116 -279.217
728.526 -278.281
729.936 -277.345
731.346 -276.408
732.756 -275.472
734.167 -274.536
735.577 -273.6
736.988 -272.665
738.399 -271.729
739.811 -270.793
741.222 -269.857
742.634 -268.922
744.046 -267.986
745.458 -267.051
746.87 -266.116
748.282 -265.181
749.695 -264.246
751.108 -263.311
752.521 -262.376
753.935 -261.441
755.348 -260.506
756.762 -259.572
758.176 -258.637
759.59 -257.703
761.005 -256.768
762.42 -255.834
763.835 -254.9
765.25 -253.966
766.666 -253.032
768.081 -252.098
769.497 -251.165
770.914 -250.231
772.33 -249.298
773.747 -248.364
775.164 -247.431
776.582 -246.498
778 -245.565
779.417 -244.632
780.836 -243.7
782.254 -242.767
783.673 -241.835
785.092 -240.902
786.512 -239.97
787.932 -239.038
789.352 -238.106
790.772 -237.174
792.193 -236.243
793.614 -235.311
795.035 -234.38
796.457 -233.449
797.879 -232.518
799.302 -231.587
800.724 -230.656
802.148 -229.725
803.571 -228.795
804.995 -227.865
806.419 -226.934
807.844 -226.004
809.268 -225.075
810.694 -224.145
812.12 -223.216
813.546 -222.286
814.972 -221.357
816.399 -220.428
817.826 -219.499
819.254 -218.571
820.682 -217.643
822.111 -216.714
823.54 -215.786
824.969 -214.859
826.399 -213.931
827.83 -213.003
829.26 -212.076
830.692 -211.149
832.123 -210.223
833.556 -209.296
834.988 -208.37
836.421 -207.443
837.855 -206.518
839.289 -205.592
840.724 -204.666
842.159 -203.741
843.595 -202.816
845.031 -201.891
846.468 -200.967
847.905 -200.042
849.343 -199.118
850.781 -198.195
852.22 -197.271
853.66 -196.348
855.1 -195.425
856.54 -194.502
857.982 -193.58
859.423 -192.658
860.866 -191.736
862.309 -190.814
863.753 -189.893
865.197 -188.972
866.642 -188.051
868.088 -187.131
869.534 -186.21
870.981 -185.291
872.429 -184.371
873.877 -183.452
875.326 -182.533
876.776 -181.615
878.226 -180.696
879.677 -179.779
881.129 -178.861
882.582 -177.944
884.035 -177.027
885.489 -176.111
886.944 -175.195
888.4 -174.279
889.856 -173.364
891.314 -172.449
892.772 -171.534
894.231 -170.62
895.69 -169.707
897.151 -168.793
898.612 -167.88
900.075 -166.968
901.538 -166.056
903.002 -165.144
904.467 -164.233
905.933 -163.323
907.4 -162.412
908.868 -161.503
910.336 -160.593
911.806 -159.684
913.277 -158.776
914.749 -157.868
916.221 -156.961
917.695 -156.054
919.17 -155.148
920.645 -154.242
922.122 -153.337
923.6 -152.432
925.079 -151.528
926.559 -150.625
928.04 -149.722
929.523 -148.819
931.006 -147.917
932.491 -147.016
933.977 -146.116
935.464 -145.216
936.952 -144.316
938.441 -143.418
939.932 -142.52
941.424 -141.622
942.917 -140.726
944.412 -139.83
945.907 -138.934
947.405 -138.04
948.903 -137.146
950.403 -136.253
951.904 -135.36
953.407 -134.469
954.911 -133.578
956.416 -132.688
957.923 -131.798
959.431 -130.91
960.941 -130.022
962.453 -129.135
963.965 -128.249
965.48 -127.364
966.996 -126.48
968.513 -125.597
970.033 -124.714
971.553 -123.833
973.076 -122.952
974.6 -122.073
976.126 -121.194
977.653 -120.317
979.183 -119.44
980.714 -118.565
982.247 -117.69
983.781 -116.817
985.318 -115.944
986.856 -115.073
988.396 -114.203
989.938 -113.334
991.482 -112.466
993.028 -111.6
994.576 -110.734
996.126 -109.87
997.678 -109.007
999.232 -108.146
1000.79 -107.285
1002.35 -106.426
1003.91 -105.569
1005.47 -104.712
1007.03 -103.857
1008.6 -103.004
1010.17 -102.152
1011.74 -101.301
1013.31 -100.452
1014.89 -99.6047
1016.47 -98.7587
1018.05 -97.9143
1019.63 -97.0715
1021.22 -96.2303
1022.81 -95.3909
1024.4 -94.5531
1025.99 -93.717
1027.59 -92.8828
1029.18 -92.0503
1030.78 -91.2197
1032.39 -90.3909
1033.99 -89.564
1035.6 -88.7391
1037.21 -87.9162
1038.83 -87.0953
1040.45 -86.2764
1042.07 -85.4596
1043.69 -84.6449
1045.31 -83.8325
1046.94 -83.0222
1048.57 -82.2142
1050.21 -81.4085
1051.85 -80.6051
1053.49 -79.8041
1055.13 -79.0056
1056.78 -78.2095
1058.43 -77.416
1060.08 -76.625
1061.74 -75.8367
1063.4 -75.051
1065.06 -74.2681
1066.73 -73.4879
1068.4 -72.7106
1070.07 -71.9362
1071.75 -71.1647
1073.43 -70.3962
1075.12 -69.6308
1076.8 -68.8685
1078.49 -68.1094
1080.19 -67.3535
1081.89 -66.6009
1083.59 -65.8517
1085.3 -65.106
1087.01 -64.3637
1088.72 -63.625
1090.44 -62.8899
1092.16 -62.1586
1093.88 -61.431
1095.61 -60.7073
1097.35 -59.9875
1099.08 -59.2717
1100.82 -58.56
1102.57 -57.8525
1104.32 -57.1492
1106.07 -56.4502
1107.83 -55.7556
1109.59 -55.0655
1111.36 -54.38
1113.13 -53.6991
1114.9 -53.023
1116.68 -52.3517
1118.47 -51.6854
1120.25 -51.0241
1122.04 -50.3679
1123.84 -49.7169
1125.64 -49.0712
1127.45 -48.4309
1129.26 -47.7962
1131.07 -47.167
1132.89 -46.5436
1134.71 -45.926
1136.54 -45.3143
1138.37 -44.7086
1140.21 -44.1091
1142.05 -43.5158
1143.9 -42.9289
1145.75 -42.3484
1147.6 -41.7746
1149.46 -41.2074
1151.32 -40.6471
1153.19 -40.0936
1155.07 -39.5473
1156.94 -39.008
1158.83 -38.4761
1160.71 -37.9516
1162.6 -37.4346
1164.5 -36.9253
1166.4 -36.4237
1168.31 -35.93
1170.22 -35.4444
1172.13 -34.9669
1174.05 -34.4976
1175.97 -34.0367
1177.9 -33.5844
1179.83 -33.1407
1181.76 -32.7057
1183.7 -32.2796
1185.64 -31.8625
1187.59 -31.4546
1189.54 -31.0559
1191.5 -30.6666
1193.46 -30.2868
1195.42 -29.9166
1197.39 -29.5561
1199.36 -29.2055
1201.33 -28.8648
1203.31 -28.5342
1205.29 -28.2138
1207.28 -27.9037
1209.27 -27.604
1211.26 -27.3148
1213.25 -27.0363
1215.25 -26.7684
1217.25 -26.5114
1219.25 -26.2653
1221.26 -26.0301
1223.27 -25.8061
1225.28 -25.5933
1227.29 -25.3917
1229.31 -25.2015
1231.33 -25.0226
1233.34 -24.8553
1235.37 -24.6995
1237.39 -24.5554
1239.42 -24.4229
1241.44 -24.3022
1243.47 -24.1932
1245.5 -24.0961
1247.53 -24.0108
1249.56 -23.9375
1251.59 -23.8761
1253.63 -23.8267
1255.66 -23.7893
1257.69 -23.7639
1259.73 -23.7505
1261.76 -23.7491
1263.8 -23.7599
1265.83 -23.7828
1267.86 -23.8176
1269.9 -23.8645
1271.93 -23.9234
1273.96 -23.9943
1275.99 -24.0771
1278.02 -24.1718
1280.05 -24.2784
1282.08 -24.3969
1284.1 -24.5271
1286.13 -24.6691
1288.15 -24.8228
1290.17 -24.9882
1292.19 -25.165
1294.21 -25.3534
1296.22 -25.5533
1298.24 -25.7645
1300.25 -25.9869
1302.25 -26.2206
1304.26 -26.4653
1306.26 -26.7211
1308.26 -26.9878
1310.26 -27.2654
1312.25 -27.5536
1314.24 -27.8525
1316.23 -28.162
1318.21 -28.4818
1320.19 -28.812
1322.17 -29.1524
1324.14 -29.5028
1326.11 -29.8633
1328.08 -30.2336
1330.04 -30.6136
1331.99 -31.0033
1333.95 -31.4025
1335.9 -31.811
1337.84 -32.2288
1339.79 -32.6558
1341.72 -33.0918
1343.66 -33.5366
1345.59 -33.9902
1347.51 -34.4525
1349.43 -34.9233
1351.35 -35.4025
1353.26 -35.8899
1355.16 -36.3855
1357.07 -36.8891
1358.96 -37.4006
1360.86 -37.9198
1362.75 -38.4467
1364.63 -38.9812
1366.51 -39.523
1368.38 -40.0721
1370.26 -40.6283
1372.12 -41.1917
1373.98 -41.7619
1375.84 -42.3389
1377.69 -42.9226
1379.54 -43.5129
1381.38 -44.1097
1383.22 -44.7127
1385.05 -45.3221
1386.88 -45.9375
1388.71 -46.559
1390.53 -47.1863
1392.34 -47.8195
1394.15 -48.4584
1395.96 -49.1028
1397.76 -49.7527
1399.56 -50.4081
1401.35 -51.0687
1403.14 -51.7345
1404.92 -52.4054
1406.7 -53.0813
1408.47 -53.7621
1410.25 -54.4477
1412.01 -55.138
1413.77 -55.833
1415.53 -56.5325
1417.29 -57.2364
1419.04 -57.9448
1420.78 -58.6574
1422.52 -59.3743
1424.26 -60.0953
1425.99 -60.8203
1427.72 -61.5493
1429.45 -62.2822
1431.17 -63.0189
1432.88 -63.7594
1434.6 -64.5035
1436.31 -65.2513
1438.01 -66.0026
1439.71 -66.7573
1441.41 -67.5155
1443.1 -68.277
1444.79 -69.0418
1446.48 -69.8098
1448.16 -70.5809
1449.84 -71.3551
1451.52 -72.1323
1453.19 -72.9126
1454.86 -73.6957
1456.53 -74.4817
1458.19 -75.2705
1459.85 -76.062
1461.5 -76.8562
1463.16 -77.6531
1464.8 -78.4526
1466.45 -79.2546
1468.09 -80.0591
1469.73 -80.866
1471.37 -81.6754
1473 -82.4871
1474.63 -83.3011
1476.26 -84.1174
1477.88 -84.9359
1479.5 -85.7566
1481.12 -86.5794
1482.74 -87.4044
1484.35 -88.2314
1485.96 -89.0604
1487.57 -89.8914
1489.17 -90.7243
1490.77 -91.5592
1492.37 -92.3959
1493.97 -93.2345
1495.56 -94.0749
1497.15 -94.917
1498.74 -95.7609
1500.32 -96.6065
1501.91 -97.4537
1503.49 -98.3027
1505.07 -99.1532
1506.64 -100.005
1508.21 -100.859
1509.79 -101.714
1511.35 -102.571
1512.92 -103.429
1514.49 -104.289
1516.05 -105.15
1517.61 -106.012
1519.16 -106.876
1520.72 -107.741
1522.27 -108.607
1523.82 -109.475
1525.37 -110.344
1526.92 -111.214
1528.47 -112.086
1530.01 -112.959
1531.55 -113.832
1533.09 -114.707
1534.63 -115.584
1536.16 -116.461
1537.7 -117.339
1539.23 -118.219
1540.76 -119.099
1542.29 -119.981
1543.81 -120.864
1545.34 -121.747
1546.86 -122.632
1548.38 -123.517
1549.9 -124.404
1551.42 -125.291
1552.93 -126.18
1554.45 -127.069
1555.96 -127.959
1557.47 -128.851
1558.98 -129.742
1560.49 -130.635
1562 -131.529
1563.5 -132.423
1565 -133.319
1566.51 -134.215
1568.01 -135.112
1569.51 -136.009
1571 -136.908
1572.5 -137.807
1574 -138.706
1575.49 -139.607
1576.98 -140.508
1578.47 -141.41
1579.96 -142.313
1581.45 -143.216
1582.94 -144.12
1584.43 -145.025
1585.91 -145.93
1587.39 -146.836
1588.88 -147.742
1590.36 -148.649
1591.84 -149.557
1593.32 -150.465
1594.79 -151.374
1596.27 -152.283
1597.75 -153.193
1599.22 -154.104
1600.69 -155.015
1602.17 -155.926
1603.64 -156.839
1605.11 -157.751
1606.58 -158.664
1608.04 -159.578
1609.51 -160.492
1610.98 -161.407
1612.44 -162.322
1613.91 -163.237
1615.37 -164.153
1616.83 -165.07
1618.29 -165.987
1619.76 -166.904
1621.21 -167.822
1622.67 -168.74
1624.13 -169.658
1625.59 -170.578
1627.04 -171.497
1628.5 -172.417
1629.95 -173.337
1631.41 -174.258
1632.86 -175.179
1634.31 -176.1
1635.76 -177.022
1637.22 -177.944
1638.67 -178.866
1640.11 -179.789
1641.56 -180.712
1643.01 -181.636
1644.46 -182.56
1645.9 -183.484
1647.35 -184.408
1648.79 -185.333
1650.24 -186.258
1651.68 -187.184
1653.12 -188.109
1654.56 -189.035
1656.01 -189.962
1657.45 -190.888
1658.89 -191.815
1660.33 -192.742
1661.77 -193.67
1663.2 -194.598
1664.64 -195.526
1666.08 -196.454
1667.51 -197.383
1668.95 -198.312
1670.39 -199.241
1671.82 -200.17
1673.25 -201.1
1674.69 -202.029
1676.12 -202.959
1677.55 -203.89
1678.99 -204.82
1680.42 -205.751
1681.85 -206.682
1683.28 -207.613
1684.71 -208.545
1686.14 -209.476
1687.57 -210.408
1689 -211.34
1690.42 -212.273
1691.85 -213.205
1693.28 -214.138
1694.71 -215.071
1696.13 -216.004
1697.56 -216.937
1698.98 -217.871
1700.41 -218.804
1701.83 -219.738
1703.26 -220.672
1704.68 -221.607
1706.1 -222.541
1707.53 -223.476
1708.95 -224.41
1710.37 -225.345
1711.79 -226.28
1713.21 -227.216
1714.63 -228.151
1716.06 -229.087
1717.48 -230.022
1718.9 -230.958
1720.31 -231.894
1721.73 -232.83
1723.15 -233.767
1724.57 -234.703
1725.99 -235.64
1727.41 -236.577
1728.82 -237.514
1730.24 -238.451
1731.66 -239.388
1733.07 -240.325
1734.49 -241.263
1735.91 -242.2
1737.32 -243.138
1738.74 -244.076
1740.15 -245.014
1741.57 -245.952
1742.98 -246.89
1744.4 -247.828
1745.81 -248.767
1747.22 -249.705
1748.64 -250.644
1750.05 -251.583
1751.46 -252.522
1752.87 -253.461
1754.29 -254.4
1755.7 -255.339
1757.11 -256.279
1758.52 -257.218
1759.93 -258.158
1761.34 -259.097
1762.75 -260.037
1764.16 -260.977
1765.57 -261.917
1766.98 -262.857
1768.39 -263.797
1769.8 -264.737
1771.21 -265.678
1772.62 -266.618
1774.03 -267.559
1775.44 -268.499
1776.85 -269.44
1778.26 -270.381
1779.66 -271.321
1781.07 -272.262
1782.48 -273.203
1783.89 -274.145
1785.29 -275.086
1786.7 -276.027
1788.11 -276.968
1789.51 -277.91
1790.92 -278.851
1792.33 -279.793
1793.73 -280.734
1795.14 -281.676
1796.55 -282.618
1797.95 -283.56
1799.36 -284.502
1800.76 -285.444
1802.17 -286.386
1803.57 -287.328
1804.98 -288.27
1806.38 -289.212
1807.79 -290.155
1809.19 -291.097
1810.59 -292.04
1812 -292.982
1813.4 -293.925
1814.81 -294.867
1816.21 -295.81
1817.61 -296.753
1819.02 -297.695
1820.42 -298.638
1821.82 -299.581
1823.22 -300.524
1824.63 -301.467
1826.03 -302.41
1827.43 -303.353
1828.84 -304.297
1830.24 -305.24
1831.64 -306.183
1833.04 -307.127
1834.44 -308.07
1835.84 -309.013
1837.25 -309.957
1838.65 -310.9
1840.05 -311.844
1841.45 -312.788
1842.85 -313.731
1844.25 -314.675
1845.65 -315.619
1847.05 -316.563
1848.46 -317.506
1849.86 -318.45
1851.26 -319.394
1852.66 -320.338
1854.06 -321.282
1855.46 -322.226
1856.86 -323.17
1858.26 -324.115
1859.66 -325.059
1861.06 -326.003
1862.46 -326.947
1863.86 -327.892
1865.26 -328.836
1866.66 -329.78
1868.06 -330.725
1869.45 -331.669
1870.85 -332.613
1872.25 -333.558
1873.65 -334.503
1875.05 -335.447
1876.45 -336.392
1877.85 -337.336
1879.25 -338.281
1880.65 -339.226
1882.04 -340.171
1883.44 -341.115
1884.84 -342.06
1886.24 -343.005
1887.64 -343.95
1889.04 -344.895
1890.43 -345.84
1891.83 -346.784
1893.23 -347.729
1894.63 -348.674
1896.03 -349.619
1897.42 -350.565
1898.82 -351.51
1900.22 -352.455
1901.62 -353.4
1903.01 -354.345
1904.41 -355.29
1905.81 -356.235
1907.21 -357.181
1908.6 -358.126
1910 -359.071
1911.4 -360.016
1912.79 -360.962
1914.19 -361.907
1915.59 -362.852
1916.99 -363.798
1918.38 -364.743
1919.78 -365.689
1921.18 -366.634
1922.57 -367.58
1923.97 -368.525
1925.37 -369.471
1926.76 -370.416
1928.16 -371.362
1929.55 -372.307
1930.95 -373.253
1932.35 -374.199
1933.74 -375.144
1935.14 -376.09
1936.54 -377.035
1937.93 -377.981
1939.33 -378.927
1940.72 -379.873
1942.12 -380.818
1943.52 -381.764
1944.91 -382.71
1946.31 -383.656
1947.7 -384.602
1949.1 -385.547
1950.5 -386.493
1951.89 -387.439
1953.29 -388.385
1954.68 -389.331
1956.08 -390.277
1957.47 -391.223
1958.87 -392.169
1960.27 -393.114
1961.66 -394.06
1963.06 -395.006
1964.45 -395.952
1965.85 -396.898
1967.24 -397.844
1968.64 -398.79
1970.03 -399.737
1971.43 -400.683
1972.82 -401.629
1974.22 -402.575
1975.61 -403.521
1977.01 -404.467
1978.4 -405.413
1979.8 -406.359
1981.19 -407.305
1982.59 -408.252
1983.98 -409.198
1985.38 -410.144
1986.77 -411.09
1988.17 -412.036
1989.56 -412.983
1990.96 -413.929
1992.35 -414.875
1993.75 -415.821
1995.14 -416.767
1996.54 -417.714
1997.93 -418.66
1999.33 -419.606
2000.72 -420.553
2002.12 -421.499
2003.51 -422.445
2004.9 -423.392
2006.3 -424.338
2007.69 -425.284
2009.09 -426.231
2010.48 -427.177
2011.88 -428.123
2013.27 -429.07
2014.67 -430.016
2016.06 -430.963
2017.45 -431.909
2018.85 -432.855
2020.24 -433.802
2021.64 -434.748
2023.03 -435.695
2024.43 -436.641
2025.82 -437.588
2027.21 -438.534
2028.61 -439.481
2030 -440.427
2031.4 -441.374
2032.79 -442.32
2034.18 -443.267
2035.58 -444.213
2036.97 -445.16
2038.37 -446.106
2039.76 -447.053
2041.16 -447.999
2042.55 -448.946
2043.94 -449.892
2045.34 -450.839
2046.73 -451.785
2048.12 -452.732
2049.52 -453.679
2050.91 -454.625
2052.31 -455.572
2053.7 -456.518
2055.09 -457.465
2056.49 -458.412
2057.88 -459.358
2059.28 -460.305
2060.67 -461.251
2062.06 -462.198
2063.46 -463.145
2064.85 -464.091
2066.24 -465.038
2067.64 -465.985
2069.03 -466.931
2070.43 -467.878
2071.82 -468.825
2073.21 -469.771
2074.61 -470.718
2076 -471.665
2077.39 -472.611
2078.79 -473.558
2080.18 -474.505
2081.57 -475.451
2082.97 -476.398
2084.36 -477.345
2085.76 -478.292
2087.15 -479.238
2088.54 -480.185
2089.94 -481.132
2091.33 -482.078
2092.72 -483.025
2094.12 -483.972
2095.51 -484.919
2096.9 -485.865
2098.3 -486.812
2099.69 -487.759
2101.08 -488.706
2102.48 -489.652
2103.87 -490.599
2105.27 -491.546
2106.66 -492.493
2108.05 -493.44
2109.45 -494.386
2110.84 -495.333
2112.23 -496.28
2113.63 -497.227
2115.02 -498.174
2116.41 -499.12
2117.81 -500.067
2119.2 -501.014
2120.59 -501.961
2121.99 -502.908
2123.38 -503.854
2124.77 -504.801
2126.17 -505.748
2127.56 -506.695
2128.95 -507.642
2130.34 -508.589
2131.74 -509.535
2133.13 -510.482
2134.52 -511.429
2135.92 -512.376
2137.31 -513.323
2138.7 -514.27
2140.1 -515.216
2141.49 -516.163
2142.88 -517.11
2144.28 -518.057
2145.67 -519.004
2147.06 -519.951
2148.46 -520.897
2149.85 -521.844
2151.24 -522.791
2152.64 -523.738
2154.03 -524.685
2155.42 -525.632
2156.82 -526.579
2158.21 -527.526
2159.6 -528.473
2161 -529.419
2162.39 -530.366
2163.78 -531.313
2165.18 -532.26
2166.57 -533.207
2167.96 -534.154
2169.35 -535.101
2170.75 -536.048
2172.14 -536.995
2173.53 -537.942
2174.93 -538.888
2176.32 -539.835
2177.71 -540.782
2179.11 -541.729
2180.5 -542.676
2181.89 -543.623
2183.29 -544.57
2184.68 -545.517
2186.07 -546.464
2187.46 -547.411
2188.86 -548.357
2190.25 -549.304
2191.64 -550.251
2193.04 -551.198
2194.43 -552.145
2195.82 -553.092
2197.22 -554.039
2198.61 -554.986
2200 -555.933
2201.4 -556.88
2202.79 -557.827
2204.18 -558.774
2205.57 -559.721
2206.97 -560.668
2208.36 -561.615
2209.75 -562.562
2211.15 -563.509
2212.54 -564.456
2213.93 -565.402
2215.33 -566.349
2216.72 -567.296
2218.11 -568.243
2219.5 -569.19
2220.9 -570.137
2222.29 -571.084
2223.68 -572.031
2225.08 -572.978
2226.47 -573.925
2227.86 -574.872
2229.26 -575.819
2230.65 -576.766
2232.04 -577.713
2233.44 -578.66
2234.83 -579.607
2236.22 -580.554
2237.61 -581.501
2239.01 -582.448
2240.4 -583.395
2241.79 -584.342
2243.19 -585.289
2244.58 -586.236
2245.97 -587.183
2247.36 -588.13
2248.76 -589.076
2250.15 -590.023
2251.54 -590.97
2252.94 -591.917
2254.33 -592.864
2255.72 -593.811
2257.11 -594.758
2258.51 -595.705
2259.9 -596.652
2261.29 -597.599
2262.68 -598.546
2264.08 -599.493
2265.47 -600.44
2266.86 -601.387
2268.26 -602.334
2269.65 -603.281
2271.04 -604.228
2272.43 -605.175
2273.83 -606.122
2275.22 -607.069
2276.61 -608.016
2278.01 -608.963
2279.4 -609.91
2280.79 -610.857
2282.18 -611.804
2283.58 -612.751
2284.97 -613.698
2286.36 -614.645
2287.76 -615.592
2289.15 -616.539
2290.54 -617.486
2291.93 -618.433
2293.33 -619.38
2294.72 -620.327
2296.11 -621.274
2297.51 -622.221
2298.9 -623.168
2300.29 -624.115
2301.68 -625.062
2303.08 -626.009
2304.47 -626.956
2305.86 -627.903
2307.26 -628.85
2308.65 -629.797
2310.04 -630.744
2311.43 -631.691
2312.83 -632.638
2314.22 -633.585
2315.61 -634.532
2317 -635.479
2318.4 -636.427
2319.79 -637.374
2321.18 -638.321
2322.58 -639.268
2323.97 -640.215
2325.36 -641.162
2326.75 -642.109
2328.15 -643.056
2329.54 -644.003
2330.93 -644.95
2332.33 -645.897
2333.72 -646.844
2335.11 -647.791
2336.5 -648.738
2337.9 -649.685
2339.29 -650.632
2340.68 -651.579
2342.08 -652.526
2343.47 -653.473
2344.86 -654.42
2346.25 -655.367
2347.65 -656.314
2349.04 -657.261
2350.43 -658.208
2351.83 -659.155
2353.22 -660.102
2354.61 -661.049
2356 -661.996
2357.4 -662.943
2358.79 -663.89
2360.18 -664.837
2361.58 -665.784
2362.97 -666.731
2364.36 -667.678
2365.75 -668.625
2367.15 -669.572
2368.54 -670.519
2369.93 -671.466
2371.32 -672.413
2372.72 -673.36
2374.11 -674.307
2375.5 -675.254
2376.9 -676.201
2378.29 -677.148
2379.68 -678.095
2381.07 -679.042
2382.47 -679.99
2383.86 -680.937
2385.25 -681.884
2386.65 -682.831
2388.04 -683.778
2389.43 -684.725
2390.82 -685.672
2392.22 -686.619
2393.61 -687.566
2395 -688.513
2396.4 -689.46
2397.79 -690.407
2399.18 -691.354
2400.57 -692.301
2401.97 -693.248
2403.36 -694.195
2404.75 -695.142
2406.15 -696.089
2407.54 -697.036
2408.93 -697.983
2410.32 -698.93
2411.72 -699.877
2413.11 -700.824
2414.5 -701.771
2415.9 -702.718
2417.29 -703.665
2418.68 -704.612
2420.07 -705.559
2421.47 -706.506
2422.86 -707.453
2424.25 -708.4
2425.65 -709.347
2427.04 -710.294
2428.43 -711.241
2429.82 -712.188
2431.22 -713.135
2432.61 -714.082
2434 -715.029
2435.39 -715.976
2436.79 -716.923
2438.18 -717.87
2439.57 -718.817
2440.97 -719.764
2442.36 -720.711
2443.75 -721.658
2445.14 -722.605
2446.54 -723.552
2447.93 -724.5
2449.32 -725.447
2450.72 -726.394
2452.11 -727.341
2453.5 -728.288
2454.89 -729.235
2456.29 -730.182
2457.68 -731.129
2459.07 -732.076
2460.47 -733.023
2461.86 -733.97
2463.25 -734.917
2464.64 -735.864
2466.04 -736.811
2467.43 -737.758
2468.82 -738.705
2470.22 -739.652
2471.61 -740.599
2473 -741.546
2474.39 -742.493
2475.79 -743.44
2477.18 -744.387
2478.57 -745.334
2479.97 -746.281
2481.36 -747.228
2482.75 -748.175
2484.14 -749.122
2485.54 -750.069
2486.93 -751.016
2488.32 -751.963
2489.71 -752.91
2491.11 -753.857
2492.5 -754.804
2493.89 -755.751
2495.29 -756.698
2496.68 -757.645
2498.07 -758.592
2499.46 -759.539
2500.86 -760.486
2502.25 -761.433
2503.64 -762.38
2505.04 -763.327
2506.43 -764.274
2507.82 -765.221
2509.21 -766.168
2510.61 -767.115
2512 -768.062
2513.39 -769.01
2514.79 -769.957
2516.18 -770.904
2517.57 -771.851
2518.96 -772.798
2520.36 -773.745
2521.75 -774.692
2523.14 -775.639
2524.54 -776.586
2525.93 -777.533
2527.32 -778.48
2528.71 -779.427
2530.11 -780.374
2531.5 -781.321
2532.89 -782.268
2534.29 -783.215
2535.68 -784.162
2537.07 -785.109
2538.46 -786.056
2539.86 -787.003
2541.25 -787.95
2542.64 -788.897
2544.03 -789.844
2545.43 -790.791
2546.82 -791.738
2548.21 -792.685
2549.61 -793.632
2551 -794.579
2552.39 -795.526
2553.78 -796.473
2555.18 -797.42
2556.57 -798.367
2557.96 -799.314
2559.36 -800.261
2560.75 -801.208
2562.14 -802.155
2563.53 -803.102
2564.93 -804.049
2566.32 -804.996
2567.71 -805.943
2569.11 -806.89
2570.5 -807.837
2571.89 -808.784
2573.28 -809.731
2574.68 -810.678
2576.07 -811.625
2577.46 -812.573
2578.86 -813.52
2580.25 -814.467
2581.64 -815.414
2583.03 -816.361
2584.43 -817.308
2585.82 -818.255
2587.21 -819.202
2588.61 -820.149
2590 -821.096
2591.39 -822.043
2592.78 -822.99
2594.18 -823.937
2595.57 -824.884
2596.96 -825.831
2598.35 -826.778
2599.75 -827.725
2601.14 -828.672
2602.53 -829.619
2603.93 -830.566
2605.32 -831.513
2606.71 -832.46
2608.1 -833.407
2609.5 -834.354
2610.89 -835.301
2612.28 -836.248
2613.68 -837.195
2615.07 -838.142
2616.46 -839.089
2617.85 -840.036
2619.25 -840.983
2620.64 -841.93
2622.03 -842.877
2623.43 -843.824
2624.82 -844.771
2626.21 -845.718
2627.6 -846.665
2629 -847.612
2630.39 -848.559
2631.78 -849.506
2633.18 -850.453
2634.57 -851.4
2635.96 -852.347
2637.35 -853.294
2638.75 -854.241
2640.14 -855.188
2641.53 -856.135
2642.93 -857.083
2644.32 -858.03
2645.71 -858.977
2647.1 -859.924
2648.5 -860.871
2649.89 -861.818
2651.28 -862.765
2652.68 -863.712
2654.07 -864.659
2655.46 -865.606
2656.85 -866.553
2658.25 -867.5
2659.64 -868.447
2661.03 -869.394
2662.42 -870.341
2663.82 -871.288
2665.21 -872.235
2666.6 -873.182
2668 -874.129
2669.39 -875.076
2670.78 -876.023
2672.17 -876.97
2673.57 -877.917
2674.96 -878.864
2676.35 -879.811
2677.75 -880.758
2679.14 -881.705
2680.53 -882.652
2681.92 -883.599
2683.32 -884.546
2684.71 -885.493
2686.1 -886.44
2687.5 -887.387
2688.89 -888.334
2690.28 -889.281
2691.67 -890.228
2693.07 -891.175
2694.46 -892.122
2695.85 -893.069
2697.25 -894.016
2698.64 -894.963
2700.03 -895.91
2701.42 -896.857
2702.82 -897.804
2704.21 -898.751
2705.6 -899.698
2707 -900.646
2708.39 -901.593
2709.78 -902.54
2711.17 -903.487
2712.57 -904.434
2713.96 -905.381
2715.35 -906.328
2716.74 -907.275
2718.14 -908.222
2719.53 -909.169
2720.92 -910.116
2722.32 -911.063
2723.71 -912.01
2725.1 -912.957
2726.49 -913.904
2727.89 -914.851
2729.28 -915.798
2730.67 -916.745
2732.07 -917.692
2733.46 -918.639
2734.85 -919.586
2736.24 -920.533
2737.64 -921.48
2739.03 -922.427
2740.42 -923.374
2741.82 -924.321
2743.21 -925.268
2744.6 -926.215
2745.99 -927.162
2747.39 -928.109
2748.78 -929.056
2750.17 -930.003
2751.57 -930.95
2752.96 -931.897
2754.35 -932.844
2755.74 -933.791
2757.14 -934.738
2758.53 -935.685
2759.92 -936.632
2761.32 -937.579
2762.71 -938.526
2764.1 -939.473
2765.49 -940.42
2766.89 -941.367
2768.28 -942.314
2769.67 -943.261
2771.06 -944.208
2772.46 -945.156
2773.85 -946.103
2775.24 -947.05
2776.64 -947.997
2778.03 -948.944
2779.42 -949.891
2780.81 -950.838
2782.21 -951.785
2783.6 -952.732
2784.99 -953.679
2786.39 -954.626
2787.78 -955.573
2789.17 -956.52
2790.56 -957.467
2791.96 -958.414
2793.35 -959.361
2794.74 -960.308
2796.14 -961.255
2797.53 -962.202
2798.92 -963.149
2800.31 -964.096
2801.71 -965.043
2803.1 -965.99
2804.49 -966.937
2805.89 -967.884
2807.28 -968.831
2808.67 -969.778
2810.06 -970.725
2811.46 -971.672
2812.85 -972.619
2814.24 -973.566
2815.64 -974.513
2817.03 -975.46
2818.42 -976.407
2819.81 -977.354
2821.21 -978.301
2822.6 -979.248
2823.99 -980.195
2825.39 -981.142
2826.78 -982.089
2828.17 -983.036
2829.56 -983.983
2830.96 -984.93
2832.35 -985.877
2833.74 -986.824
2835.13 -987.771
2836.53 -988.719
2837.92 -989.666
2839.31 -990.613
2840.71 -991.56
2842.1 -992.507
2843.49 -993.454
2844.88 -994.401
2846.28 -995.348
2847.67 -996.295
2849.06 -997.242
2850.46 -998.189
2851.85 -999.136
2853.24 -1000.08
2854.63 -1001.03
2856.03 -1001.98
2857.42 -1002.92
2858.81 -1003.87
2860.21 -1004.82
2861.6 -1005.76
2862.99 -1006.71
2864.38 -1007.66
2865.78 -1008.61
2867.17 -1009.55
2868.56 -1010.5
2869.96 -1011.45
2871.35 -1012.39
2872.74 -1013.34
2874.13 -1014.29
2875.53 -1015.24
2876.92 -1016.18
2878.31 -1017.13
2879.71 -1018.08
2881.1 -1019.02
2882.49 -1019.97
2883.88 -1020.92
2885.28 -1021.86
2886.67 -1022.81
2888.06 -1023.76
2889.45 -1024.71
2890.85 -1025.65
2892.24 -1026.6
2893.63 -1027.55
2895.03 -1028.49
2896.42 -1029.44
2897.81 -1030.39
2899.2 -1031.33
2900.6 -1032.28
2901.99 -1033.23
2903.38 -1034.18
2904.78 -1035.12
2906.17 -1036.07
2907.56 -1037.02
2908.95 -1037.96
2910.35 -1038.91
2911.74 -1039.86
2913.13 -1040.8
2914.53 -1041.75
2915.92 -1042.7
2917.31 -1043.65
2918.7 -1044.59
2920.1 -1045.54
2921.49 -1046.49
2922.88 -1047.43
2924.28 -1048.38
2925.67 -1049.33
2927.06 -1050.27
2928.45 -1051.22
2929.85 -1052.17
2931.24 -1053.12
2932.63 -1054.06
2934.03 -1055.01
2935.42 -1055.96
2936.81 -1056.9
2938.2 -1057.85
2939.6 -1058.8
2940.99 -1059.75
2942.38 -1060.69
2943.77 -1061.64
2945.17 -1062.59
2946.56 -1063.53
2947.95 -1064.48
2949.35 -1065.43
2950.74 -1066.37
2952.13 -1067.32
2953.52 -1068.27
2954.92 -1069.22
2956.31 -1070.16
2957.7 -1071.11
2959.1 -1072.06
2960.49 -1073
2961.88 -1073.95
2963.27 -1074.9
2964.67 -1075.84
2966.06 -1076.79
2967.45 -1077.74
2968.85 -1078.69
2970.24 -1079.63
2971.63 -1080.58
2973.02 -1081.53
2974.42 -1082.47
2975.81 -1083.42
2977.2 -1084.37
2978.6 -1085.31
2979.99 -1086.26
2981.38 -1087.21
2982.77 -1088.16
2984.17 -1089.1
2985.56 -1090.05
2986.95 -1091
2988.35 -1091.94
2989.74 -1092.89
2991.13 -1093.84
2992.52 -1094.78
2993.92 -1095.73
2995.31 -1096.68
2996.7 -1097.63
2998.09 -1098.57
2999.49 -1099.52
3000.88 -1100.47
3002.27 -1101.41
3003.67 -1102.36
3005.06 -1103.31
3006.45 -1104.26
3007.84 -1105.2
3009.24 -1106.15
3010.63 -1107.1
3012.02 -1108.04
3013.42 -1108.99
3014.81 -1109.94
3016.2 -1110.88
3017.59 -1111.83
3018.99 -1112.78
3020.38 -1113.73
3021.77 -1114.67
3023.17 -1115.62
3024.56 -1116.57
3025.95 -1117.51
3027.34 -1118.46
3028.74 -1119.41
3030.13 -1120.35
3031.52 -1121.3
3032.92 -1122.25
3034.31 -1123.2
3035.7 -1124.14
3037.09 -1125.09
3038.49 -1126.04
3039.88 -1126.98
3041.27 -1127.93
3042.67 -1128.88
3044.06 -1129.82
3045.45 -1130.77
3046.84 -1131.72
3048.24 -1132.67
3049.63 -1133.61
3051.02 -1134.56
3052.42 -1135.51
3053.81 -1136.45
3055.2 -1137.4
3056.59 -1138.35
3057.99 -1139.29
3059.38 -1140.24
3060.77 -1141.19
3062.16 -1142.14
3063.56 -1143.08
3064.95 -1144.03
3066.34 -1144.98
3067.74 -1145.92
3069.13 -1146.87
3070.52 -1147.82
3071.91 -1148.77
3073.31 -1149.71
3074.7 -1150.66
3076.09 -1151.61
3077.49 -1152.55
3078.88 -1153.5
3080.27 -1154.45
3081.66 -1155.39
3083.06 -1156.34
3084.45 -1157.29
3085.84 -1158.24
3087.24 -1159.18
3088.63 -1160.13
3090.02 -1161.08
3091.41 -1162.02
3092.81 -1162.97
3094.2 -1163.92
3095.59 -1164.86
3096.99 -1165.81
3098.38 -1166.76
3099.77 -1167.71
3101.16 -1168.65
3102.56 -1169.6
3103.95 -1170.55
3105.34 -1171.49
3106.74 -1172.44
3108.13 -1173.39
3109.52 -1174.33
3110.91 -1175.28
3112.31 -1176.23
3113.7 -1177.18
3115.09 -1178.12
3116.48 -1179.07
3117.88 -1180.02
3119.27 -1180.96
3120.66 -1181.91
3122.06 -1182.86
3123.45 -1183.8
3124.84 -1184.75
3126.23 -1185.7
3127.63 -1186.65
3129.02 -1187.59
3130.41 -1188.54
3131.81 -1189.49
3133.2 -1190.43
3134.59 -1191.38
3135.98 -1192.33
3137.38 -1193.28
3138.77 -1194.22
3140.16 -1195.17
3141.56 -1196.12
3142.95 -1197.06
3144.34 -1198.01
3145.73 -1198.96
3147.13 -1199.9
3148.52 -1200.85
3149.91 -1201.8
3151.31 -1202.75
3152.7 -1203.69
3154.09 -1204.64
3155.48 -1205.59
3156.88 -1206.53
3158.27 -1207.48
3159.66 -1208.43
3161.06 -1209.37
3162.45 -1210.32
3163.84 -1211.27
3165.23 -1212.22
3166.63 -1213.16
3168.02 -1214.11
3169.41 -1215.06
3170.8 -1216
3172.2 -1216.95
3173.59 -1217.9
3174.98 -1218.84
3176.38 -1219.79
3177.77 -1220.74
3179.16 -1221.69
