250 -600
251.527 -599.288
253.053 -598.576
254.58 -597.865
256.106 -597.153
257.633 -596.441
259.159 -595.729
260.686 -595.017
262.212 -594.306
263.739 -593.594
265.265 -592.882
266.792 -592.17
268.318 -591.458
269.845 -590.747
271.371 -590.035
272.898 -589.323
274.424 -588.611
275.951 -587.899
277.477 -587.188
279.004 -586.476
280.531 -585.764
282.057 -585.052
283.584 -584.341
285.11 -583.629
286.637 -582.917
288.163 -582.205
289.69 -581.493
291.216 -580.782
292.743 -580.07
294.27 -579.358
295.796 -578.646
297.323 -577.934
298.849 -577.223
300.376 -576.511
301.902 -575.799
303.429 -575.087
304.956 -574.375
306.482 -573.664
308.009 -572.952
309.535 -572.24
311.062 -571.528
312.588 -570.817
314.115 -570.105
315.642 -569.393
317.168 -568.681
318.695 -567.97
320.221 -567.258
321.748 -566.546
323.275 -565.835
324.801 -565.123
326.328 -564.411
327.855 -563.699
329.381 -562.988
330.908 -562.276
332.434 -561.564
333.961 -560.852
335.488 -560.141
337.014 -559.429
338.541 -558.717
340.068 -558.005
341.594 -557.294
343.121 -556.582
344.648 -555.87
346.174 -555.159
347.701 -554.447
349.227 -553.735
350.754 -553.023
352.281 -552.312
353.807 -551.6
355.334 -550.888
356.861 -550.177
358.388 -549.465
359.914 -548.753
361.441 -548.042
362.968 -547.33
364.494 -546.618
366.021 -545.907
367.548 -545.195
369.074 -544.483
370.601 -543.772
372.128 -543.06
373.654 -542.348
375.181 -541.637
376.708 -540.925
378.235 -540.213
379.761 -539.502
381.288 -538.79
382.815 -538.079
384.342 -537.367
385.868 -536.655
387.395 -535.944
388.922 -535.232
390.449 -534.521
391.975 -533.809
393.502 -533.097
395.029 -532.386
396.556 -531.674
398.082 -530.962
399.609 -530.251
401.136 -529.539
402.663 -528.828
404.19 -528.116
405.716 -527.404
407.243 -526.693
408.77 -525.981
410.297 -525.27
411.824 -524.558
413.35 -523.847
414.877 -523.135
416.404 -522.424
417.931 -521.712
419.458 -521
420.985 -520.289
422.511 -519.577
424.038 -518.866
425.565 -518.154
427.092 -517.443
428.619 -516.731
430.146 -516.02
431.673 -515.308
433.199 -514.597
434.726 -513.885
436.253 -513.174
437.78 -512.462
439.307 -511.751
440.834 -511.039
442.361 -510.328
443.888 -509.616
445.415 -508.905
446.942 -508.193
448.469 -507.482
449.996 -506.77
451.523 -506.059
453.049 -505.347
454.576 -504.636
456.103 -503.925
457.63 -503.213
459.157 -502.502
460.684 -501.79
462.211 -501.079
463.738 -500.367
465.265 -499.656
466.792 -498.945
468.319 -498.233
469.846 -497.522
471.374 -496.811
472.901 -496.099
474.428 -495.388
475.955 -494.676
477.482 -493.965
479.009 -493.254
480.536 -492.542
482.063 -491.831
483.59 -491.12
485.117 -490.408
486.644 -489.697
488.171 -488.986
489.699 -488.274
491.226 -487.563
492.753 -486.852
494.28 -486.141
495.807 -485.429
497.334 -484.718
498.861 -484.007
500.389 -483.295
501.916 -482.584
503.443 -481.873
504.97 -481.162
506.497 -480.45
508.025 -479.739
509.552 -479.028
511.079 -478.317
512.606 -477.606
514.134 -476.894
515.661 -476.183
517.188 -475.472
518.716 -474.761
520.243 -474.05
521.77 -473.339
523.297 -472.627
524.825 -471.916
526.352 -471.205
527.879 -470.494
529.407 -469.783
530.934 -469.072
532.462 -468.361
533.989 -467.65
535.516 -466.939
537.044 -466.228
538.571 -465.516
540.099 -464.805
541.626 -464.094
543.154 -463.383
544.681 -462.672
546.208 -461.961
547.736 -461.25
549.263 -460.539
550.791 -459.828
552.318 -459.117
553.846 -458.406
555.373 -457.695
556.901 -456.984
558.429 -456.273
559.956 -455.563
561.484 -454.852
563.011 -454.141
564.539 -453.43
566.067 -452.719
567.594 -452.008
569.122 -451.297
570.65 -450.586
572.177 -449.876
573.705 -449.165
575.233 -448.454
576.76 -447.743
578.288 -447.032
579.816 -446.322
581.344 -445.611
582.871 -444.9
584.399 -444.189
585.927 -443.478
587.455 -442.768
588.983 -442.057
590.51 -441.346
592.038 -440.636
593.566 -439.925
595.094 -439.214
596.622 -438.504
598.15 -437.793
599.678 -437.082
601.206 -436.372
602.734 -435.661
604.262 -434.951
605.79 -434.24
607.318 -433.53
608.846 -432.819
610.374 -432.108
611.902 -431.398
613.43 -430.688
614.958 -429.977
616.486 -429.267
618.015 -428.556
619.543 -427.846
621.071 -427.135
622.599 -426.425
624.127 -425.715
625.656 -425.004
627.184 -424.294
628.712 -423.583
630.24 -422.873
631.769 -422.163
633.297 -421.453
634.825 -420.742
636.354 -420.032
637.882 -419.322
639.411 -418.612
640.939 -417.901
642.468 -417.191
643.996 -416.481
645.525 -415.771
647.053 -415.061
648.582 -414.351
650.11 -413.641
651.639 -412.93
653.167 -412.22
654.696 -411.51
656.225 -410.8
657.753 -410.09
659.282 -409.38
660.811 -408.67
662.339 -407.96
663.868 -407.25
665.397 -406.541
666.926 -405.831
668.455 -405.121
669.984 -404.411
671.512 -403.701
673.041 -402.991
674.57 -402.282
676.099 -401.572
677.628 -400.862
679.157 -400.152
680.686 -399.443
682.215 -398.733
683.745 -398.023
685.274 -397.314
686.803 -396.604
688.332 -395.895
689.861 -395.185
691.391 -394.476
692.92 -393.766
694.449 -393.057
695.978 -392.347
697.508 -391.638
699.037 -390.928
700.567 -390.219
702.096 -389.51
703.626 -388.8
705.155 -388.091
706.685 -387.382
708.214 -386.673
709.744 -385.963
711.274 -385.254
712.803 -384.545
714.333 -383.836
715.863 -383.127
717.392 -382.418
718.922 -381.709
720.452 -381
721.982 -380.291
723.512 -379.582
725.042 -378.873
726.572 -378.164
728.102 -377.455
729.632 -376.746
731.162 -376.037
732.692 -375.329
734.222 -374.62
735.753 -373.911
737.283 -373.203
738.813 -372.494
740.344 -371.785
741.874 -371.077
743.404 -370.368
744.935 -369.66
746.465 -368.951
747.996 -368.243
749.526 -367.534
751.057 -366.826
752.588 -366.118
754.118 -365.41
755.649 -364.701
757.18 -363.993
758.711 -363.285
760.242 -362.577
761.773 -361.869
763.304 -361.161
764.835 -360.453
766.366 -359.745
767.897 -359.037
769.428 -358.329
770.959 -357.621
772.49 -356.913
774.022 -356.205
775.553 -355.498
777.084 -354.79
778.616 -354.082
780.147 -353.375
781.679 -352.667
783.211 -351.96
784.742 -351.252
786.274 -350.545
787.806 -349.837
789.338 -349.13
790.869 -348.423
792.401 -347.716
793.933 -347.008
795.465 -346.301
796.997 -345.594
798.53 -344.887
800.062 -344.18
801.594 -343.473
803.127 -342.766
804.659 -342.059
806.191 -341.353
807.724 -340.646
809.257 -339.939
810.789 -339.233
812.322 -338.526
813.855 -337.819
815.388 -337.113
816.92 -336.407
818.453 -335.7
819.986 -334.994
821.519 -334.288
823.053 -333.582
824.586 -332.875
826.119 -332.169
827.653 -331.463
829.186 -330.757
830.719 -330.051
832.253 -329.346
833.787 -328.64
835.32 -327.934
836.854 -327.228
838.388 -326.523
839.922 -325.817
841.456 -325.112
842.99 -324.407
844.524 -323.701
846.059 -322.996
847.593 -322.291
849.127 -321.586
850.662 -320.881
852.196 -320.176
853.731 -319.471
855.266 -318.766
856.801 -318.061
858.336 -317.356
859.871 -316.652
861.406 -315.947
862.941 -315.243
864.476 -314.538
866.011 -313.834
867.547 -313.13
869.082 -312.426
870.618 -311.722
872.154 -311.018
873.69 -310.314
875.226 -309.61
876.762 -308.906
878.298 -308.202
879.834 -307.499
881.37 -306.795
882.906 -306.092
884.443 -305.389
885.979 -304.685
887.516 -303.982
889.053 -303.279
890.59 -302.576
892.127 -301.873
893.664 -301.17
895.201 -300.468
896.738 -299.765
898.276 -299.063
899.813 -298.36
901.351 -297.658
902.889 -296.956
904.427 -296.253
905.965 -295.551
907.503 -294.849
909.041 -294.148
910.579 -293.446
912.118 -292.744
913.656 -292.043
915.195 -291.341
916.734 -290.64
918.273 -289.939
919.812 -289.238
921.351 -288.537
922.89 -287.836
924.43 -287.135
925.969 -286.434
927.509 -285.734
929.049 -285.033
930.589 -284.333
932.129 -283.633
933.669 -282.933
935.21 -282.233
936.75 -281.533
938.291 -280.833
939.832 -280.134
941.373 -279.434
942.914 -278.735
944.455 -278.036
945.996 -277.337
947.538 -276.638
949.08 -275.939
950.621 -275.24
952.163 -274.542
953.706 -273.843
955.248 -273.145
956.79 -272.447
958.333 -271.749
959.876 -271.051
961.419 -270.353
962.962 -269.656
964.505 -268.958
966.049 -268.261
967.592 -267.564
969.136 -266.867
970.68 -266.17
972.224 -265.474
973.768 -264.777
975.313 -264.081
976.857 -263.385
978.402 -262.689
979.947 -261.993
981.493 -261.297
983.038 -260.602
984.584 -259.906
986.129 -259.211
987.675 -258.516
989.221 -257.821
990.768 -257.126
992.314 -256.432
993.861 -255.738
995.408 -255.043
996.955 -254.349
998.503 -253.656
1000.05 -252.962
1001.6 -252.269
1003.15 -251.575
1004.69 -250.882
1006.24 -250.189
1007.79 -249.497
1009.34 -248.804
1010.89 -248.112
1012.44 -247.42
1013.99 -246.728
1015.54 -246.037
1017.09 -245.345
1018.64 -244.654
1020.19 -243.963
1021.74 -243.272
1023.29 -242.581
1024.84 -241.891
1026.39 -241.201
1027.94 -240.511
1029.5 -239.821
1031.05 -239.132
1032.6 -238.443
1034.15 -237.753
1035.71 -237.065
1037.26 -236.376
1038.81 -235.688
1040.37 -235
1041.92 -234.312
1043.48 -233.624
1045.03 -232.937
1046.58 -232.25
1048.14 -231.563
1049.7 -230.877
1051.25 -230.19
1052.81 -229.504
1054.36 -228.818
1055.92 -228.133
1057.48 -227.448
1059.03 -226.763
1060.59 -226.078
1062.15 -225.394
1063.71 -224.709
1065.26 -224.026
1066.82 -223.342
1068.38 -222.659
1069.94 -221.976
1071.5 -221.293
1073.06 -220.611
1074.62 -219.929
1076.18 -219.247
1077.74 -218.565
1079.3 -217.884
1080.87 -217.203
1082.43 -216.523
1083.99 -215.843
1085.55 -215.163
1087.12 -214.483
1088.68 -213.804
1090.24 -213.125
1091.81 -212.447
1093.37 -211.768
1094.94 -211.091
1096.5 -210.413
1098.07 -209.736
1099.63 -209.059
1101.2 -208.383
1102.77 -207.707
1104.33 -207.031
1105.9 -206.356
1107.47 -205.681
1109.04 -205.006
1110.61 -204.332
1112.17 -203.658
1113.74 -202.985
1115.31 -202.312
1116.88 -201.639
1118.46 -200.967
1120.03 -200.295
1121.6 -199.624
1123.17 -198.953
1124.74 -198.283
1126.32 -197.613
1127.89 -196.943
1129.46 -196.274
1131.04 -195.605
1132.61 -194.937
1134.19 -194.269
1135.76 -193.601
1137.34 -192.934
1138.92 -192.268
1140.49 -191.602
1142.07 -190.936
1143.65 -190.271
1145.23 -189.607
1146.81 -188.943
1148.39 -188.279
1149.97 -187.616
1151.55 -186.953
1153.13 -186.291
1154.71 -185.63
1156.29 -184.969
1157.88 -184.308
1159.46 -183.648
1161.04 -182.989
1162.63 -182.33
1164.21 -181.671
1165.8 -181.014
1167.38 -180.356
1168.97 -179.7
1170.56 -179.044
1172.15 -178.388
1173.73 -177.733
1175.32 -177.079
1176.91 -176.425
1178.5 -175.772
1180.09 -175.12
1181.69 -174.468
1183.28 -173.817
1184.87 -173.166
1186.46 -172.516
1188.06 -171.867
1189.65 -171.218
1191.25 -170.57
1192.84 -169.923
1194.44 -169.276
1196.04 -168.63
1197.63 -167.985
1199.23 -167.34
1200.83 -166.696
1202.43 -166.053
1204.03 -165.41
1205.63 -164.769
1207.24 -164.128
1208.84 -163.487
1210.44 -162.848
1212.05 -162.209
1213.65 -161.571
1215.26 -160.934
1216.86 -160.297
1218.47 -159.662
1220.08 -159.027
1221.69 -158.393
1223.3 -157.76
1224.91 -157.127
1226.52 -156.496
1228.13 -155.865
1229.74 -155.235
1231.35 -154.606
1232.97 -153.978
1234.58 -153.351
1236.2 -152.724
1237.81 -152.099
1239.43 -151.474
1241.05 -150.85
1242.67 -150.228
1244.29 -149.606
1245.91 -148.985
1247.53 -148.365
1249.15 -147.746
1250.78 -147.129
1252.4 -146.512
1254.03 -145.896
1255.65 -145.281
1257.28 -144.667
1258.91 -144.054
1260.54 -143.442
1262.16 -142.831
1263.8 -142.222
1265.43 -141.613
1267.06 -141.006
1268.69 -140.399
1270.33 -139.794
1271.96 -139.19
1273.6 -138.587
1275.24 -137.985
1276.87 -137.384
1278.51 -136.785
1280.15 -136.186
1281.79 -135.589
1283.44 -134.993
1285.08 -134.399
1286.72 -133.805
1288.37 -133.213
1290.02 -132.622
1291.66 -132.032
1293.31 -131.444
1294.96 -130.857
1296.61 -130.271
1298.26 -129.687
1299.92 -129.104
1301.57 -128.522
1303.23 -127.942
1304.88 -127.363
1306.54 -126.785
1308.2 -126.209
1309.86 -125.635
1311.52 -125.062
1313.18 -124.49
1314.84 -123.92
1316.51 -123.351
1318.17 -122.784
1319.84 -122.218
1321.51 -121.654
1323.17 -121.092
1324.85 -120.531
1326.52 -119.971
1328.19 -119.414
1329.86 -118.858
1331.54 -118.303
1333.21 -117.75
1334.89 -117.199
1336.57 -116.65
1338.25 -116.102
1339.93 -115.557
1341.61 -115.012
1343.3 -114.47
1344.98 -113.93
1346.67 -113.391
1348.36 -112.854
1350.05 -112.319
1351.74 -111.786
1353.43 -111.255
1355.12 -110.725
1356.82 -110.198
1358.51 -109.672
1360.21 -109.149
1361.91 -108.628
1363.61 -108.108
1365.31 -107.591
1367.01 -107.075
1368.71 -106.562
1370.42 -106.051
1372.13 -105.542
1373.84 -105.035
1375.54 -104.53
1377.26 -104.028
1378.97 -103.527
1380.68 -103.029
1382.4 -102.533
1384.11 -102.04
1385.83 -101.548
1387.55 -101.06
1389.27 -100.573
1390.99 -100.089
1392.72 -99.6069
1394.44 -99.1274
1396.17 -98.6505
1397.9 -98.176
1399.63 -97.7039
1401.36 -97.2344
1403.09 -96.7675
1404.83 -96.3031
1406.56 -95.8413
1408.3 -95.3821
1410.04 -94.9255
1411.78 -94.4716
1413.52 -94.0204
1415.26 -93.5719
1417.01 -93.1262
1418.76 -92.6832
1420.5 -92.243
1422.25 -91.8056
1424 -91.3711
1425.76 -90.9395
1427.51 -90.5107
1429.26 -90.0849
1431.02 -89.662
1432.78 -89.2421
1434.54 -88.8252
1436.3 -88.4114
1438.06 -88.0006
1439.83 -87.5929
1441.59 -87.1883
1443.36 -86.7868
1445.13 -86.3886
1446.9 -85.9935
1448.67 -85.6016
1450.45 -85.213
1452.22 -84.8277
1454 -84.4457
1455.78 -84.067
1457.56 -83.6917
1459.34 -83.3198
1461.12 -82.9513
1462.9 -82.5863
1464.69 -82.2247
1466.48 -81.8667
1468.27 -81.5122
1470.05 -81.1612
1471.85 -80.8138
1473.64 -80.4701
1475.43 -80.13
1477.23 -79.7935
1479.03 -79.4608
1480.82 -79.1318
1482.62 -78.8066
1484.43 -78.4851
1486.23 -78.1675
1488.03 -77.8537
1489.84 -77.5438
1491.65 -77.2377
1493.45 -76.9356
1495.26 -76.6375
1497.08 -76.3433
1498.89 -76.0531
1500.7 -75.767
1502.52 -75.4849
1504.33 -75.2069
1506.15 -74.9331
1507.97 -74.6633
1509.79 -74.3977
1511.61 -74.1364
1513.43 -73.8792
1515.26 -73.6263
1517.08 -73.3776
1518.91 -73.1333
1520.73 -72.8932
1522.56 -72.6575
1524.39 -72.4262
1526.22 -72.1992
1528.06 -71.9767
1529.89 -71.7586
1531.72 -71.5449
1533.56 -71.3358
1535.39 -71.1311
1537.23 -70.931
1539.07 -70.7354
1540.91 -70.5444
1542.75 -70.358
1544.59 -70.1762
1546.43 -69.999
1548.27 -69.8265
1550.12 -69.6586
1551.96 -69.4955
1553.81 -69.337
1555.65 -69.1833
1557.5 -69.0343
1559.35 -68.89
1561.2 -68.7506
1563.05 -68.6159
1564.9 -68.4861
1566.75 -68.361
1568.6 -68.2408
1570.45 -68.1255
1572.3 -68.015
1574.15 -67.9094
1576.01 -67.8087
1577.86 -67.713
1579.72 -67.6221
1581.57 -67.5361
1583.43 -67.4551
1585.28 -67.3791
1587.14 -67.308
1589 -67.2418
1590.85 -67.1806
1592.71 -67.1245
1594.57 -67.0733
1596.43 -67.0271
1598.29 -66.9859
1600.14 -66.9497
1602 -66.9185
1603.86 -66.8924
1605.72 -66.8712
1607.58 -66.8551
1609.44 -66.844
1611.3 -66.8379
1613.16 -66.8369
1615.02 -66.8408
1616.87 -66.8496
1618.73 -66.8636
1620.59 -66.8825
1622.45 -66.9065
1624.31 -66.9355
1626.17 -66.9695
1628.03 -67.0085
1629.89 -67.0525
1631.74 -67.1015
1633.6 -67.1555
1635.46 -67.2146
1637.32 -67.2786
1639.17 -67.3475
1641.03 -67.4215
1642.88 -67.5004
1644.74 -67.5843
1646.6 -67.6731
1648.45 -67.7668
1650.3 -67.8655
1652.16 -67.969
1654.01 -68.0775
1655.86 -68.1909
1657.71 -68.3091
1659.57 -68.4322
1661.42 -68.5601
1663.27 -68.6929
1665.12 -68.8304
1666.96 -68.9728
1668.81 -69.12
1670.66 -69.2719
1672.5 -69.4286
1674.35 -69.59
1676.19 -69.7561
1678.04 -69.9269
1679.88 -70.1024
1681.72 -70.2826
1683.56 -70.4674
1685.4 -70.6568
1687.24 -70.8508
1689.08 -71.0494
1690.92 -71.2525
1692.75 -71.4602
1694.59 -71.6724
1696.42 -71.8891
1698.26 -72.1103
1700.09 -72.3359
1701.92 -72.5659
1703.75 -72.8003
1705.58 -73.0391
1707.4 -73.2822
1709.23 -73.5297
1711.05 -73.7815
1712.88 -74.0375
1714.7 -74.2978
1716.52 -74.5623
1718.34 -74.8311
1720.16 -75.104
1721.98 -75.381
1723.79 -75.6622
1725.61 -75.9474
1727.42 -76.2368
1729.23 -76.5302
1731.04 -76.8275
1732.85 -77.1289
1734.66 -77.4343
1736.47 -77.7435
1738.27 -78.0567
1740.08 -78.3738
1741.88 -78.6947
1743.68 -79.0194
1745.48 -79.3479
1747.28 -79.6802
1749.07 -80.0162
1750.87 -80.356
1752.66 -80.6994
1754.46 -81.0465
1756.25 -81.3972
1758.04 -81.7515
1759.82 -82.1094
1761.61 -82.4708
1763.4 -82.8357
1765.18 -83.2041
1766.96 -83.576
1768.74 -83.9513
1770.52 -84.33
1772.3 -84.7121
1774.08 -85.0975
1775.85 -85.4862
1777.62 -85.8782
1779.39 -86.2735
1781.16 -86.672
1782.93 -87.0737
1784.7 -87.4786
1786.47 -87.8867
1788.23 -88.2978
1789.99 -88.7121
1791.75 -89.1294
1793.51 -89.5498
1795.27 -89.9732
1797.03 -90.3995
1798.78 -90.8288
1800.53 -91.2611
1802.29 -91.6962
1804.04 -92.1343
1805.78 -92.5751
1807.53 -93.0189
1809.28 -93.4654
1811.02 -93.9146
1812.76 -94.3666
1814.5 -94.8214
1816.24 -95.2788
1817.98 -95.7389
1819.72 -96.2016
1821.45 -96.667
1823.19 -97.1349
1824.92 -97.6055
1826.65 -98.0785
1828.38 -98.5541
1830.11 -99.0322
1831.83 -99.5127
1833.56 -99.9957
1835.28 -99.5155
1837.01 -99.0378
1838.73 -98.5625
1840.46 -98.0897
1842.19 -97.6194
1843.93 -97.1517
1845.66 -96.6864
1847.39 -96.2237
1849.13 -95.7637
1850.87 -95.3062
1852.61 -94.8514
1854.35 -94.3993
1856.09 -93.9498
1857.83 -93.5031
1859.58 -93.0592
1861.33 -92.618
1863.07 -92.1796
1864.82 -91.744
1866.58 -91.3113
1868.33 -90.8814
1870.08 -90.4545
1871.84 -90.0305
1873.6 -89.6095
1875.35 -89.1914
1877.12 -88.7764
1878.88 -88.3643
1880.64 -87.9554
1882.41 -87.5496
1884.17 -87.1468
1885.94 -86.7473
1887.71 -86.3509
1889.48 -85.9577
1891.25 -85.5677
1893.03 -85.181
1894.8 -84.7976
1896.58 -84.4175
1898.36 -84.0407
1900.14 -83.6673
1901.92 -83.2973
1903.7 -82.9307
1905.49 -82.5676
1907.27 -82.208
1909.06 -81.8519
1910.85 -81.4993
1912.64 -81.1503
1914.43 -80.8048
1916.22 -80.463
1918.02 -80.1249
1919.82 -79.7904
1921.61 -79.4596
1923.41 -79.1326
1925.21 -78.8093
1927.01 -78.4898
1928.82 -78.1742
1930.62 -77.8624
1932.43 -77.5544
1934.23 -77.2504
1936.04 -76.9502
1937.85 -76.6541
1939.66 -76.3619
1941.48 -76.0737
1943.29 -75.7895
1945.11 -75.5095
1946.92 -75.2335
1948.74 -74.9616
1950.56 -74.6938
1952.38 -74.4302
1954.2 -74.1709
1956.02 -73.9157
1957.85 -73.6647
1959.67 -73.4181
1961.5 -73.1757
1963.33 -72.9377
1965.16 -72.7039
1966.99 -72.4746
1968.82 -72.2496
1970.65 -72.0291
1972.48 -71.813
1974.32 -71.6013
1976.15 -71.3941
1977.99 -71.1915
1979.82 -70.9933
1981.66 -70.7997
1983.5 -70.6107
1985.34 -70.4262
1987.18 -70.2464
1989.02 -70.0712
1990.87 -69.9006
1992.71 -69.7347
1994.56 -69.5734
1996.4 -69.4169
1998.25 -69.2651
2000.09 -69.1181
2001.94 -68.9758
2003.79 -68.8382
2005.64 -68.7055
2007.49 -68.5775
2009.34 -68.4544
2011.19 -68.3361
2013.04 -68.2227
2014.89 -68.1141
2016.75 -68.0104
2018.6 -67.9115
2020.45 -67.8176
2022.31 -67.7286
2024.16 -67.6445
2026.02 -67.5653
2027.87 -67.491
2029.73 -67.4217
2031.59 -67.3574
2033.44 -67.298
2035.3 -67.2436
2037.16 -67.1942
2039.02 -67.1498
2040.87 -67.1103
2042.73 -67.0759
2044.59 -67.0464
2046.45 -67.022
2048.31 -67.0026
2050.17 -66.9881
2052.03 -66.9787
2053.88 -66.9743
2055.74 -66.9749
2057.6 -66.9806
2059.46 -66.9913
2061.32 -67.0071
2063.18 -67.0278
2065.04 -67.0535
2066.9 -67.0843
2068.75 -67.1201
2070.61 -67.1608
2072.47 -67.2066
2074.33 -67.2573
2076.18 -67.313
2078.04 -67.3737
2079.9 -67.4394
2081.75 -67.51
2083.61 -67.5856
2085.46 -67.6661
2087.32 -67.7516
2089.17 -67.842
2091.03 -67.9373
2092.88 -68.0375
2094.73 -68.1426
2096.59 -68.2526
2098.44 -68.3675
2100.29 -68.4872
2102.14 -68.6117
2103.99 -68.7411
2105.84 -68.8753
2107.69 -69.0143
2109.54 -69.1581
2111.38 -69.3067
2113.23 -69.46
2115.08 -69.618
2116.92 -69.7807
2118.76 -69.9482
2120.61 -69.7855
2122.45 -69.6275
2124.3 -69.4742
2126.14 -69.3256
2127.99 -69.1817
2129.84 -69.0426
2131.69 -68.9083
2133.54 -68.7788
2135.39 -68.654
2137.24 -68.5341
2139.09 -68.419
2140.94 -68.3087
2142.79 -68.2033
2144.64 -68.1028
2146.5 -68.0071
2148.35 -67.9163
2150.21 -67.8304
2152.06 -67.7495
2153.92 -67.6734
2155.77 -67.6023
2157.63 -67.5362
2159.48 -67.4749
2161.34 -67.4187
2163.2 -67.3674
2165.05 -67.321
2166.91 -67.2797
2168.77 -67.2433
2170.63 -67.2119
2172.49 -67.1855
2174.34 -67.1641
2176.2 -67.1476
2178.06 -67.1362
2179.92 -67.1298
2181.78 -67.1284
2183.64 -67.132
2185.49 -67.1406
2187.35 -67.1542
2189.21 -67.1729
2191.07 -67.1965
2192.93 -67.2251
2194.78 -67.2587
2196.64 -67.2973
2198.5 -67.3409
2200.36 -67.3895
2202.21 -67.443
2204.07 -67.5015
2205.93 -67.5649
2207.78 -67.6333
2209.64 -67.7067
2211.49 -67.785
2213.35 -67.8682
2215.2 -67.9563
2217.06 -68.0493
2218.91 -68.1473
2220.76 -68.2501
2222.61 -68.3578
2224.47 -68.4703
2226.32 -68.5877
2228.17 -68.71
2230.02 -68.837
2231.87 -68.9689
2233.71 -69.1055
2235.56 -69.247
2237.41 -69.3932
2239.26 -69.5441
2241.1 -69.6998
2242.95 -69.8601
2244.79 -70.0252
2246.63 -69.8649
2248.48 -69.7093
2250.32 -69.5583
2252.17 -69.4121
2254.02 -69.2706
2255.86 -69.1338
2257.71 -69.0019
2259.56 -68.8746
2261.41 -68.7522
2263.26 -68.6346
2265.11 -68.5218
2266.96 -68.4139
2268.82 -68.3107
2270.67 -68.2125
2272.52 -68.1191
2274.38 -68.0306
2276.23 -67.947
2278.08 -67.8683
2279.94 -67.7945
2281.79 -67.7256
2283.65 -67.6617
2285.51 -67.6027
2287.36 -67.5486
2289.22 -67.4995
2291.08 -67.4553
2292.93 -67.4161
2294.79 -67.3819
2296.65 -67.3527
2298.51 -67.3284
2300.36 -67.3091
2302.22 -67.2948
2304.08 -67.2854
2305.94 -67.2811
2307.8 -67.2817
2309.65 -67.2874
2311.51 -67.2981
2313.37 -67.3138
2315.23 -67.3345
2317.08 -67.3602
2318.94 -67.3908
2320.8 -67.4264
2322.66 -67.467
2324.51 -67.5126
2326.37 -67.5631
2328.23 -67.6185
2330.08 -67.6789
2331.94 -67.7443
2333.79 -67.8146
2335.65 -67.8898
2337.5 -67.9699
2339.36 -68.055
2341.21 -68.1449
2343.07 -68.2398
2344.92 -68.3395
2346.77 -68.4441
2348.62 -68.5535
2350.47 -68.6678
2352.32 -68.7869
2354.17 -68.9108
2356.02 -69.0395
2357.87 -69.173
2359.72 -69.3113
2361.57 -69.4544
2363.41 -69.6022
2365.26 -69.7547
2367.1 -69.9119
2368.95 -70.0738
2370.79 -70.2404
2372.63 -70.4116
2374.47 -70.5875
2376.31 -70.768
2378.15 -70.9531
2379.99 -71.1428
2381.83 -71.337
2383.67 -71.5357
2385.5 -71.739
2387.34 -71.9468
2389.17 -72.159
2391 -72.3757
2392.84 -72.5969
2394.67 -72.8224
2396.5 -73.0523
2398.32 -73.2866
2400.15 -73.5252
2401.98 -73.7681
2403.8 -74.0154
2405.63 -74.2668
2407.45 -74.5226
2409.27 -74.7825
2411.09 -75.0466
2412.91 -75.3149
2414.73 -75.5873
2416.54 -75.8639
2418.36 -76.1445
2420.17 -76.4292
2421.98 -76.7179
2423.79 -77.0106
2425.6 -77.3074
2427.41 -77.608
2429.22 -77.9126
2431.03 -78.2211
2432.83 -78.5335
2434.63 -78.8497
2436.43 -79.1697
2438.23 -79.4936
2440.03 -79.8212
2441.83 -80.1525
2443.63 -80.4875
2445.42 -80.8262
2447.21 -81.1686
2449.01 -81.5146
2450.8 -81.8642
2452.58 -82.2174
2454.37 -82.5741
2456.16 -82.9343
2457.94 -83.298
2459.73 -83.6652
2461.51 -84.0358
2463.29 -84.4098
2465.07 -84.7872
2466.84 -85.1679
2468.62 -85.552
2470.39 -85.9393
2472.16 -86.3299
2473.93 -86.7237
2475.7 -87.1208
2477.47 -87.521
2479.24 -87.9244
2481 -88.3309
2482.77 -88.7405
2484.53 -89.1532
2486.29 -89.569
2488.05 -89.9877
2489.81 -90.4094
2491.56 -90.8342
2493.32 -91.2618
2495.07 -91.6924
2496.82 -92.1258
2498.57 -92.5621
2500.32 -93.0012
2502.06 -93.4432
2503.81 -93.8879
2505.55 -94.3354
2507.3 -94.7856
2509.04 -95.2385
2510.78 -95.694
2512.51 -96.1523
2514.25 -96.6131
2515.98 -97.0766
2517.72 -97.5426
2519.45 -98.0112
2521.18 -98.4824
2522.91 -98.956
2524.64 -99.4321
2526.36 -99.9107
2528.09 -100.392
2529.81 -100.875
2531.53 -101.361
2533.25 -101.849
2534.97 -102.339
2536.69 -102.832
2538.4 -103.327
2540.12 -103.825
2541.83 -104.324
2543.54 -104.826
2545.25 -105.33
2546.96 -105.836
2548.67 -106.345
2550.37 -106.855
2552.08 -107.368
2553.78 -107.882
2555.48 -108.399
2557.18 -108.918
2558.88 -109.439
2560.58 -109.962
2562.28 -110.487
2563.97 -111.013
2565.66 -111.542
2567.36 -112.073
2569.05 -112.605
2570.74 -113.14
2572.42 -113.676
2574.11 -114.215
2575.8 -114.755
2577.48 -115.296
2579.16 -115.84
2580.85 -116.385
2582.53 -116.933
2584.21 -117.481
2585.88 -118.032
2587.56 -118.584
2589.24 -119.138
2590.91 -119.694
2592.58 -120.251
2594.26 -120.81
2595.93 -121.371
2597.6 -121.933
2599.26 -122.497
2600.93 -123.062
2602.6 -123.629
2604.26 -124.197
2605.92 -124.767
2607.59 -125.339
2609.25 -125.911
2610.91 -126.486
2612.57 -127.062
2614.22 -127.639
2615.88 -128.217
2617.54 -128.797
2619.19 -129.379
2620.84 -129.962
2622.5 -130.546
2624.15 -131.131
2625.8 -131.718
2627.45 -132.306
2629.09 -132.896
2630.74 -133.487
2632.39 -134.079
2634.03 -134.672
2635.67 -135.267
2637.32 -135.862
2638.96 -136.459
2640.6 -137.058
2642.24 -137.657
2643.88 -138.258
2645.52 -138.859
2647.15 -139.462
2648.79 -140.066
2650.42 -140.672
2652.06 -141.278
2653.69 -141.885
2655.32 -142.494
2656.95 -143.104
2658.58 -143.714
2660.21 -144.326
2661.84 -144.939
2663.46 -145.553
2665.09 -146.168
2666.72 -146.784
2668.34 -147.4
2669.96 -148.018
2671.59 -148.637
2673.21 -149.257
2674.83 -149.878
2676.45 -150.5
2678.07 -151.123
2679.69 -151.746
2681.3 -152.371
2682.92 -152.996
2684.54 -153.623
2686.15 -154.25
2687.77 -154.878
2689.38 -155.508
2690.99 -156.138
2692.6 -156.768
2694.22 -157.4
2695.83 -158.033
2697.44 -158.666
2699.04 -159.3
2700.65 -159.935
2702.26 -160.571
2703.87 -161.207
2705.47 -161.845
2707.08 -162.483
2708.68 -163.122
2710.28 -163.761
2711.89 -164.402
2713.49 -165.043
2715.09 -165.685
2716.69 -166.328
2718.29 -166.971
2719.89 -167.615
2721.49 -168.26
2723.09 -168.905
2724.68 -169.552
2726.28 -170.199
2727.88 -170.846
2729.47 -171.494
2731.07 -172.143
2732.66 -172.793
2734.25 -173.443
2735.85 -174.094
2737.44 -174.745
2739.03 -175.397
2740.62 -176.05
2742.21 -176.703
2743.8 -177.357
2745.39 -178.012
2746.98 -178.667
2748.57 -179.323
2750.16 -179.979
2751.74 -180.636
2753.33 -181.294
2754.91 -181.952
2756.5 -182.61
2758.08 -183.269
2759.67 -183.929
2761.25 -184.589
2762.83 -185.25
2764.42 -185.912
2766 -186.573
2767.58 -187.236
2769.16 -187.899
2770.74 -188.562
2772.32 -189.226
2773.9 -189.89
2775.48 -190.555
2777.06 -191.221
2778.63 -191.886
2780.21 -192.553
2781.79 -193.22
2783.36 -193.887
2784.94 -194.555
2786.51 -195.223
2788.09 -195.891
2789.66 -196.561
2791.24 -197.23
2792.81 -197.9
2794.38 -198.571
2795.96 -199.241
2797.53 -199.913
2799.1 -200.584
2800.67 -201.256
2802.24 -201.929
2803.81 -202.602
2805.38 -203.275
2806.95 -203.949
2808.52 -204.623
2810.09 -205.298
2811.66 -205.973
2813.23 -206.648
2814.79 -207.324
2816.36 -208
2817.93 -208.676
2819.49 -209.353
2821.06 -210.03
2822.62 -210.708
2824.19 -211.385
2825.75 -212.064
2827.32 -212.742
2828.88 -213.421
2830.45 -214.1
2832.01 -214.78
2833.57 -215.46
2835.14 -216.14
2836.7 -216.821
2838.26 -217.502
2839.82 -218.183
2841.38 -218.864
2842.94 -219.546
2844.5 -220.229
2846.06 -220.911
2847.62 -221.594
2849.18 -222.277
2850.74 -222.96
2852.3 -223.644
2853.86 -224.328
2855.42 -225.012
2856.98 -225.697
2858.53 -226.382
2860.09 -227.067
2861.65 -227.752
2863.21 -228.438
2864.76 -229.124
2866.32 -229.81
2867.87 -230.496
2869.43 -231.183
2870.98 -231.87
2872.54 -232.557
2874.09 -233.245
2875.65 -233.933
2877.2 -234.621
2878.76 -235.309
2880.31 -235.998
2881.86 -236.686
2883.42 -237.375
2884.97 -238.065
2886.52 -238.754
2888.07 -239.444
2889.63 -240.134
2891.18 -240.824
2892.73 -241.514
2894.28 -242.205
2895.83 -242.896
2897.38 -243.587
2898.93 -244.278
2900.48 -244.969
2902.03 -245.661
2903.58 -246.353
2905.13 -247.045
2906.68 -247.737
2908.23 -248.43
2909.78 -249.123
2911.33 -249.816
2912.88 -250.509
2914.43 -251.202
2915.97 -251.896
2917.52 -252.589
2919.07 -253.283
2920.62 -253.977
2922.16 -254.671
2923.71 -255.366
2925.26 -256.061
2926.8 -256.755
2928.35 -257.45
2929.9 -258.145
2931.44 -258.841
2932.99 -259.536
2934.53 -260.232
2936.08 -260.928
2937.63 -261.624
2939.17 -262.32
2940.72 -263.016
2942.26 -263.713
2943.8 -264.41
2945.35 -265.106
2946.89 -265.803
2948.44 -266.501
2949.98 -267.198
2951.52 -267.895
2953.07 -268.593
2954.61 -269.291
2956.15 -269.989
2957.7 -270.687
2959.24 -271.385
2960.78 -272.083
2962.33 -272.782
2963.87 -273.48
2965.41 -274.179
2966.95 -274.878
2968.49 -275.577
2970.04 -276.276
2971.58 -276.975
2973.12 -277.675
2974.66 -278.374
2976.2 -279.074
2977.74 -279.774
2979.28 -280.474
2980.82 -281.174
2982.36 -281.874
2983.9 -282.574
2985.44 -283.275
2986.98 -283.975
2988.52 -284.676
2990.06 -285.377
2991.6 -286.078
2993.14 -286.779
2994.68 -287.48
2996.22 -288.181
2997.76 -288.883
2999.3 -289.584
3000.84 -290.286
3002.38 -290.987
3003.92 -291.689
3005.45 -292.391
3006.99 -293.093
3008.53 -293.795
3010.07 -294.498
3011.61 -295.2
3013.15 -295.902
3014.68 -296.605
3016.22 -297.308
3017.76 -298.01
3019.3 -298.713
3020.83 -299.416
3022.37 -300.119
3023.91 -300.822
3025.44 -301.526
3026.98 -302.229
3028.52 -302.932
3030.05 -303.636
3031.59 -304.339
3033.13 -305.043
3034.66 -305.747
3036.2 -306.451
3037.74 -307.155
3039.27 -307.859
3040.81 -308.563
3042.34 -309.267
3043.88 -309.971
3045.42 -310.676
3046.95 -311.38
3048.49 -312.085
3050.02 -312.789
3051.56 -313.494
3053.09 -314.199
3054.63 -314.903
3056.16 -315.608
3057.7 -316.313
3059.23 -317.018
3060.77 -317.724
3062.3 -318.429
3063.84 -319.134
3065.37 -319.839
3066.91 -320.545
3068.44 -321.25
3069.97 -321.956
3071.51 -322.661
3073.04 -323.367
3074.58 -324.073
3076.11 -324.779
3077.64 -325.485
3079.18 -326.191
3080.71 -326.897
3082.25 -327.603
3083.78 -328.309
3085.31 -329.015
3086.85 -329.722
3088.38 -330.428
3089.91 -331.134
3091.45 -331.841
3092.98 -332.547
3094.51 -333.254
3096.05 -333.961
3097.58 -334.667
3099.11 -335.374
3100.64 -336.081
3102.18 -336.788
3103.71 -337.495
3105.24 -338.202
3106.77 -338.909
3108.31 -339.616
3109.84 -340.323
3111.37 -341.03
3112.9 -341.738
3114.44 -342.445
3115.97 -343.152
3117.5 -343.86
3119.03 -344.567
3120.56 -345.275
3122.1 -345.982
3123.63 -346.69
3125.16 -347.398
3126.69 -348.105
3128.22 -348.813
3129.76 -349.521
3131.29 -350.229
3132.82 -350.937
3134.35 -351.645
3135.88 -352.353
3137.41 -353.061
3138.94 -353.769
3140.48 -354.477
3142.01 -355.185
3143.54 -355.893
3145.07 -356.602
3146.6 -357.31
3148.13 -358.018
3149.66 -358.727
3151.19 -359.435
3152.72 -360.143
3154.25 -360.852
3155.79 -361.561
3157.32 -362.269
3158.85 -362.978
3160.38 -363.686
3161.91 -364.395
3163.44 -365.104
3164.97 -365.813
3166.5 -366.521
3168.03 -367.23
3169.56 -367.939
3171.09 -368.648
3172.62 -369.357
3174.15 -370.066
3175.68 -370.775
3177.21 -371.484
3178.74 -372.193
3180.27 -372.902
3181.8 -373.612
3183.33 -374.321
3184.86 -375.03
3186.39 -375.739
3187.92 -376.449
3189.45 -377.158
3190.98 -377.867
3192.51 -378.577
3194.04 -379.286
3195.57 -379.995
3197.1 -380.705
3198.63 -381.414
3200.16 -382.124
3201.69 -382.834
3203.22 -383.543
3204.75 -384.253
3206.28 -384.962
3207.81 -385.672
3209.34 -386.382
3210.87 -387.092
3212.4 -387.801
3213.92 -388.511
3215.45 -389.221
3216.98 -389.931
3218.51 -390.641
3220.04 -391.351
3221.57 -392.061
3223.1 -392.771
3224.63 -393.481
3226.16 -394.191
3227.69 -394.901
3229.22 -395.611
3230.75 -396.321
3232.27 -397.031
3233.8 -397.741
3235.33 -398.451
3236.86 -399.161
3238.39 -399.871
3239.92 -400.582
3241.45 -401.292
3242.98 -402.002
3244.5 -402.713
3246.03 -403.423
3247.56 -404.133
3249.09 -404.844
3250.62 -405.554
3252.15 -406.264
3253.68 -406.975
3255.2 -407.685
3256.73 -408.396
3258.26 -409.106
3259.79 -409.817
3261.32 -410.527
3262.85 -411.238
3264.38 -411.948
3265.9 -412.659
3267.43 -413.369
3268.96 -414.08
3270.49 -414.791
3272.02 -415.501
3273.55 -416.212
3275.07 -416.923
3276.6 -417.633
3278.13 -418.344
3279.66 -419.055
3281.19 -419.766
3282.71 -420.476
3284.24 -421.187
3285.77 -421.898
3287.3 -422.609
3288.83 -423.32
3290.36 -424.031
3291.88 -424.741
3293.41 -425.452
3294.94 -426.163
3296.47 -426.874
3298 -427.585
3299.52 -428.296
3301.05 -429.007
3302.58 -429.718
3304.11 -430.429
3305.63 -431.14
3307.16 -431.851
3308.69 -432.562
3310.22 -433.273
3311.75 -433.984
3313.27 -434.695
3314.8 -435.407
3316.33 -436.118
3317.86 -436.829
3319.38 -437.54
3320.91 -438.251
3322.44 -438.962
3323.97 -439.673
3325.5 -440.385
3327.02 -441.096
3328.55 -441.807
3330.08 -442.518
3331.61 -443.23
3333.13 -443.941
3334.66 -444.652
3336.19 -445.363
3337.72 -446.075
3339.24 -446.786
3340.77 -447.497
3342.3 -448.209
3343.83 -448.92
3345.35 -449.631
3346.88 -450.343
3348.41 -451.054
3349.94 -451.766
3351.46 -452.477
3352.99 -453.188
3354.52 -453.9
3356.04 -454.611
3357.57 -455.323
3359.1 -456.034
3360.63 -456.746
3362.15 -457.457
3363.68 -458.169
3365.21 -458.88
3366.74 -459.592
3368.26 -460.303
3369.79 -461.015
3371.32 -461.726
3372.85 -462.438
3374.37 -463.149
3375.9 -463.861
3377.43 -464.572
3378.95 -465.284
3380.48 -465.996
3382.01 -466.707
3383.54 -467.419
3385.06 -468.13
3386.59 -468.842
3388.12 -469.554
3389.64 -470.265
3391.17 -470.977
3392.7 -471.689
3394.23 -472.4
3395.75 -473.112
3397.28 -473.824
3398.81 -474.535
3400.33 -475.247
3401.86 -475.959
3403.39 -476.671
3404.92 -477.382
3406.44 -478.094
3407.97 -478.806
3409.5 -479.518
3411.02 -480.229
3412.55 -480.941
3414.08 -481.653
3415.6 -482.365
3417.13 -483.076
3418.66 -483.788
3420.18 -484.5
3421.71 -485.212
3423.24 -485.924
3424.77 -486.635
3426.29 -487.347
3427.82 -488.059
3429.35 -488.771
3430.87 -489.483
3432.4 -490.195
3433.93 -490.907
3435.45 -491.618
3436.98 -492.33
3438.51 -493.042
3440.03 -493.754
3441.56 -494.466
3443.09 -495.178
3444.61 -495.89
3446.14 -496.602
3447.67 -497.314
3449.19 -498.026
3450.72 -498.738
3452.25 -499.449
3453.78 -500.161
3455.3 -500.873
3456.83 -501.585
3458.36 -502.297
3459.88 -503.009
3461.41 -503.721
3462.94 -504.433
3464.46 -505.145
3465.99 -505.857
3467.52 -506.569
3469.04 -507.281
3470.57 -507.993
3472.1 -508.705
3473.62 -509.417
3475.15 -510.129
3476.68 -510.841
3478.2 -511.553
3479.73 -512.265
3481.26 -512.977
3482.78 -513.689
3484.31 -514.401
3485.84 -515.113
3487.36 -515.825
3488.89 -516.537
3490.42 -517.25
3491.94 -517.962
3493.47 -518.674
3494.99 -519.386
3496.52 -520.098
3498.05 -520.81
3499.57 -521.522
3501.1 -522.234
3502.63 -522.946
3504.15 -523.658
3505.68 -524.37
3507.21 -525.083
3508.73 -525.795
3510.26 -526.507
3511.79 -527.219
3513.31 -527.931
3514.84 -528.643
3516.37 -529.355
3517.89 -530.067
3519.42 -530.78
3520.95 -531.492
3522.47 -532.204
3524 -532.916
3525.53 -533.628
3527.05 -534.34
3528.58 -535.053
