250 -600
251.48 -599.196
252.96 -598.393
254.441 -597.589
255.921 -596.785
257.401 -595.981
258.881 -595.178
260.362 -594.374
261.842 -593.57
263.322 -592.767
264.802 -591.963
266.282 -591.159
267.763 -590.356
269.243 -589.552
270.723 -588.749
272.203 -587.945
273.684 -587.141
275.164 -586.338
276.644 -585.534
278.124 -584.73
279.605 -583.927
281.085 -583.123
282.565 -582.319
284.045 -581.516
285.526 -580.712
287.006 -579.908
288.486 -579.105
289.966 -578.301
291.447 -577.497
292.927 -576.694
294.407 -575.89
295.887 -575.086
297.368 -574.283
298.848 -573.479
300.328 -572.676
301.809 -571.872
303.289 -571.068
304.769 -570.265
306.249 -569.461
307.73 -568.657
309.21 -567.854
310.69 -567.05
312.171 -566.246
313.651 -565.443
315.131 -564.639
316.611 -563.835
318.092 -563.032
319.572 -562.228
321.052 -561.425
322.533 -560.621
324.013 -559.817
325.493 -559.014
326.974 -558.21
328.454 -557.407
329.934 -556.603
331.415 -555.799
332.895 -554.996
334.375 -554.192
335.856 -553.389
337.336 -552.585
338.816 -551.782
340.297 -550.978
341.777 -550.174
343.258 -549.371
344.738 -548.567
346.218 -547.764
347.699 -546.96
349.179 -546.156
350.66 -545.353
352.14 -544.549
353.62 -543.746
355.101 -542.942
356.581 -542.138
358.062 -541.335
359.542 -540.531
361.022 -539.728
362.503 -538.924
363.983 -538.121
365.464 -537.317
366.944 -536.514
368.424 -535.71
369.905 -534.907
371.385 -534.103
372.866 -533.3
374.346 -532.496
375.827 -531.693
377.307 -530.889
378.788 -530.086
380.268 -529.282
381.749 -528.479
383.229 -527.675
384.71 -526.871
386.19 -526.068
387.671 -525.264
389.151 -524.461
390.632 -523.657
392.112 -522.854
393.593 -522.051
395.073 -521.247
396.554 -520.444
398.034 -519.64
399.515 -518.837
400.995 -518.033
402.476 -517.23
403.956 -516.426
405.437 -515.623
406.918 -514.819
408.398 -514.016
409.879 -513.212
411.359 -512.409
412.84 -511.605
414.32 -510.802
415.801 -509.999
417.282 -509.195
418.762 -508.392
420.243 -507.588
421.724 -506.785
423.204 -505.982
424.685 -505.178
426.165 -504.375
427.646 -503.571
429.127 -502.768
430.607 -501.965
432.088 -501.161
433.569 -500.358
435.05 -499.554
436.53 -498.751
438.011 -497.948
439.492 -497.144
440.972 -496.341
442.453 -495.538
443.934 -494.734
445.415 -493.931
446.895 -493.128
448.376 -492.324
449.857 -491.521
451.338 -490.718
452.818 -489.914
454.299 -489.111
455.78 -488.308
457.261 -487.504
458.742 -486.701
460.223 -485.898
461.703 -485.095
463.184 -484.291
464.665 -483.488
466.146 -482.685
467.627 -481.882
469.108 -481.078
470.589 -480.275
472.069 -479.472
473.55 -478.669
475.031 -477.865
476.512 -477.062
477.993 -476.259
479.474 -475.456
480.955 -474.653
482.436 -473.849
483.917 -473.046
485.398 -472.243
486.879 -471.44
488.36 -470.637
489.841 -469.834
491.322 -469.03
492.803 -468.227
494.284 -467.424
495.765 -466.621
497.246 -465.818
498.728 -465.015
500.209 -464.212
501.69 -463.409
503.171 -462.605
504.652 -461.802
506.133 -460.999
507.614 -460.196
509.095 -459.393
510.577 -458.59
512.058 -457.787
513.539 -456.984
515.02 -456.181
516.502 -455.378
517.983 -454.575
519.464 -453.772
520.945 -452.969
522.427 -452.166
523.908 -451.363
525.389 -450.56
526.871 -449.757
528.352 -448.954
529.833 -448.151
531.315 -447.348
532.796 -446.546
534.278 -445.743
535.759 -444.94
537.241 -444.137
538.722 -443.334
540.204 -442.531
541.685 -441.728
543.167 -440.925
544.648 -440.123
546.13 -439.32
547.611 -438.517
549.093 -437.714
550.574 -436.911
552.056 -436.109
553.538 -435.306
555.019 -434.503
556.501 -433.7
557.983 -432.898
559.464 -432.095
560.946 -431.292
562.428 -430.49
563.91 -429.687
565.391 -428.884
566.873 -428.082
568.355 -427.279
569.837 -426.476
571.319 -425.674
572.801 -424.871
574.283 -424.069
575.765 -423.266
577.246 -422.463
578.728 -421.661
580.21 -420.858
581.692 -420.056
583.174 -419.253
584.657 -418.451
586.139 -417.648
587.621 -416.846
589.103 -416.044
590.585 -415.241
592.067 -414.439
593.549 -413.636
595.032 -412.834
596.514 -412.032
597.996 -411.229
599.478 -410.427
600.961 -409.625
602.443 -408.822
603.925 -408.02
605.408 -407.218
606.89 -406.416
608.373 -405.613
609.855 -404.811
611.338 -404.009
612.82 -403.207
614.303 -402.405
615.785 -401.602
617.268 -400.8
618.751 -399.998
620.233 -399.196
621.716 -398.394
623.199 -397.592
624.682 -396.79
626.164 -395.988
627.647 -395.186
629.13 -394.384
630.613 -393.582
632.096 -392.78
633.579 -391.978
635.062 -391.176
636.545 -390.375
638.028 -389.573
639.511 -388.771
640.994 -387.969
642.477 -387.167
643.961 -386.366
645.444 -385.564
646.927 -384.762
648.41 -383.961
649.894 -383.159
651.377 -382.357
652.86 -381.556
654.344 -380.754
655.827 -379.953
657.311 -379.151
658.794 -378.35
660.278 -377.548
661.762 -376.747
663.245 -375.945
664.729 -375.144
666.213 -374.343
667.697 -373.541
669.181 -372.74
670.664 -371.939
672.148 -371.137
673.632 -370.336
675.116 -369.535
676.601 -368.734
678.085 -367.933
679.569 -367.132
681.053 -366.331
682.537 -365.53
684.022 -364.729
685.506 -363.928
686.99 -363.127
688.475 -362.326
689.959 -361.525
691.444 -360.724
692.929 -359.923
694.413 -359.123
695.898 -358.322
697.383 -357.521
698.867 -356.72
700.352 -355.92
701.837 -355.119
703.322 -354.319
704.807 -353.518
706.292 -352.718
707.778 -351.917
709.263 -351.117
710.748 -350.316
712.233 -349.516
713.719 -348.716
715.204 -347.915
716.69 -347.115
718.175 -346.315
719.661 -345.515
721.147 -344.715
722.633 -343.915
724.118 -343.115
725.604 -342.315
727.09 -341.515
728.576 -340.715
730.062 -339.915
731.549 -339.115
733.035 -338.316
734.521 -337.516
736.007 -336.716
737.494 -335.917
738.98 -335.117
740.467 -334.317
741.954 -333.518
743.44 -332.719
744.927 -331.919
746.414 -331.12
747.901 -330.321
749.388 -329.521
750.875 -328.722
752.362 -327.923
753.85 -327.124
755.337 -326.325
756.824 -325.526
758.312 -324.727
759.8 -323.928
761.287 -323.13
762.775 -322.331
764.263 -321.532
765.751 -320.734
767.239 -319.935
768.727 -319.137
770.215 -318.338
771.704 -317.54
773.192 -316.742
774.681 -315.943
776.169 -315.145
777.658 -314.347
779.147 -313.549
780.636 -312.751
782.125 -311.953
783.614 -311.155
785.103 -310.357
786.592 -309.56
788.082 -308.762
789.571 -307.965
791.061 -307.167
792.55 -306.37
794.04 -305.572
795.53 -304.775
797.02 -303.978
798.51 -303.181
800.001 -302.384
801.491 -301.587
802.982 -300.79
804.472 -299.993
805.963 -299.196
807.454 -298.4
808.945 -297.603
810.436 -296.806
811.927 -296.01
813.419 -295.214
814.91 -294.417
816.402 -293.621
817.894 -292.825
819.386 -292.029
820.878 -291.233
822.37 -290.438
823.862 -289.642
825.355 -288.846
826.847 -288.051
828.34 -287.255
829.833 -286.46
831.326 -285.665
832.819 -284.87
834.312 -284.075
835.806 -283.28
837.299 -282.485
838.793 -281.69
840.287 -280.895
841.781 -280.101
843.275 -279.307
844.77 -278.512
846.264 -277.718
847.759 -276.924
849.254 -276.13
850.749 -275.336
852.244 -274.542
853.739 -273.749
855.235 -272.955
856.731 -272.162
858.226 -271.369
859.723 -270.575
861.219 -269.782
862.715 -268.989
864.212 -268.197
865.709 -267.404
867.206 -266.611
868.703 -265.819
870.2 -265.027
871.698 -264.235
873.196 -263.443
874.694 -262.651
876.192 -261.859
877.69 -261.067
879.189 -260.276
880.688 -259.485
882.187 -258.694
883.686 -257.903
885.185 -257.112
886.685 -256.321
888.185 -255.53
889.685 -254.74
891.185 -253.95
892.686 -253.16
894.187 -252.37
895.688 -251.58
897.189 -250.79
898.69 -250.001
900.192 -249.211
901.694 -248.422
903.196 -247.633
904.699 -246.845
906.201 -246.056
907.704 -245.268
909.207 -244.479
910.711 -243.691
912.215 -242.903
913.719 -242.116
915.223 -241.328
916.728 -240.541
918.232 -239.754
919.737 -238.967
921.243 -238.18
922.749 -237.393
924.255 -236.607
925.761 -235.821
927.267 -235.035
928.774 -234.249
930.281 -233.464
931.789 -232.678
933.296 -231.893
934.805 -231.108
936.313 -230.324
937.822 -229.539
939.331 -228.755
940.84 -227.971
942.35 -227.187
943.86 -226.404
945.37 -225.62
946.881 -224.837
948.392 -224.054
949.903 -223.272
951.415 -222.489
952.927 -221.707
954.439 -220.926
955.952 -220.144
957.465 -219.363
958.979 -218.582
960.493 -217.801
962.007 -217.02
963.522 -216.24
965.037 -215.46
966.552 -214.681
968.068 -213.901
969.584 -213.122
971.101 -212.343
972.618 -211.565
974.135 -210.786
975.653 -210.009
977.172 -209.231
978.69 -208.454
980.21 -207.677
981.729 -206.9
983.249 -206.124
984.77 -205.348
986.291 -204.572
987.812 -203.796
989.334 -203.021
990.856 -202.247
992.379 -201.472
993.902 -200.698
995.426 -199.925
996.95 -199.151
998.475 -198.378
1000 -197.606
1001.53 -196.833
1003.05 -196.062
1004.58 -195.29
1006.11 -194.519
1007.63 -193.748
1009.16 -192.978
1010.69 -192.208
1012.22 -191.439
1013.75 -190.669
1015.28 -189.901
1016.81 -189.133
1018.34 -188.365
1019.88 -187.597
1021.41 -186.83
1022.94 -186.064
1024.48 -185.298
1026.01 -184.532
1027.55 -183.767
1029.08 -183.002
1030.62 -182.238
1032.15 -181.474
1033.69 -180.71
1035.23 -179.948
1036.77 -179.185
1038.31 -178.423
1039.85 -177.662
1041.39 -176.901
1042.93 -176.141
1044.47 -175.381
1046.02 -174.622
1047.56 -173.863
1049.11 -173.105
1050.65 -172.347
1052.2 -171.59
1053.74 -170.833
1055.29 -170.077
1056.84 -169.322
1058.39 -168.567
1059.94 -167.813
1061.49 -167.059
1063.04 -166.306
1064.59 -165.554
1066.14 -164.802
1067.69 -164.051
1069.25 -163.3
1070.8 -162.55
1072.36 -161.801
1073.92 -161.053
1075.47 -160.305
1077.03 -159.557
1078.59 -158.811
1080.15 -158.065
1081.71 -157.32
1083.27 -156.575
1084.84 -155.832
1086.4 -155.089
1087.96 -154.346
1089.53 -153.605
1091.1 -152.864
1092.66 -152.124
1094.23 -151.385
1095.8 -150.647
1097.37 -149.909
1098.94 -149.172
1100.51 -148.436
1102.09 -147.701
1103.66 -146.967
1105.24 -146.234
1106.81 -145.501
1108.39 -144.769
1109.97 -144.039
1111.55 -143.309
1113.13 -142.58
1114.71 -141.852
1116.29 -141.125
1117.87 -140.398
1119.46 -139.673
1121.04 -138.949
1122.63 -138.226
1124.22 -137.503
1125.81 -136.782
1127.4 -136.062
1128.99 -135.343
1130.58 -134.625
1132.18 -133.908
1133.77 -133.192
1135.37 -132.477
1136.97 -131.763
1138.57 -131.05
1140.17 -130.339
1141.77 -129.628
1143.37 -128.919
1144.98 -128.211
1146.58 -127.504
1148.19 -126.799
1149.8 -126.094
1151.41 -125.391
1153.02 -124.689
1154.63 -123.989
1156.24 -123.289
1157.86 -122.591
1159.47 -121.895
1161.09 -121.199
1162.71 -120.505
1164.33 -119.813
1165.95 -119.122
1167.58 -118.432
1169.2 -117.744
1170.83 -117.057
1172.46 -116.371
1174.09 -115.688
1175.72 -115.005
1177.35 -114.324
1178.98 -113.645
1180.62 -112.968
1182.26 -112.292
1183.9 -111.617
1185.54 -110.944
1187.18 -110.273
1188.82 -109.604
1190.47 -108.936
1192.12 -108.27
1193.77 -107.606
1195.42 -106.944
1197.07 -106.283
1198.73 -105.624
1200.38 -104.967
1202.04 -104.312
1203.7 -103.659
1205.36 -103.008
1207.02 -102.359
1208.69 -101.712
1210.36 -101.066
1212.02 -100.423
1213.7 -99.7821
1215.37 -99.143
1217.04 -98.5061
1218.72 -97.8713
1220.4 -97.2387
1222.08 -96.6084
1223.76 -95.9802
1225.44 -95.3543
1227.13 -94.7308
1228.82 -94.1095
1230.51 -93.4906
1232.2 -92.8741
1233.89 -92.26
1235.59 -91.6484
1237.29 -91.0393
1238.99 -90.4326
1240.69 -89.8286
1242.4 -89.2271
1244.1 -88.6282
1245.81 -88.032
1247.52 -87.4385
1249.23 -86.8477
1250.95 -86.2597
1252.67 -85.6744
1254.39 -85.092
1256.11 -84.5125
1257.83 -83.9358
1259.56 -83.3622
1261.29 -82.7915
1263.02 -82.2238
1264.75 -81.6592
1266.49 -81.0976
1268.22 -80.5393
1269.96 -79.9841
1271.7 -79.4321
1273.45 -78.8834
1275.19 -78.338
1276.94 -77.7959
1278.69 -77.2572
1280.45 -76.722
1282.2 -76.1902
1283.96 -75.662
1285.72 -75.1373
1287.49 -74.6162
1289.25 -74.0987
1291.02 -73.585
1292.79 -73.0749
1294.56 -72.5687
1296.33 -72.0663
1298.11 -71.5678
1299.89 -71.0732
1301.67 -70.5825
1303.46 -70.0959
1305.24 -70.5872
1307.02 -71.0826
1308.8 -71.582
1310.58 -72.0854
1312.35 -72.5926
1314.13 -73.1038
1315.9 -73.6187
1317.66 -74.1374
1319.43 -74.6598
1321.19 -75.1859
1322.95 -75.7156
1324.71 -76.249
1326.46 -76.7858
1328.22 -77.3262
1329.97 -77.87
1331.72 -78.4172
1333.46 -78.9678
1335.21 -79.5217
1336.95 -80.079
1338.69 -80.6394
1340.42 -81.2031
1342.16 -81.7699
1343.89 -82.3398
1345.62 -82.9128
1347.35 -83.4889
1349.07 -84.068
1350.8 -84.65
1352.52 -85.2349
1354.23 -85.8228
1355.95 -86.4135
1357.67 -87.007
1359.38 -87.6032
1361.09 -88.2022
1362.79 -88.804
1364.5 -89.4083
1366.2 -90.0154
1367.91 -90.625
1369.6 -91.2372
1371.3 -91.8519
1373 -92.4691
1374.69 -93.0888
1376.38 -93.7109
1378.07 -94.3354
1379.76 -94.9622
1381.44 -95.5915
1383.12 -96.223
1384.8 -96.8568
1386.48 -97.4928
1388.16 -98.1311
1389.83 -98.7715
1391.51 -99.4141
1393.18 -100.059
1394.85 -100.706
1396.51 -101.354
1398.18 -102.005
1399.84 -102.658
1401.5 -103.313
1403.16 -103.97
1404.82 -104.629
1406.48 -105.29
1408.13 -105.952
1409.79 -106.617
1411.44 -107.283
1413.08 -107.951
1414.73 -108.621
1416.38 -109.293
1418.02 -109.966
1419.66 -110.642
1421.3 -111.318
1422.94 -111.997
1424.58 -112.677
1426.22 -113.359
1427.85 -114.042
1429.48 -114.727
1431.11 -115.414
1432.74 -116.102
1434.37 -116.791
1436 -117.482
1437.62 -118.175
1439.24 -118.869
1440.87 -119.564
1442.49 -120.261
1444.1 -120.96
1445.72 -121.659
1447.34 -122.36
1448.95 -123.063
1450.56 -123.766
1452.17 -124.471
1453.78 -125.178
1455.39 -125.885
1457 -126.594
1458.61 -127.304
1460.21 -128.016
1461.81 -128.728
1463.42 -129.442
1465.02 -130.157
1466.62 -130.873
1468.21 -131.59
1469.81 -132.308
1471.41 -133.028
1473 -133.748
1474.59 -134.47
1476.18 -135.193
1477.77 -135.917
1479.36 -136.641
1480.95 -137.367
1482.54 -138.094
1484.12 -138.822
1485.71 -139.551
1487.29 -140.281
1488.87 -141.012
1490.46 -141.744
1492.04 -142.476
1493.61 -143.21
1495.19 -143.945
1496.77 -144.68
1498.34 -145.416
1499.92 -146.154
1501.49 -146.892
1503.07 -147.631
1504.64 -148.371
1506.21 -149.111
1507.78 -149.853
1509.35 -150.595
1510.91 -151.338
1512.48 -152.082
1514.05 -152.827
1515.61 -153.573
1517.17 -154.319
1518.74 -155.066
1520.3 -155.814
1521.86 -156.562
1523.42 -157.311
1524.98 -158.061
1526.54 -158.812
1528.09 -159.563
1529.65 -160.315
1531.21 -161.068
1532.76 -161.822
1534.31 -162.576
1535.87 -163.33
1537.42 -164.086
1538.97 -164.842
1540.52 -165.598
1542.07 -166.356
1543.62 -167.114
1545.17 -167.872
1546.72 -168.631
1548.26 -169.391
1549.81 -170.151
1551.35 -170.912
1552.9 -171.673
1554.44 -172.435
1555.99 -173.198
1557.53 -173.961
1559.07 -174.725
1560.61 -175.489
1562.15 -176.253
1563.69 -177.019
1565.23 -177.784
1566.77 -178.551
1568.31 -179.317
1569.84 -180.085
1571.38 -180.852
1572.91 -181.621
1574.45 -182.389
1575.98 -183.158
1577.52 -183.928
1579.05 -184.698
1580.58 -185.469
1582.11 -186.24
1583.64 -187.011
1585.18 -187.783
1586.71 -188.555
1588.23 -189.328
1589.76 -190.101
1591.29 -190.875
1592.82 -191.649
1594.35 -192.423
1595.87 -193.198
1597.4 -193.973
1598.93 -194.749
1600.45 -195.525
1601.97 -196.301
1603.5 -197.078
1605.02 -197.855
1606.55 -198.632
1608.07 -199.41
1609.59 -200.188
1611.11 -200.967
1612.63 -201.746
1614.15 -202.525
1615.67 -203.305
1617.19 -204.085
1618.71 -204.865
1620.23 -205.646
1621.75 -206.427
1623.27 -207.208
1624.78 -207.989
1626.3 -208.771
1627.82 -209.553
1629.33 -210.336
1630.85 -211.119
1632.36 -211.902
1633.88 -212.685
1635.39 -213.469
1636.91 -214.253
1638.42 -215.037
1639.93 -215.822
1641.44 -216.607
1642.96 -217.392
1644.47 -218.177
1645.98 -218.963
1647.49 -219.749
1649 -220.535
1650.51 -221.321
1652.02 -222.108
1653.53 -222.895
1655.04 -223.682
1656.55 -224.47
1658.06 -225.257
1659.57 -226.045
1661.08 -226.833
1662.58 -227.622
1664.09 -228.41
1665.6 -229.199
1667.1 -229.988
1668.61 -230.778
1670.12 -231.567
1671.62 -232.357
1673.13 -233.147
1674.63 -233.937
1676.14 -234.727
1677.64 -235.518
1679.14 -236.309
1680.65 -237.1
1682.15 -237.891
1683.66 -238.683
1685.16 -239.474
1686.66 -240.266
1688.16 -241.058
1689.67 -241.85
1691.17 -242.642
1692.67 -243.435
1694.17 -244.228
1695.67 -245.021
1697.17 -245.814
1698.67 -246.607
1700.17 -247.401
1701.67 -248.194
1703.17 -248.988
1704.67 -249.782
1706.17 -250.576
1707.67 -251.37
1709.17 -252.165
1710.67 -252.959
1712.17 -253.754
1713.66 -254.549
1715.16 -255.344
1716.66 -256.14
1718.16 -256.935
1719.65 -257.731
1721.15 -258.526
1722.65 -259.322
1724.14 -260.118
1725.64 -260.914
1727.14 -261.71
1728.63 -262.507
1730.13 -263.303
1731.62 -264.1
1733.12 -264.897
1734.61 -265.694
1736.11 -266.491
1737.6 -267.288
1739.1 -268.086
1740.59 -268.883
1742.09 -269.681
1743.58 -270.478
1745.07 -271.276
1746.57 -272.074
1748.06 -272.872
1749.55 -273.67
1751.05 -274.469
1752.54 -275.267
1754.03 -276.066
1755.52 -276.864
1757.02 -277.663
1758.51 -278.462
1760 -279.261
1761.49 -280.06
1762.98 -280.859
1764.48 -281.659
1765.97 -282.458
1767.46 -283.258
1768.95 -284.057
1770.44 -284.857
1771.93 -285.657
1773.42 -286.457
1774.91 -287.257
1776.4 -288.057
1777.89 -288.857
1779.38 -289.658
1780.87 -290.458
1782.36 -291.258
1783.85 -292.059
1785.34 -292.86
1786.83 -293.661
1788.32 -294.461
1789.81 -295.262
1791.3 -296.063
1792.79 -296.864
1794.27 -297.666
1795.76 -298.467
1797.25 -299.268
1798.74 -300.07
1800.23 -300.871
1801.72 -301.673
1803.2 -302.474
1804.69 -303.276
1806.18 -304.078
1807.67 -304.88
1809.15 -305.682
1810.64 -306.484
1812.13 -307.286
1813.62 -308.088
1815.1 -308.891
1816.59 -309.693
1818.08 -310.495
1819.56 -311.298
1821.05 -312.1
1822.54 -312.903
1824.02 -313.706
1825.51 -314.508
1827 -315.311
1828.48 -316.114
1829.97 -316.917
1831.45 -317.72
1832.94 -318.523
1834.43 -319.326
1835.91 -320.129
1837.4 -320.933
1838.88 -321.736
1840.37 -322.539
1841.85 -323.343
1843.34 -324.146
1844.82 -324.95
1846.31 -325.753
1847.79 -326.557
1849.28 -327.361
1850.76 -328.164
1852.25 -328.968
1853.73 -329.772
1855.22 -330.576
1856.7 -331.38
1858.19 -332.184
1859.67 -332.988
1861.15 -333.792
1862.64 -334.596
1864.12 -335.4
1865.61 -336.205
1867.09 -337.009
1868.57 -337.813
1870.06 -338.618
1871.54 -339.422
1873.02 -340.227
1874.51 -341.031
1875.99 -341.836
1877.48 -342.64
1878.96 -343.445
1880.44 -344.25
1881.93 -345.055
1883.41 -345.859
1884.89 -346.664
1886.37 -347.469
1887.86 -348.274
1889.34 -349.079
1890.82 -349.884
1892.31 -350.689
1893.79 -351.494
1895.27 -352.299
1896.75 -353.104
1898.24 -353.909
1899.72 -354.715
1901.2 -355.52
1902.68 -356.325
1904.17 -357.131
1905.65 -357.936
1907.13 -358.741
1908.61 -359.547
1910.1 -360.352
1911.58 -361.158
1913.06 -361.963
1914.54 -362.769
1916.02 -363.575
1917.51 -364.38
1918.99 -365.186
1920.47 -365.992
1921.95 -366.797
1923.43 -367.603
1924.91 -368.409
1926.4 -369.215
1927.88 -370.02
1929.36 -370.826
1930.84 -371.632
1932.32 -372.438
1933.8 -373.244
1935.28 -374.05
1936.77 -374.856
1938.25 -375.662
1939.73 -376.468
1941.21 -377.274
1942.69 -378.081
1944.17 -378.887
1945.65 -379.693
1947.13 -380.499
1948.61 -381.305
1950.1 -382.112
1951.58 -382.918
1953.06 -383.724
1954.54 -384.531
1956.02 -385.337
1957.5 -386.143
1958.98 -386.95
1960.46 -387.756
1961.94 -388.563
1963.42 -389.369
1964.9 -390.176
1966.38 -390.982
1967.86 -391.789
1969.34 -392.595
1970.82 -393.402
1972.3 -394.208
1973.79 -395.015
1975.27 -395.822
1976.75 -396.628
1978.23 -397.435
1979.71 -398.242
1981.19 -399.048
1982.67 -399.855
1984.15 -400.662
1985.63 -401.469
1987.11 -402.275
1988.59 -403.082
1990.07 -403.889
1991.55 -404.696
1993.03 -405.503
1994.51 -406.31
1995.99 -407.117
1997.47 -407.924
1998.95 -408.73
2000.43 -409.537
2001.91 -410.344
2003.39 -411.151
2004.87 -411.958
2006.35 -412.765
2007.83 -413.573
2009.3 -414.38
2010.78 -415.187
2012.26 -415.994
2013.74 -416.801
2015.22 -417.608
2016.7 -418.415
2018.18 -419.222
2019.66 -420.029
2021.14 -420.837
2022.62 -421.644
2024.1 -422.451
2025.58 -423.258
2027.06 -424.065
2028.54 -424.873
2030.02 -425.68
2031.5 -426.487
2032.98 -427.295
2034.46 -428.102
2035.94 -428.909
2037.41 -429.717
2038.89 -430.524
2040.37 -431.331
2041.85 -432.139
2043.33 -432.946
2044.81 -433.753
2046.29 -434.561
2047.77 -435.368
2049.25 -436.176
2050.73 -436.983
2052.21 -437.79
2053.68 -438.598
2055.16 -439.405
2056.64 -440.213
2058.12 -441.02
2059.6 -441.828
2061.08 -442.635
2062.56 -443.443
2064.04 -444.25
2065.52 -445.058
2067 -445.866
2068.47 -446.673
2069.95 -447.481
2071.43 -448.288
2072.91 -449.096
2074.39 -449.904
2075.87 -450.711
2077.35 -451.519
2078.83 -452.326
2080.3 -453.134
2081.78 -453.942
2083.26 -454.749
2084.74 -455.557
2086.22 -456.365
2087.7 -457.172
2089.18 -457.98
2090.66 -458.788
2092.14 -459.596
2093.61 -460.403
2095.09 -461.211
2096.57 -462.019
2098.05 -462.826
2099.53 -463.634
2101.01 -464.442
2102.48 -465.25
2103.96 -466.058
2105.44 -466.865
2106.92 -467.673
2108.4 -468.481
2109.88 -469.289
2111.36 -470.097
2112.83 -470.904
2114.31 -471.712
2115.79 -472.52
2117.27 -473.328
2118.75 -474.136
2120.23 -474.944
2121.71 -475.751
2123.18 -476.559
2124.66 -477.367
2126.14 -478.175
2127.62 -478.983
2129.1 -479.791
2130.58 -480.599
2132.05 -481.407
2133.53 -482.215
2135.01 -483.023
2136.49 -483.831
2137.97 -484.638
2139.45 -485.446
2140.92 -486.254
2142.4 -487.062
2143.88 -487.87
2145.36 -488.678
2146.84 -489.486
2148.32 -490.294
2149.79 -491.102
2151.27 -491.91
2152.75 -492.718
2154.23 -493.526
2155.71 -494.334
2157.18 -495.142
2158.66 -495.95
2160.14 -496.758
2161.62 -497.566
2163.1 -498.374
2164.58 -499.182
2166.05 -499.99
2167.53 -500.798
2169.01 -501.606
2170.49 -502.414
2171.97 -503.222
2173.44 -504.03
2174.92 -504.839
2176.4 -505.647
2177.88 -506.455
2179.36 -507.263
2180.83 -508.071
2182.31 -508.879
2183.79 -509.687
2185.27 -510.495
2186.75 -511.303
2188.23 -512.111
2189.7 -512.919
2191.18 -513.728
2192.66 -514.536
2194.14 -515.344
2195.62 -516.152
2197.09 -516.96
2198.57 -517.768
2200.05 -518.576
2201.53 -519.384
2203.01 -520.192
2204.48 -521.001
2205.96 -521.809
2207.44 -522.617
2208.92 -523.425
2210.4 -524.233
2211.87 -525.041
2213.35 -525.85
2214.83 -526.658
2216.31 -527.466
2217.79 -528.274
2219.26 -529.082
2220.74 -529.89
2222.22 -530.699
2223.7 -531.507
2225.18 -532.315
2226.65 -533.123
2228.13 -533.931
2229.61 -534.739
2231.09 -535.548
2232.57 -536.356
2234.04 -537.164
2235.52 -537.972
2237 -538.781
2238.48 -539.589
2239.95 -540.397
2241.43 -541.205
2242.91 -542.013
2244.39 -542.822
2245.87 -543.63
2247.34 -544.438
2248.82 -545.246
2250.3 -546.055
2251.78 -546.863
2253.25 -547.671
2254.73 -548.479
2256.21 -549.288
2257.69 -550.096
2259.17 -550.904
2260.64 -551.712
2262.12 -552.52
2263.6 -553.329
2265.08 -554.137
2266.55 -554.945
2268.03 -555.753
2269.51 -556.562
2270.99 -557.37
2272.47 -558.178
2273.94 -558.987
2275.42 -559.795
2276.9 -560.603
2278.38 -561.411
2279.85 -562.22
2281.33 -563.028
2282.81 -563.836
2284.29 -564.645
2285.77 -565.453
2287.24 -566.261
2288.72 -567.07
2290.2 -567.878
2291.68 -568.686
2293.15 -569.494
2294.63 -570.303
2296.11 -571.111
2297.59 -571.919
2299.07 -572.728
2300.54 -573.536
2302.02 -574.344
2303.5 -575.152
2304.98 -575.961
2306.45 -576.769
2307.93 -577.577
2309.41 -578.386
2310.89 -579.194
2312.37 -580.002
2313.84 -580.81
2315.32 -581.619
2316.8 -582.427
2318.28 -583.235
2319.75 -584.044
2321.23 -584.852
2322.71 -585.661
2324.19 -586.469
2325.67 -587.277
2327.14 -588.086
2328.62 -588.894
2330.1 -589.702
2331.58 -590.511
2333.05 -591.319
2334.53 -592.127
2336.01 -592.936
2337.49 -593.744
2338.97 -594.552
2340.44 -595.361
2341.92 -596.169
2343.4 -596.977
2344.88 -597.786
2346.35 -598.594
2347.83 -599.402
2349.31 -600.211
2350.79 -601.019
2352.27 -601.828
2353.74 -602.636
2355.22 -603.444
2356.7 -604.253
2358.18 -605.061
2359.65 -605.869
2361.13 -606.678
2362.61 -607.486
2364.09 -608.294
2365.56 -609.103
2367.04 -609.911
2368.52 -610.719
2370 -611.528
2371.47 -612.336
2372.95 -613.144
2374.43 -613.953
2375.91 -614.761
2377.38 -615.569
2378.86 -616.378
2380.34 -617.186
2381.82 -617.995
2383.29 -618.803
2384.77 -619.611
2386.25 -620.42
2387.73 -621.228
2389.2 -622.036
2390.68 -622.845
2392.16 -623.653
2393.64 -624.461
2395.11 -625.27
2396.59 -626.078
2398.07 -626.887
2399.55 -627.695
2401.02 -628.503
2402.5 -629.312
2403.98 -630.12
2405.46 -630.929
2406.94 -631.737
2408.41 -632.545
2409.89 -633.354
2411.37 -634.162
2412.85 -634.971
2414.32 -635.779
2415.8 -636.588
2417.28 -637.396
2418.76 -638.204
2420.23 -639.013
2421.71 -639.821
2423.19 -640.63
2424.67 -641.438
2426.14 -642.246
2427.62 -643.055
2429.1 -643.863
2430.58 -644.672
2432.05 -645.48
2433.53 -646.288
2435.01 -647.097
2436.49 -647.905
2437.96 -648.714
2439.44 -649.522
2440.92 -650.331
2442.4 -651.139
2443.87 -651.947
2445.35 -652.756
2446.83 -653.564
2448.31 -654.373
2449.78 -655.181
2451.26 -655.989
2452.74 -656.798
2454.22 -657.606
2455.69 -658.415
2457.17 -659.223
2458.65 -660.031
2460.13 -660.84
2461.6 -661.648
2463.08 -662.457
2464.56 -663.265
2466.04 -664.073
2467.51 -664.882
2468.99 -665.69
2470.47 -666.499
2471.95 -667.307
2473.42 -668.116
2474.9 -668.924
2476.38 -669.732
2477.86 -670.541
2479.33 -671.349
2480.81 -672.158
2482.29 -672.966
2483.77 -673.774
2485.24 -674.583
2486.72 -675.391
2488.2 -676.2
2489.68 -677.008
2491.15 -677.816
2492.63 -678.625
2494.11 -679.433
2495.59 -680.242
2497.06 -681.05
2498.54 -681.859
2500.02 -682.667
2501.5 -683.475
2502.98 -684.284
2504.45 -685.092
2505.93 -685.901
2507.41 -686.709
2508.89 -687.517
2510.36 -688.326
2511.84 -689.134
2513.32 -689.943
2514.8 -690.751
2516.27 -691.559
2517.75 -692.368
2519.23 -693.176
2520.71 -693.985
2522.18 -694.793
2523.66 -695.602
2525.14 -696.41
2526.62 -697.218
2528.09 -698.027
2529.57 -698.835
2531.05 -699.644
2532.53 -700.452
2534 -701.26
2535.48 -702.069
2536.96 -702.877
2538.44 -703.686
2539.91 -704.494
2541.39 -705.302
2542.87 -706.111
2544.35 -706.919
2545.82 -707.728
2547.3 -708.536
2548.78 -709.344
2550.26 -710.153
2551.73 -710.961
2553.21 -711.77
2554.69 -712.578
2556.17 -713.387
2557.64 -714.195
2559.12 -715.003
2560.6 -715.812
2562.08 -716.62
2563.55 -717.429
2565.03 -718.237
2566.51 -719.045
2567.99 -719.854
2569.46 -720.662
2570.94 -721.471
2572.42 -722.279
2573.9 -723.087
2575.37 -723.896
2576.85 -724.704
2578.33 -725.513
2579.81 -726.321
2581.28 -727.13
2582.76 -727.938
2584.24 -728.746
2585.72 -729.555
2587.19 -730.363
2588.67 -731.172
2590.15 -731.98
2591.63 -732.788
2593.1 -733.597
2594.58 -734.405
2596.06 -735.214
2597.54 -736.022
2599.02 -736.83
2600.49 -737.639
2601.97 -738.447
2603.45 -739.256
2604.93 -740.064
2606.4 -740.872
2607.88 -741.681
2609.36 -742.489
2610.84 -743.298
2612.31 -744.106
2613.79 -744.915
2615.27 -745.723
2616.75 -746.531
2618.22 -747.34
2619.7 -748.148
2621.18 -748.957
2622.66 -749.765
2624.13 -750.573
2625.61 -751.382
2627.09 -752.19
2628.57 -752.999
2630.04 -753.807
2631.52 -754.615
2633 -755.424
2634.48 -756.232
2635.95 -757.041
2637.43 -757.849
2638.91 -758.658
2640.39 -759.466
2641.86 -760.274
2643.34 -761.083
2644.82 -761.891
2646.3 -762.7
2647.77 -763.508
2649.25 -764.316
2650.73 -765.125
2652.21 -765.933
2653.68 -766.742
2655.16 -767.55
2656.64 -768.359
2658.12 -769.167
2659.59 -769.976
2661.07 -770.784
2662.55 -771.592
2664.03 -772.401
2665.5 -773.209
2666.98 -774.018
2668.46 -774.826
2669.94 -775.635
2671.41 -776.443
2672.89 -777.252
2674.37 -778.06
2675.85 -778.869
2677.32 -779.677
2678.8 -780.486
2680.28 -781.294
2681.76 -782.103
2683.23 -782.911
2684.71 -783.72
2686.19 -784.528
2687.67 -785.336
2689.15 -786.145
2690.62 -786.953
2692.1 -787.762
2693.58 -788.57
2695.06 -789.379
2696.53 -790.187
2698.01 -790.996
2699.49 -791.804
2700.97 -792.613
2702.44 -793.421
2703.92 -794.23
2705.4 -795.038
2706.88 -795.847
2708.35 -796.655
2709.83 -797.464
2711.31 -798.272
2712.79 -799.081
2714.26 -799.889
2715.74 -800.697
2717.22 -801.506
2718.7 -802.314
2720.17 -803.123
2721.65 -803.931
2723.13 -804.74
2724.61 -805.548
2726.08 -806.357
2727.56 -807.165
2729.04 -807.974
2730.52 -808.782
2731.99 -809.591
2733.47 -810.399
2734.95 -811.208
2736.43 -812.016
2737.9 -812.825
2739.38 -813.633
2740.86 -814.441
2742.34 -815.25
2743.81 -816.058
2745.29 -816.867
2746.77 -817.675
2748.25 -818.484
2749.72 -819.292
2751.2 -820.101
2752.68 -820.909
2754.16 -821.718
2755.63 -822.526
2757.11 -823.335
2758.59 -824.143
2760.07 -824.952
2761.54 -825.76
2763.02 -826.569
2764.5 -827.377
2765.98 -828.185
2767.45 -828.994
2768.93 -829.802
2770.41 -830.611
2771.89 -831.419
2773.36 -832.228
2774.84 -833.036
2776.32 -833.845
2777.8 -834.653
2779.27 -835.462
2780.75 -836.27
2782.23 -837.079
2783.71 -837.887
2785.19 -838.696
2786.66 -839.504
2788.14 -840.313
2789.62 -841.121
2791.1 -841.93
2792.57 -842.738
2794.05 -843.546
2795.53 -844.355
2797.01 -845.163
2798.48 -845.972
2799.96 -846.78
2801.44 -847.589
2802.92 -848.397
2804.39 -849.206
2805.87 -850.014
2807.35 -850.823
2808.83 -851.631
2810.3 -852.44
2811.78 -853.248
2813.26 -854.057
2814.74 -854.865
2816.21 -855.674
2817.69 -856.482
2819.17 -857.29
2820.65 -858.099
2822.12 -858.907
2823.6 -859.716
2825.08 -860.524
2826.56 -861.333
2828.03 -862.141
2829.51 -862.95
2830.99 -863.758
2832.47 -864.567
2833.94 -865.375
2835.42 -866.184
2836.9 -866.992
2838.38 -867.801
2839.85 -868.609
2841.33 -869.418
2842.81 -870.226
2844.29 -871.034
2845.76 -871.843
2847.24 -872.651
2848.72 -873.46
2850.2 -874.268
2851.67 -875.077
2853.15 -875.885
2854.63 -876.694
2856.11 -877.502
2857.58 -878.311
2859.06 -879.119
2860.54 -879.928
2862.02 -880.736
2863.49 -881.545
2864.97 -882.353
2866.45 -883.162
2867.93 -883.97
2869.4 -884.779
2870.88 -885.587
2872.36 -886.395
2873.84 -887.204
2875.31 -888.012
2876.79 -888.821
2878.27 -889.629
2879.75 -890.438
2881.23 -891.246
2882.7 -892.055
2884.18 -892.863
2885.66 -893.672
2887.14 -894.48
2888.61 -895.289
2890.09 -896.097
2891.57 -896.906
2893.05 -897.714
2894.52 -898.523
2896 -899.331
2897.48 -900.139
2898.96 -900.948
2900.43 -901.756
2901.91 -902.565
2903.39 -903.373
2904.87 -904.182
2906.34 -904.99
2907.82 -905.799
2909.3 -906.607
2910.78 -907.416
2912.25 -908.224
2913.73 -909.033
2915.21 -909.841
2916.69 -910.65
2918.16 -911.458
2919.64 -912.267
2921.12 -913.075
2922.6 -913.883
2924.07 -914.692
2925.55 -915.5
2927.03 -916.309
2928.51 -917.117
2929.98 -917.926
2931.46 -918.734
2932.94 -919.543
2934.42 -920.351
2935.89 -921.16
2937.37 -921.968
2938.85 -922.777
2940.33 -923.585
2941.8 -924.394
2943.28 -925.202
2944.76 -926.011
2946.24 -926.819
2947.71 -927.628
2949.19 -928.436
2950.67 -929.244
2952.15 -930.053
2953.62 -930.861
2955.1 -931.67
2956.58 -932.478
2958.06 -933.287
2959.53 -934.095
2961.01 -934.904
2962.49 -935.712
2963.97 -936.521
2965.44 -937.329
2966.92 -938.138
2968.4 -938.946
2969.88 -939.755
2971.35 -940.563
2972.83 -941.372
2974.31 -942.18
2975.79 -942.988
2977.27 -943.797
2978.74 -944.605
2980.22 -945.414
2981.7 -946.222
2983.18 -947.031
2984.65 -947.839
2986.13 -948.648
2987.61 -949.456
2989.09 -950.265
2990.56 -951.073
2992.04 -951.882
2993.52 -952.69
2995 -953.499
2996.47 -954.307
2997.95 -955.116
2999.43 -955.924
3000.91 -956.732
3002.38 -957.541
3003.86 -958.349
3005.34 -959.158
3006.82 -959.966
3008.29 -960.775
3009.77 -961.583
3011.25 -962.392
3012.73 -963.2
3014.2 -964.009
3015.68 -964.817
3017.16 -965.626
3018.64 -966.434
3020.11 -967.243
3021.59 -968.051
3023.07 -968.86
3024.55 -969.668
3026.02 -970.477
3027.5 -971.285
3028.98 -972.093
3030.46 -972.902
3031.93 -973.71
3033.41 -974.519
3034.89 -975.327
3036.37 -976.136
3037.84 -976.944
3039.32 -977.753
3040.8 -978.561
3042.28 -979.37
3043.75 -980.178
3045.23 -980.987
3046.71 -981.795
3048.19 -982.604
3049.66 -983.412
3051.14 -984.221
3052.62 -985.029
3054.1 -985.837
3055.57 -986.646
3057.05 -987.454
3058.53 -988.263
3060.01 -989.071
3061.48 -989.88
3062.96 -990.688
3064.44 -991.497
3065.92 -992.305
3067.4 -993.114
3068.87 -993.922
3070.35 -994.731
3071.83 -995.539
3073.31 -996.348
3074.78 -997.156
3076.26 -997.965
3077.74 -998.773
3079.22 -999.581
3080.69 -1000.39
3082.17 -1001.2
3083.65 -1002.01
3085.13 -1002.82
3086.6 -1003.62
3088.08 -1004.43
3089.56 -1005.24
3091.04 -1006.05
3092.51 -1006.86
3093.99 -1007.67
3095.47 -1008.47
3096.95 -1009.28
3098.42 -1010.09
3099.9 -1010.9
3101.38 -1011.71
3102.86 -1012.52
3104.33 -1013.33
3105.81 -1014.13
3107.29 -1014.94
3108.77 -1015.75
3110.24 -1016.56
3111.72 -1017.37
3113.2 -1018.18
3114.68 -1018.98
3116.15 -1019.79
3117.63 -1020.6
3119.11 -1021.41
3120.59 -1022.22
3122.06 -1023.03
3123.54 -1023.84
3125.02 -1024.64
3126.5 -1025.45
3127.97 -1026.26
3129.45 -1027.07
3130.93 -1027.88
3132.41 -1028.69
3133.88 -1029.49
3135.36 -1030.3
3136.84 -1031.11
3138.32 -1031.92
3139.79 -1032.73
3141.27 -1033.54
3142.75 -1034.35
3144.23 -1035.15
3145.7 -1035.96
3147.18 -1036.77
3148.66 -1037.58
3150.14 -1038.39
3151.61 -1039.2
3153.09 -1040.01
3154.57 -1040.81
3156.05 -1041.62
3157.52 -1042.43
3159 -1043.24
3160.48 -1044.05
3161.96 -1044.86
3163.44 -1045.66
3164.91 -1046.47
3166.39 -1047.28
3167.87 -1048.09
3169.35 -1048.9
3170.82 -1049.71
3172.3 -1050.52
3173.78 -1051.32
3175.26 -1052.13
3176.73 -1052.94
3178.21 -1053.75
3179.69 -1054.56
3181.17 -1055.37
3182.64 -1056.17
3184.12 -1056.98
3185.6 -1057.79
3187.08 -1058.6
3188.55 -1059.41
3190.03 -1060.22
3191.51 -1061.03
3192.99 -1061.83
3194.46 -1062.64
3195.94 -1063.45
3197.42 -1064.26
3198.9 -1065.07
3200.37 -1065.88
3201.85 -1066.68
3203.33 -1067.49
3204.81 -1068.3
3206.28 -1069.11
3207.76 -1069.92
3209.24 -1070.73
3210.72 -1071.54
3212.19 -1072.34
3213.67 -1073.15
3215.15 -1073.96
3216.63 -1074.77
3218.1 -1075.58
3219.58 -1076.39
3221.06 -1077.19
3222.54 -1078
3224.01 -1078.81
3225.49 -1079.62
3226.97 -1080.43
3228.45 -1081.24
3229.92 -1082.05
3231.4 -1082.85
3232.88 -1083.66
3234.36 -1084.47
3235.83 -1085.28
3237.31 -1086.09
3238.79 -1086.9
3240.27 -1087.7
3241.74 -1088.51
3243.22 -1089.32
3244.7 -1090.13
3246.18 -1090.94
3247.65 -1091.75
3249.13 -1092.56
3250.61 -1093.36
3252.09 -1094.17
3253.56 -1094.98
3255.04 -1095.79
3256.52 -1096.6
3258 -1097.41
3259.48 -1098.21
3260.95 -1099.02
3262.43 -1099.83
3263.91 -1100.64
3265.39 -1101.45
3266.86 -1102.26
3268.34 -1103.07
