250 -600
251.494 -599.222
252.988 -598.445
254.482 -597.667
255.976 -596.889
257.47 -596.111
258.964 -595.334
260.458 -594.556
261.952 -593.778
263.446 -593.001
264.94 -592.223
266.434 -591.445
267.928 -590.667
269.422 -589.89
270.916 -589.112
272.41 -588.334
273.904 -587.557
275.398 -586.779
276.892 -586.001
278.386 -585.224
279.881 -584.446
281.375 -583.668
282.869 -582.89
284.363 -582.113
285.857 -581.335
287.351 -580.557
288.845 -579.78
290.339 -579.002
291.833 -578.224
293.327 -577.446
294.821 -576.669
296.315 -575.891
297.809 -575.113
299.303 -574.336
300.797 -573.558
302.291 -572.78
303.786 -572.003
305.28 -571.225
306.774 -570.447
308.268 -569.67
309.762 -568.892
311.256 -568.114
312.75 -567.337
314.244 -566.559
315.738 -565.781
317.232 -565.004
318.727 -564.226
320.221 -563.448
321.715 -562.671
323.209 -561.893
324.703 -561.115
326.197 -560.338
327.691 -559.56
329.185 -558.782
330.68 -558.005
332.174 -557.227
333.668 -556.45
335.162 -555.672
336.656 -554.894
338.15 -554.117
339.644 -553.339
341.139 -552.561
342.633 -551.784
344.127 -551.006
345.621 -550.228
347.115 -549.451
348.609 -548.673
350.104 -547.896
351.598 -547.118
353.092 -546.34
354.586 -545.563
356.08 -544.785
357.574 -544.008
359.069 -543.23
360.563 -542.452
362.057 -541.675
363.551 -540.897
365.046 -540.12
366.54 -539.342
368.034 -538.565
369.528 -537.787
371.022 -537.009
372.517 -536.232
374.011 -535.454
375.505 -534.677
376.999 -533.899
378.494 -533.121
379.988 -532.344
381.482 -531.566
382.976 -530.789
384.471 -530.011
385.965 -529.234
387.459 -528.456
388.954 -527.679
390.448 -526.901
391.942 -526.124
393.436 -525.346
394.931 -524.569
396.425 -523.791
397.919 -523.014
399.414 -522.236
400.908 -521.458
402.402 -520.681
403.897 -519.903
405.391 -519.126
406.885 -518.348
408.38 -517.571
409.874 -516.794
411.368 -516.016
412.863 -515.239
414.357 -514.461
415.852 -513.684
417.346 -512.906
418.84 -512.129
420.335 -511.351
421.829 -510.574
423.324 -509.796
424.818 -509.019
426.312 -508.241
427.807 -507.464
429.301 -506.687
430.796 -505.909
432.29 -505.132
433.785 -504.354
435.279 -503.577
436.774 -502.8
438.268 -502.022
439.763 -501.245
441.257 -500.467
442.751 -499.69
444.246 -498.913
445.741 -498.135
447.235 -497.358
448.73 -496.58
450.224 -495.803
451.719 -495.026
453.213 -494.248
454.708 -493.471
456.202 -492.694
457.697 -491.916
459.191 -491.139
460.686 -490.362
462.181 -489.584
463.675 -488.807
465.17 -488.03
466.664 -487.252
468.159 -486.475
469.654 -485.698
471.148 -484.921
472.643 -484.143
474.138 -483.366
475.632 -482.589
477.127 -481.812
478.622 -481.034
480.116 -480.257
481.611 -479.48
483.106 -478.703
484.601 -477.925
486.095 -477.148
487.59 -476.371
489.085 -475.594
490.58 -474.816
492.074 -474.039
493.569 -473.262
495.064 -472.485
496.559 -471.708
498.054 -470.931
499.548 -470.153
501.043 -469.376
502.538 -468.599
504.033 -467.822
505.528 -467.045
507.023 -466.268
508.518 -465.491
510.013 -464.714
511.508 -463.936
513.002 -463.159
514.497 -462.382
515.992 -461.605
517.487 -460.828
518.982 -460.051
520.477 -459.274
521.972 -458.497
523.467 -457.72
524.962 -456.943
526.457 -456.166
527.952 -455.389
529.448 -454.612
530.943 -453.835
532.438 -453.058
533.933 -452.281
535.428 -451.504
536.923 -450.727
538.418 -449.95
539.913 -449.173
541.409 -448.396
542.904 -447.62
544.399 -446.843
545.894 -446.066
547.389 -445.289
548.885 -444.512
550.38 -443.735
551.875 -442.958
553.371 -442.182
554.866 -441.405
556.361 -440.628
557.857 -439.851
559.352 -439.074
560.847 -438.298
562.343 -437.521
563.838 -436.744
565.334 -435.967
566.829 -435.191
568.325 -434.414
569.82 -433.637
571.315 -432.861
572.811 -432.084
574.307 -431.307
575.802 -430.531
577.298 -429.754
578.793 -428.977
580.289 -428.201
581.785 -427.424
583.28 -426.648
584.776 -425.871
586.272 -425.094
587.767 -424.318
589.263 -423.541
590.759 -422.765
592.255 -421.988
593.75 -421.212
595.246 -420.435
596.742 -419.659
598.238 -418.883
599.734 -418.106
601.23 -417.33
602.726 -416.553
604.221 -415.777
605.717 -415.001
607.213 -414.224
608.709 -413.448
610.206 -412.672
611.702 -411.895
613.198 -411.119
614.694 -410.343
616.19 -409.567
617.686 -408.79
619.182 -408.014
620.679 -407.238
622.175 -406.462
623.671 -405.686
625.167 -404.91
626.664 -404.134
628.16 -403.357
629.656 -402.581
631.153 -401.805
632.649 -401.029
634.146 -400.253
635.642 -399.477
637.139 -398.701
638.635 -397.925
640.132 -397.15
641.628 -396.374
643.125 -395.598
644.622 -394.822
646.118 -394.046
647.615 -393.27
649.112 -392.494
650.609 -391.719
652.106 -390.943
653.602 -390.167
655.099 -389.391
656.596 -388.616
658.093 -387.84
659.59 -387.064
661.087 -386.289
662.584 -385.513
664.081 -384.738
665.578 -383.962
667.076 -383.187
668.573 -382.411
670.07 -381.636
671.567 -380.86
673.065 -380.085
674.562 -379.31
676.059 -378.534
677.557 -377.759
679.054 -376.984
680.552 -376.208
682.049 -375.433
683.547 -374.658
685.045 -373.883
686.542 -373.108
688.04 -372.332
689.538 -371.557
691.036 -370.782
692.534 -370.007
694.031 -369.232
695.529 -368.457
697.027 -367.682
698.525 -366.907
700.023 -366.133
701.521 -365.358
703.02 -364.583
704.518 -363.808
706.016 -363.033
707.514 -362.259
709.013 -361.484
710.511 -360.709
712.01 -359.935
713.508 -359.16
715.007 -358.386
716.505 -357.611
718.004 -356.837
719.503 -356.062
721.001 -355.288
722.5 -354.514
723.999 -353.739
725.498 -352.965
726.997 -352.191
728.496 -351.417
729.995 -350.642
731.494 -349.868
732.993 -349.094
734.493 -348.32
735.992 -347.546
737.491 -346.772
738.991 -345.998
740.49 -345.225
741.99 -344.451
743.49 -343.677
744.989 -342.903
746.489 -342.13
747.989 -341.356
749.489 -340.582
750.989 -339.809
752.489 -339.035
753.989 -338.262
755.489 -337.489
756.989 -336.715
758.489 -335.942
759.99 -335.169
761.49 -334.396
762.991 -333.622
764.491 -332.849
765.992 -332.076
767.493 -331.303
768.994 -330.53
770.494 -329.757
771.995 -328.985
773.496 -328.212
774.997 -327.439
776.499 -326.667
778 -325.894
779.501 -325.121
781.003 -324.349
782.504 -323.576
784.006 -322.804
785.508 -322.032
787.009 -321.26
788.511 -320.487
790.013 -319.715
791.515 -318.943
793.017 -318.171
794.52 -317.399
796.022 -316.627
797.524 -315.856
799.027 -315.084
800.529 -314.312
802.032 -313.541
803.535 -312.769
805.038 -311.998
806.541 -311.226
808.044 -310.455
809.547 -309.684
811.05 -308.913
812.554 -308.142
814.057 -307.371
815.561 -306.6
817.064 -305.829
818.568 -305.058
820.072 -304.287
821.576 -303.517
823.08 -302.746
824.584 -301.976
826.089 -301.205
827.593 -300.435
829.098 -299.665
830.603 -298.895
832.107 -298.125
833.612 -297.355
835.117 -296.585
836.623 -295.815
838.128 -295.045
839.633 -294.276
841.139 -293.506
842.645 -292.737
844.15 -291.968
845.656 -291.198
847.162 -290.429
848.669 -289.66
850.175 -288.891
851.681 -288.122
853.188 -287.354
854.695 -286.585
856.202 -285.816
857.709 -285.048
859.216 -284.28
860.723 -283.511
862.231 -282.743
863.738 -281.975
865.246 -281.207
866.754 -280.44
868.262 -279.672
869.77 -278.904
871.279 -278.137
872.787 -277.369
874.296 -276.602
875.805 -275.835
877.314 -275.068
878.823 -274.301
880.332 -273.534
881.842 -272.768
883.352 -272.001
884.862 -271.235
886.372 -270.469
887.882 -269.703
889.392 -268.937
890.903 -268.171
892.414 -267.405
893.925 -266.639
895.436 -265.874
896.947 -265.109
898.459 -264.344
899.97 -263.578
901.482 -262.814
902.994 -262.049
904.507 -261.284
906.019 -260.52
907.532 -259.755
909.045 -258.991
910.558 -258.227
912.071 -257.463
913.585 -256.7
915.098 -255.936
916.612 -255.173
918.127 -254.41
919.641 -253.647
921.156 -252.884
922.67 -252.121
924.186 -251.358
925.701 -250.596
927.216 -249.834
928.732 -249.072
930.248 -248.31
931.764 -247.548
933.281 -246.787
934.798 -246.026
936.315 -245.264
937.832 -244.503
939.349 -243.743
940.867 -242.982
942.385 -242.222
943.903 -241.462
945.422 -240.702
946.941 -239.942
948.46 -239.182
949.979 -238.423
951.499 -237.664
953.019 -236.905
954.539 -236.146
956.059 -235.388
957.58 -234.629
959.101 -233.871
960.623 -233.113
962.144 -232.356
963.666 -231.598
965.188 -230.841
966.711 -230.084
968.234 -229.328
969.757 -228.571
971.281 -227.815
972.804 -227.059
974.329 -226.303
975.853 -225.548
977.378 -224.792
978.903 -224.037
980.428 -223.283
981.954 -222.528
983.48 -221.774
985.007 -221.02
986.534 -220.266
988.061 -219.513
989.589 -218.76
991.117 -218.007
992.645 -217.254
994.174 -216.502
995.703 -215.75
997.232 -214.998
998.762 -214.247
1000.29 -213.496
1001.82 -212.745
1003.35 -211.995
1004.88 -211.245
1006.42 -210.495
1007.95 -209.745
1009.48 -208.996
1011.01 -208.247
1012.55 -207.498
1014.08 -206.75
1015.62 -206.002
1017.15 -205.255
1018.69 -204.507
1020.22 -203.761
1021.76 -203.014
1023.29 -202.268
1024.83 -201.522
1026.37 -200.777
1027.91 -200.032
1029.44 -199.287
1030.98 -198.543
1032.52 -197.799
1034.06 -197.055
1035.6 -196.312
1037.14 -195.569
1038.69 -194.827
1040.23 -194.085
1041.77 -193.343
1043.31 -192.602
1044.86 -191.861
1046.4 -191.121
1047.94 -190.381
1049.49 -189.642
1051.03 -188.903
1052.58 -188.164
1054.13 -187.426
1055.67 -186.688
1057.22 -185.951
1058.77 -185.215
1060.32 -184.478
1061.87 -183.743
1063.42 -183.007
1064.97 -182.273
1066.52 -181.538
1068.07 -180.804
1069.63 -180.071
1071.18 -179.338
1072.73 -178.606
1074.29 -177.874
1075.84 -177.143
1077.4 -176.412
1078.95 -175.682
1080.51 -174.953
1082.07 -174.224
1083.63 -173.495
1085.19 -172.767
1086.75 -172.04
1088.31 -171.313
1089.87 -170.587
1091.43 -169.862
1092.99 -169.137
1094.56 -168.413
1096.12 -167.689
1097.68 -166.966
1099.25 -166.243
1100.82 -165.522
1102.38 -164.801
1103.95 -164.08
1105.52 -163.36
1107.09 -162.641
1108.66 -161.923
1110.23 -161.205
1111.8 -160.488
1113.37 -159.772
1114.95 -159.056
1116.52 -158.341
1118.1 -157.627
1119.67 -156.914
1121.25 -156.201
1122.83 -155.489
1124.41 -154.778
1125.99 -154.068
1127.57 -153.358
1129.15 -152.649
1130.73 -151.941
1132.31 -151.234
1133.9 -150.528
1135.48 -149.823
1137.07 -149.118
1138.65 -148.414
1140.24 -147.711
1141.83 -147.009
1143.42 -146.308
1145.01 -145.608
1146.6 -144.909
1148.19 -144.211
1149.79 -143.513
1151.38 -142.817
1152.98 -142.121
1154.58 -141.427
1156.17 -140.733
1157.77 -140.041
1159.37 -139.349
1160.97 -138.659
1162.58 -137.969
1164.18 -137.281
1165.78 -136.594
1167.39 -135.907
1169 -135.222
1170.6 -134.538
1172.21 -133.855
1173.82 -133.174
1175.44 -132.493
1177.05 -131.813
1178.66 -131.135
1180.28 -130.458
1181.89 -129.782
1183.51 -129.107
1185.13 -128.434
1186.75 -127.762
1188.37 -127.091
1189.99 -126.421
1191.62 -125.752
1193.24 -125.085
1194.87 -124.42
1196.5 -123.755
1198.12 -123.092
1199.76 -122.431
1201.39 -121.77
1203.02 -121.111
1204.65 -120.454
1206.29 -119.798
1207.93 -119.144
1209.57 -118.491
1211.21 -117.839
1212.85 -117.189
1214.49 -116.541
1216.14 -115.894
1217.78 -115.249
1219.43 -114.605
1221.08 -113.963
1222.73 -113.322
1224.38 -112.684
1226.03 -112.047
1227.69 -111.411
1229.35 -110.778
1231 -110.146
1232.66 -109.516
1234.33 -108.887
1235.99 -108.261
1237.65 -107.636
1239.32 -107.014
1240.99 -106.393
1242.66 -105.774
1244.33 -105.157
1246 -104.542
1247.67 -103.928
1249.35 -103.317
1251.03 -102.708
1252.71 -102.101
1254.39 -101.496
1256.07 -100.894
1257.76 -100.293
1259.44 -99.6944
1261.13 -99.0981
1262.82 -98.504
1264.52 -97.9121
1266.21 -97.3226
1267.9 -96.7353
1269.6 -96.1503
1271.3 -95.5677
1273 -94.9875
1274.71 -94.4097
1276.41 -93.8344
1278.12 -93.2615
1279.83 -92.6912
1281.54 -92.1233
1283.25 -91.5581
1284.96 -90.9954
1286.68 -90.4354
1288.4 -89.8781
1290.12 -89.3234
1291.84 -88.7715
1293.56 -88.2223
1295.29 -87.6759
1297.02 -87.1324
1298.75 -86.5917
1300.48 -86.0539
1302.21 -85.519
1303.95 -84.9871
1305.69 -84.4582
1307.43 -83.9324
1309.17 -83.4096
1310.92 -82.8899
1312.66 -82.3734
1314.41 -81.86
1316.16 -81.3499
1317.91 -80.843
1319.67 -80.3394
1321.42 -79.8391
1323.18 -79.3422
1324.94 -78.8488
1326.71 -78.3587
1328.47 -77.8722
1330.24 -77.3891
1332.01 -76.9097
1333.78 -76.4338
1335.55 -75.9616
1337.33 -75.493
1339.11 -75.0282
1340.89 -74.5672
1342.67 -74.1099
1344.45 -73.6565
1346.24 -73.207
1348.03 -72.7615
1349.82 -72.3198
1351.61 -71.8822
1353.4 -71.4487
1355.2 -71.0192
1357 -70.5939
1358.8 -70.1728
1360.6 -69.7559
1362.41 -69.3433
1364.21 -68.9349
1366.02 -68.531
1367.83 -68.1314
1369.65 -67.7362
1371.46 -67.3456
1373.28 -66.9594
1375.1 -66.5779
1376.92 -66.2009
1378.74 -65.8286
1380.57 -65.461
1382.4 -65.0981
1384.23 -64.74
1386.06 -64.3867
1387.89 -64.0383
1389.73 -63.6948
1391.56 -63.3563
1393.4 -63.0227
1395.24 -62.6942
1397.08 -62.3708
1398.93 -62.0524
1400.78 -61.7393
1402.62 -61.4313
1404.47 -61.1286
1406.33 -60.8311
1408.18 -60.539
1410.03 -60.2523
1411.89 -59.9709
1413.75 -59.695
1415.61 -59.4246
1417.47 -59.1597
1419.33 -58.9003
1421.2 -58.6466
1423.07 -58.3985
1424.93 -58.156
1426.8 -57.9192
1428.67 -57.6882
1430.55 -57.463
1432.42 -57.2435
1434.3 -57.0299
1436.17 -56.8222
1438.05 -56.6204
1439.93 -56.4245
1441.81 -56.2346
1443.69 -56.0507
1445.57 -55.8728
1447.46 -55.7009
1449.34 -55.5352
1451.23 -55.3755
1453.12 -55.222
1455.01 -55.0747
1456.89 -54.9335
1458.78 -54.7986
1460.68 -54.6699
1462.57 -54.5474
1464.46 -54.4312
1466.35 -54.3213
1468.25 -54.2177
1470.14 -54.1205
1472.04 -54.0296
1473.93 -53.945
1475.83 -53.8669
1477.73 -53.7951
1479.63 -53.7297
1481.52 -53.6708
1483.42 -53.6182
1485.32 -53.5721
1487.22 -53.5325
1489.12 -53.4993
1491.02 -53.4726
1492.92 -53.4523
1494.82 -53.4385
1496.72 -53.4312
1498.62 -53.4303
1500.52 -53.436
1502.42 -53.4482
1504.32 -53.4669
1506.22 -53.4921
1508.12 -53.5237
1510.02 -53.5617
1511.91 -53.6063
1513.81 -53.6572
1515.71 -53.7146
1517.61 -53.7785
1519.51 -53.8487
1521.4 -53.9254
1523.3 -54.0085
1525.2 -54.0979
1527.09 -54.1937
1528.99 -54.2959
1530.88 -54.4044
1532.77 -54.5192
1534.67 -54.6403
1536.56 -54.7677
1538.45 -54.9013
1540.34 -55.0412
1542.23 -55.1873
1544.11 -55.3396
1546 -55.498
1547.89 -55.6626
1549.77 -55.8334
1551.66 -56.0102
1553.54 -56.193
1555.42 -56.3819
1557.3 -56.5768
1559.18 -56.7777
1561.06 -56.9845
1562.93 -57.1973
1564.81 -57.4159
1566.68 -57.6403
1568.55 -57.8706
1570.42 -58.1066
1572.29 -58.3484
1574.16 -58.5959
1576.03 -58.8491
1577.89 -59.1079
1579.75 -59.3724
1581.61 -59.6423
1583.47 -59.9178
1585.33 -60.1988
1587.19 -60.4853
1589.04 -60.7771
1590.9 -61.0743
1592.75 -61.3769
1594.6 -61.6847
1596.44 -61.9978
1598.29 -62.3161
1600.13 -62.6395
1601.97 -62.9681
1603.81 -63.3018
1605.65 -63.6405
1607.49 -63.9842
1609.32 -64.3328
1611.16 -64.6864
1612.99 -65.0448
1614.81 -65.4081
1616.64 -65.7762
1618.46 -66.149
1620.29 -66.5265
1622.11 -66.9086
1623.93 -67.2954
1625.74 -67.6867
1627.56 -68.0826
1629.37 -68.4829
1631.18 -68.8877
1632.99 -69.2969
1634.79 -69.7104
1636.6 -70.1283
1638.4 -70.5504
1640.2 -70.9767
1641.99 -71.4072
1643.79 -71.8419
1645.58 -72.2806
1647.38 -72.7235
1649.16 -73.1703
1650.95 -73.6211
1652.74 -74.0758
1654.52 -74.5344
1656.3 -74.9969
1658.08 -74.5388
1659.86 -74.0845
1661.65 -73.6341
1663.43 -73.1875
1665.22 -72.7449
1667.01 -72.3063
1668.81 -71.8717
1670.6 -71.4412
1672.4 -71.0147
1674.2 -70.5924
1676 -70.1743
1677.8 -69.7605
1679.61 -69.3509
1681.42 -68.9456
1683.23 -68.5447
1685.04 -68.1481
1686.85 -67.7561
1688.67 -67.3685
1690.49 -66.9854
1692.31 -66.6069
1694.13 -66.233
1695.95 -65.8638
1697.78 -65.4993
1699.61 -65.1395
1701.44 -64.7845
1703.27 -64.4343
1705.1 -64.089
1706.94 -63.7486
1708.77 -63.4132
1710.61 -63.0827
1712.45 -62.7573
1714.3 -62.437
1716.14 -62.1218
1717.99 -61.8117
1719.84 -61.5069
1721.69 -61.2073
1723.54 -60.9129
1725.39 -60.6239
1727.25 -60.3403
1729.11 -60.062
1730.96 -59.7892
1732.82 -59.5219
1734.69 -59.2601
1736.55 -59.0038
1738.41 -58.7531
1740.28 -58.5081
1742.15 -58.2687
1744.02 -58.035
1745.89 -57.807
1747.76 -57.5848
1749.64 -57.3684
1751.51 -57.1578
1753.39 -56.9531
1755.27 -56.7542
1757.15 -56.5614
1759.03 -56.3744
1760.91 -56.1935
1762.79 -56.0185
1764.67 -55.8496
1766.56 -55.6868
1768.44 -55.5301
1770.33 -55.3795
1772.22 -55.235
1774.11 -55.0967
1776 -54.9646
1777.89 -54.8387
1779.78 -54.7191
1781.67 -54.6057
1783.56 -54.4986
1785.46 -54.3977
1787.35 -54.3032
1789.25 -54.215
1791.14 -54.1332
1793.04 -54.0577
1794.94 -53.9886
1796.83 -53.9259
1798.73 -53.8695
1800.63 -53.8196
1802.53 -53.7761
1804.42 -53.7389
1806.32 -53.7083
1808.22 -53.684
1810.12 -53.6662
1812.02 -53.6549
1813.92 -53.6499
1815.82 -53.6514
1817.72 -53.6594
1819.62 -53.6739
1821.52 -53.6948
1823.41 -53.7221
1825.31 -53.7559
1827.21 -53.7961
1829.11 -53.8427
1831.01 -53.8957
1832.91 -53.9551
1834.8 -54.021
1836.7 -54.0932
1838.59 -54.1718
1840.49 -54.2568
1842.39 -54.3481
1844.28 -54.4457
1846.17 -54.5497
1848.07 -54.66
1849.96 -54.7765
1851.85 -54.8993
1853.74 -55.0284
1855.63 -55.1637
1857.52 -55.3052
1859.41 -55.4529
1861.29 -55.6067
1863.18 -55.7667
1865.06 -55.9328
1866.95 -56.1049
1868.83 -56.2832
1870.71 -56.4674
1872.59 -56.6577
1874.47 -56.8539
1876.35 -57.056
1878.23 -57.2641
1880.1 -57.4781
1881.98 -57.6978
1883.85 -57.9235
1885.72 -58.1548
1887.59 -58.392
1889.46 -58.6348
1891.32 -58.8833
1893.19 -59.1375
1895.05 -59.3973
1896.91 -59.6626
1898.77 -59.9335
1900.63 -60.2098
1902.49 -60.4916
1904.34 -60.7789
1906.2 -61.0715
1908.05 -61.3694
1909.9 -61.6727
1911.75 -61.9812
1913.59 -62.2949
1915.44 -62.6138
1917.28 -62.9378
1919.12 -63.2669
1920.96 -63.6011
1922.8 -63.9403
1924.63 -64.2845
1926.47 -64.6336
1928.3 -64.9875
1930.13 -64.6388
1931.96 -64.2949
1933.8 -63.9559
1935.64 -63.6218
1937.47 -63.2927
1939.31 -62.9687
1941.16 -62.6497
1943 -62.3358
1944.85 -62.027
1946.7 -61.7234
1948.55 -61.425
1950.4 -61.132
1952.25 -60.8442
1954.11 -60.5617
1955.96 -60.2846
1957.82 -60.013
1959.68 -59.7467
1961.54 -59.486
1963.4 -59.2308
1965.27 -58.9812
1967.13 -58.7372
1969 -58.4988
1970.87 -58.2661
1972.74 -58.0391
1974.61 -57.8179
1976.49 -57.6024
1978.36 -57.3927
1980.24 -57.1888
1982.11 -56.9909
1983.99 -56.7988
1985.87 -56.6127
1987.75 -56.4325
1989.64 -56.2583
1991.52 -56.0901
1993.4 -55.928
1995.29 -55.7719
1997.17 -55.6219
1999.06 -55.4781
2000.95 -55.3404
2002.84 -55.2088
2004.73 -55.0834
2006.62 -54.9643
2008.51 -54.8514
2010.4 -54.7447
2012.29 -54.6443
2014.19 -54.5501
2016.08 -54.4623
2017.98 -54.3807
2019.87 -54.3055
2021.77 -54.2367
2023.66 -54.1742
2025.56 -54.118
2027.46 -54.0682
2029.36 -54.0248
2031.25 -53.9878
2033.15 -53.9572
2035.05 -53.933
2036.95 -53.9152
2038.84 -53.9038
2040.74 -53.8989
2042.64 -53.9003
2044.54 -53.9082
2046.44 -53.9225
2048.34 -53.9432
2050.23 -53.9703
2052.13 -54.0038
2054.03 -54.0438
2055.93 -54.0901
2057.82 -54.1428
2059.72 -54.2019
2061.62 -54.2673
2063.51 -54.3391
2065.41 -54.4173
2067.3 -54.5018
2069.2 -54.5926
2071.09 -54.6897
2072.98 -54.7931
2074.88 -54.9028
2076.77 -55.0187
2078.66 -55.1409
2080.55 -55.2693
2082.44 -55.4039
2084.32 -55.5446
2086.21 -55.6915
2088.1 -55.8446
2089.98 -56.0037
2091.87 -56.169
2093.75 -56.3403
2095.63 -56.5176
2097.51 -56.7009
2099.39 -56.8902
2101.27 -57.0854
2103.15 -57.2866
2105.02 -57.4936
2106.9 -57.7065
2108.77 -57.9253
2110.64 -58.1498
2112.51 -58.38
2114.38 -58.616
2116.25 -58.8577
2118.12 -59.105
2119.98 -59.358
2121.84 -59.6165
2123.7 -59.8806
2125.56 -60.1502
2127.42 -60.4253
2129.28 -60.7058
2131.13 -60.9917
2132.99 -61.2829
2134.84 -61.5795
2136.69 -61.8813
2138.54 -62.1884
2140.38 -62.5007
2142.23 -62.8182
2144.07 -63.1407
2145.91 -63.4684
2147.75 -63.8011
2149.58 -64.1387
2151.42 -64.4814
2153.25 -64.8289
2155.08 -65.1814
2156.91 -65.5386
2158.74 -65.9006
2160.56 -66.2674
2162.39 -66.6389
2164.21 -67.015
2166.03 -67.3958
2167.85 -67.7811
2169.66 -68.171
2171.47 -68.5653
2173.29 -68.9641
2175.09 -69.3673
2176.9 -69.7749
2178.71 -70.1867
2180.51 -70.6029
2182.31 -71.0233
2184.11 -71.4479
2185.91 -71.8766
2187.7 -72.3094
2189.49 -72.7463
2191.28 -73.1873
2193.07 -73.6322
2194.86 -74.081
2196.64 -74.5338
2198.42 -74.9904
2200.21 -74.5382
2201.99 -74.0897
2203.78 -73.6452
2205.57 -73.2045
2207.36 -72.7678
2209.15 -72.3351
2210.94 -71.9064
2212.74 -71.4818
2214.54 -71.0613
2216.34 -70.645
2218.14 -70.2328
2219.95 -69.8249
2221.75 -69.4213
2223.56 -69.022
2225.37 -68.6271
2227.19 -68.2366
2229 -67.8505
2230.82 -67.4689
2232.64 -67.0919
2234.46 -66.7194
2236.28 -66.3516
2238.1 -65.9884
2239.93 -65.6299
2241.76 -65.2761
2243.59 -64.9272
2245.42 -65.2813
2247.25 -65.6403
2249.08 -66.004
2250.9 -66.3725
2252.72 -66.7457
2254.54 -67.1235
2256.36 -67.5059
2258.18 -67.8929
2259.99 -68.2843
2261.81 -68.6803
2263.62 -69.0807
2265.43 -69.4855
2267.23 -69.8946
2269.04 -70.3081
2270.84 -70.7258
2272.64 -71.1477
2274.44 -71.5738
2276.23 -72.0041
2278.03 -72.4384
2279.82 -72.8768
2281.61 -73.3192
2283.4 -73.7656
2285.18 -74.2159
2286.97 -74.6701
2288.75 -75.1281
2290.53 -75.59
2292.3 -76.0556
2294.08 -76.5249
2295.85 -76.9979
2297.62 -77.4746
2299.39 -77.9549
2301.16 -78.4387
2302.92 -78.9261
2304.69 -79.4169
2306.45 -79.9112
2308.2 -80.4089
2309.96 -80.91
2311.71 -81.4144
2313.47 -81.9221
2315.22 -82.4331
2316.96 -82.9472
2318.71 -83.4646
2320.45 -83.9851
2322.2 -84.5087
2323.94 -85.0354
2325.67 -85.5652
2327.41 -86.0979
2329.14 -86.6336
2330.88 -87.1722
2332.6 -87.7138
2334.33 -88.2582
2336.06 -88.8054
2337.78 -89.3555
2339.5 -89.9082
2341.23 -89.3588
2342.95 -88.8121
2344.68 -88.2682
2346.4 -87.7271
2348.13 -87.1888
2349.86 -86.6534
2351.6 -86.1208
2353.33 -85.5913
2355.07 -85.0647
2356.81 -84.5411
2358.55 -84.0206
2360.3 -83.5031
2362.04 -82.9887
2363.79 -82.4775
2365.54 -81.9695
2367.29 -81.4647
2369.05 -80.9632
2370.8 -80.465
2372.56 -79.9701
2374.32 -79.4786
2376.08 -78.9905
2377.85 -78.5058
2379.61 -78.0247
2381.38 -77.547
2383.15 -77.073
2384.92 -76.6025
2386.7 -76.1357
2388.47 -75.6725
2390.25 -75.2131
2392.03 -74.7575
2393.82 -74.3056
2395.6 -73.8576
2397.39 -73.4135
2399.18 -72.9733
2400.97 -72.5371
2402.76 -72.1049
2404.56 -71.6767
2406.35 -71.2527
2408.15 -70.8327
2409.95 -70.417
2411.76 -70.0055
2413.56 -70.4217
2415.36 -70.8422
2417.16 -71.267
2418.96 -71.6958
2420.75 -72.1288
2422.55 -72.5659
2424.34 -73.007
2426.13 -73.4522
2427.91 -73.9012
2429.7 -74.3542
2431.48 -74.8111
2433.26 -75.2718
2435.04 -75.7362
2436.81 -76.2045
2438.59 -76.6764
2440.36 -77.152
2442.13 -77.6312
2443.9 -78.1141
2445.66 -78.6004
2447.43 -79.0903
2449.19 -79.5836
2450.95 -80.0804
2452.71 -80.5806
2454.46 -81.0841
2456.21 -81.591
2457.96 -82.1011
2459.71 -82.6144
2461.46 -83.131
2463.21 -83.6508
2464.95 -84.1736
2466.69 -84.6996
2468.43 -85.2286
2470.16 -85.7607
2471.9 -86.2957
2473.63 -86.8337
2475.36 -87.3746
2477.09 -87.9184
2478.82 -88.465
2480.54 -89.0145
2482.27 -89.5667
2483.99 -90.1217
2485.7 -90.6794
2487.42 -91.2398
2489.14 -91.8028
2490.85 -92.3685
2492.56 -92.9367
2494.27 -93.5075
2495.98 -94.0808
2497.68 -94.6566
2499.39 -95.2349
2501.09 -95.8157
2502.79 -96.3988
2504.48 -96.9843
2506.18 -97.5721
2507.87 -98.1623
2509.57 -98.7548
2511.26 -99.3495
2512.95 -99.9465
2514.63 -99.3523
2516.32 -98.7604
2518.02 -98.1708
2519.71 -97.5834
2521.41 -96.9983
2523.1 -96.4155
2524.8 -95.8351
2526.51 -95.257
2528.21 -94.6814
2529.91 -94.1082
2531.62 -93.5374
2533.33 -92.9692
2535.04 -92.4035
2536.75 -91.8404
2538.47 -91.2798
2540.18 -90.7219
2541.9 -90.1666
2543.62 -89.6141
2545.35 -89.0642
2547.07 -88.5171
2548.8 -87.9727
2550.52 -87.4312
2552.25 -86.8926
2553.99 -86.3568
2555.72 -85.824
2557.46 -85.2941
2559.19 -84.7671
2560.93 -84.2433
2562.68 -83.7224
2564.42 -83.2047
2566.17 -82.6901
2567.92 -82.1787
2569.67 -81.6704
2571.42 -81.1655
2573.17 -80.6637
2574.93 -80.1654
2576.69 -79.6703
2578.45 -79.1787
2580.21 -78.6904
2581.98 -78.2057
2583.74 -77.7245
2585.51 -77.2468
2587.28 -76.7726
2589.06 -76.3022
2590.83 -75.8353
2592.61 -75.3722
2594.39 -74.9128
2596.17 -74.4573
2597.95 -74.0055
2599.74 -73.5576
2601.53 -73.1136
2603.32 -72.6736
2605.11 -72.2375
2606.9 -71.8055
2608.7 -71.3776
2610.5 -70.9537
2612.3 -70.5341
2614.1 -70.1186
2615.9 -69.7074
2617.71 -69.3004
2619.52 -68.8978
2621.33 -68.4995
2623.14 -68.1057
2624.95 -67.7163
2626.77 -67.3314
2628.59 -66.9511
2630.41 -66.5753
2632.23 -66.2041
2634.06 -65.8376
2635.88 -65.4759
2637.71 -65.1188
2639.54 -64.7666
2641.37 -64.4192
2643.21 -64.0766
2645.04 -63.739
2646.88 -63.4064
2648.72 -63.0787
2650.56 -62.7561
2652.41 -62.4386
2654.25 -62.1262
2656.1 -61.819
2657.95 -61.5169
2659.8 -61.2201
2661.65 -60.9286
2663.5 -60.6425
2665.36 -60.3616
2667.22 -60.0862
2669.08 -59.8163
2670.94 -59.5518
2672.8 -59.2928
2674.66 -59.0394
2676.53 -58.7915
2678.4 -58.5493
2680.26 -58.3128
2682.13 -58.0819
2684.01 -57.8568
2685.88 -57.6375
2687.75 -57.4239
2689.63 -57.2162
2691.5 -57.0143
2693.38 -56.8183
2695.26 -56.6283
2697.14 -56.4441
2699.02 -56.266
2700.91 -56.0939
2702.79 -55.9278
2704.67 -55.7678
2706.56 -55.6139
2708.45 -55.4661
2710.34 -55.3244
2712.22 -55.1889
2714.11 -55.0596
2716 -54.9365
2717.9 -54.8196
2719.79 -54.7089
2721.68 -54.6046
2723.57 -54.5065
2725.47 -54.4147
2727.36 -54.3292
2729.26 -54.25
2731.15 -54.1772
2733.05 -54.1108
2734.95 -54.0507
2736.84 -53.997
2738.74 -53.9497
2740.64 -53.9088
2742.54 -53.8743
2744.43 -53.8461
2746.33 -53.8245
2748.23 -53.8092
2750.13 -53.8004
2752.03 -53.7979
2753.93 -53.8019
2755.83 -53.8123
2757.73 -53.8292
2759.62 -53.8524
2761.52 -53.8821
2763.42 -53.9182
2765.32 -53.9607
2767.21 -54.0096
2769.11 -54.0649
2771.01 -54.1266
2772.91 -54.1946
2774.8 -54.2691
2776.7 -54.3498
2778.59 -54.437
2780.49 -54.5304
2782.38 -54.6302
2784.27 -54.7362
2786.16 -54.8486
2788.06 -54.9671
2789.95 -55.092
2791.84 -55.223
2793.73 -55.3603
2795.61 -55.5037
2797.5 -55.6533
2799.39 -55.809
2801.27 -55.9709
2803.16 -56.1388
2805.04 -56.3128
2806.92 -56.4928
2808.8 -56.6788
2810.68 -56.8707
2812.56 -57.0687
2814.44 -57.2725
2816.31 -57.4822
2818.19 -57.6978
2820.06 -57.9192
2821.93 -58.1464
2823.8 -58.3793
2825.67 -58.6179
2827.54 -58.8623
2829.4 -59.1123
2831.27 -59.3679
2833.13 -59.629
2834.99 -59.8957
2836.85 -60.168
2838.71 -60.4457
2840.56 -60.7288
2842.42 -61.0173
2844.27 -61.3111
2846.12 -61.6103
2847.97 -61.9147
2849.82 -62.2244
2851.66 -62.5393
2853.5 -62.8593
2855.35 -63.1844
2857.19 -63.5146
2859.02 -63.8498
2860.86 -64.19
2862.7 -64.5352
2864.53 -64.8852
2866.36 -65.2401
2868.19 -65.5999
2870.01 -65.9644
2871.84 -66.3336
2873.66 -66.7075
2875.48 -67.0861
2877.3 -67.4693
2879.12 -67.857
2880.93 -68.2493
2882.74 -68.646
2884.55 -69.0472
2886.36 -69.4528
2888.17 -69.8627
2889.97 -70.2769
2891.78 -70.6954
2893.58 -71.1181
2895.37 -71.545
2897.17 -71.976
2898.96 -72.4112
2900.76 -72.8503
2902.54 -73.2935
2904.33 -73.7407
2906.12 -74.1918
2907.9 -74.6468
2909.68 -75.1056
2911.46 -75.5682
2913.24 -76.0346
2915.01 -76.5047
2916.79 -76.9785
2918.56 -77.456
2920.33 -77.937
2922.09 -78.4216
2923.86 -78.9098
2925.62 -79.4014
2927.38 -79.8965
2929.14 -80.3949
2930.89 -80.8968
2932.65 -81.402
2934.4 -81.9104
2936.15 -82.4222
2937.9 -82.9371
2939.64 -83.4553
2941.39 -83.9765
2943.13 -84.5009
2944.87 -85.0284
2946.61 -85.5589
2948.34 -86.0924
2950.07 -86.6289
2951.81 -87.1683
2953.54 -87.7106
2955.26 -88.2557
2956.99 -88.8037
2958.71 -89.3545
2960.43 -89.9081
2962.16 -89.3579
2963.88 -88.8104
2965.6 -88.2657
2967.33 -87.7238
2969.06 -87.1848
2970.79 -86.6486
2972.53 -86.1154
2974.26 -85.585
2976 -85.0577
2977.74 -84.5333
2979.48 -84.012
2981.22 -83.4938
2982.97 -82.9787
2984.72 -82.4667
2986.47 -81.9579
2988.22 -81.4523
2989.97 -80.95
2991.73 -80.451
2993.48 -79.9554
2995.24 -79.4631
2997.01 -78.9742
2998.77 -78.4888
3000.54 -78.0068
3002.3 -77.5284
3004.07 -77.0535
3005.85 -76.5823
3007.62 -76.1147
3009.4 -75.6508
3011.18 -75.1906
3012.96 -74.7341
3014.74 -74.2815
3016.52 -73.8327
3018.31 -73.3878
3020.1 -72.9468
3021.89 -72.5098
3023.68 -72.0769
3025.48 -71.6479
3027.28 -71.2231
3029.07 -70.8023
3030.88 -70.3858
3032.68 -69.9735
3034.48 -69.5654
3036.29 -69.1617
3038.1 -68.7622
3039.91 -68.3672
3041.73 -67.9766
3043.54 -67.5905
3045.36 -67.2089
3047.18 -66.8318
3049 -66.4593
3050.82 -66.0915
3052.65 -65.7284
3054.48 -65.37
3056.31 -65.0163
3058.14 -64.6675
3059.97 -64.3235
3061.81 -63.9844
3063.64 -63.6502
3065.48 -63.321
3067.32 -62.9968
3069.17 -62.6777
3071.01 -62.3637
3072.86 -62.0548
3074.7 -61.7511
3076.55 -61.4526
3078.4 -61.1594
3080.26 -60.8715
3082.11 -60.5889
3083.97 -60.3117
3085.83 -60.0399
3087.69 -59.7735
3089.55 -59.5127
3091.41 -59.2574
3093.27 -59.0076
3095.14 -58.7634
3097.01 -58.5249
3098.88 -58.292
3100.75 -58.0648
3102.62 -57.8434
3104.49 -57.6278
3106.37 -57.4179
3108.24 -57.2139
3110.12 -57.0158
3112 -56.8235
3113.88 -56.6372
3115.76 -56.4568
3117.64 -56.2824
3119.52 -56.114
3121.41 -55.9517
3123.29 -55.7954
3125.18 -55.6453
3127.06 -55.5012
3128.95 -55.3633
3130.84 -55.2315
3132.73 -55.106
3134.62 -54.9866
3136.51 -54.8734
3138.41 -54.7665
3140.3 -54.6659
3142.19 -54.5715
3144.09 -54.4835
3145.98 -54.4017
3147.88 -54.3263
3149.77 -54.2572
3151.67 -54.1944
3153.56 -54.138
3155.46 -54.088
3157.36 -54.0443
3159.26 -54.0071
3161.15 -53.9762
3163.05 -53.9518
3164.95 -53.9337
3166.85 -53.9221
3168.75 -53.9168
3170.64 -53.918
3172.54 -53.9256
3174.44 -53.9397
3176.34 -53.9601
3178.24 -53.987
3180.13 -54.0203
3182.03 -54.0599
3183.93 -54.106
3185.83 -54.1584
3187.72 -54.2172
3189.62 -54.2824
3191.51 -54.3539
3193.41 -54.4318
3195.3 -54.516
3197.2 -54.6065
3199.09 -54.7034
3200.98 -54.8065
3202.88 -54.9159
3204.77 -55.0315
3206.66 -55.1534
3208.55 -55.2815
3210.44 -55.4158
3212.33 -55.5563
3214.21 -55.7029
3216.1 -55.8557
3217.98 -56.0145
3219.87 -56.1795
3221.75 -56.3505
3223.63 -56.5275
3225.51 -56.7105
3227.39 -56.8995
3229.27 -57.0944
3231.15 -57.2953
3233.03 -57.502
3234.9 -57.7146
3236.77 -57.9331
3238.64 -58.1573
3240.52 -58.3872
3242.38 -58.6229
3244.25 -58.8643
3246.12 -59.1113
3247.98 -59.364
3249.84 -59.6222
3251.71 -59.886
3253.57 -60.1553
3255.42 -60.43
3257.28 -60.7102
3259.14 -60.9958
3260.99 -61.2868
3262.84 -61.5831
3264.69 -61.8846
3266.54 -62.1914
3268.38 -62.5034
3270.23 -62.8205
3272.07 -63.1428
3273.91 -63.4701
3275.75 -63.8025
3277.59 -64.1399
3279.42 -64.4822
3281.25 -64.8295
3283.09 -65.1816
3284.92 -65.5386
3286.74 -65.9003
3288.57 -66.2668
3290.39 -66.6379
3292.21 -67.0138
3294.03 -67.3942
3295.85 -67.7793
3297.66 -68.1688
3299.48 -68.5629
3301.29 -68.9614
3303.1 -69.3643
3304.91 -69.7716
3306.71 -70.1832
3308.51 -70.599
3310.31 -71.0191
3312.11 -71.4434
3313.91 -71.8719
3315.71 -72.3045
3317.5 -72.7411
3319.29 -73.1817
3321.08 -73.6264
3322.86 -74.0749
3324.65 -74.5274
3326.43 -74.9837
3328.21 -75.4439
3329.99 -75.9078
3331.76 -76.3755
3333.54 -76.8469
3335.31 -77.3219
3337.08 -77.8006
3338.85 -78.2828
3340.61 -78.7686
3342.38 -79.2579
3344.14 -79.7506
3345.9 -80.2467
3347.65 -80.7463
3349.41 -81.2492
3351.16 -81.7554
3352.91 -82.2648
3354.66 -82.7775
3356.41 -83.2934
3358.15 -83.8125
3359.89 -84.3347
3361.64 -84.8599
3363.37 -85.3882
3365.11 -85.9196
3366.84 -86.4539
3368.58 -86.9912
3370.31 -87.5313
3372.04 -88.0744
3373.76 -88.6203
3375.49 -89.169
3377.21 -89.7205
3378.93 -90.2747
3380.65 -90.8316
3382.37 -91.3912
3384.08 -91.9535
3385.79 -92.5184
3387.51 -93.0858
3389.21 -93.6558
3390.92 -94.2284
3392.63 -94.8034
3394.33 -95.3809
3396.03 -95.9608
3397.73 -96.5431
3399.43 -97.1278
3401.13 -97.7148
3402.82 -98.3042
3404.51 -98.8958
3406.2 -99.4897
3407.89 -100.086
3409.58 -99.4925
3411.27 -98.9014
3412.96 -98.3126
3414.66 -97.726
3416.35 -97.1417
3418.05 -96.5598
3419.75 -95.9801
3421.45 -95.4029
3423.16 -94.8281
3424.86 -94.2557
3426.57 -93.6857
3428.28 -93.1183
3429.99 -92.5534
3431.7 -91.991
3433.41 -91.4312
3435.13 -90.8741
3436.85 -90.3195
3438.57 -89.7677
3440.29 -89.2186
3442.02 -88.6722
3443.74 -88.1286
3445.47 -87.5879
3447.2 -87.0499
3448.93 -86.5149
3450.67 -85.9827
3452.4 -85.4535
3454.14 -84.9273
3455.88 -84.4041
3457.62 -83.884
3459.37 -83.3669
3461.11 -82.853
3462.86 -82.3422
3464.61 -81.8347
3466.36 -81.3303
3468.12 -80.8293
3469.87 -80.3315
3471.63 -79.8371
3473.39 -79.346
3475.15 -78.8584
3476.92 -78.3743
3478.68 -77.8936
3480.45 -77.4165
3482.22 -76.9429
3484 -76.473
3485.77 -76.0067
3487.55 -75.5442
3489.33 -75.0853
3491.11 -74.6302
3492.89 -74.179
3494.68 -73.7316
3496.47 -73.2881
3498.26 -72.8485
3500.05 -72.4129
3501.84 -71.9814
3503.64 -71.5538
3505.43 -71.1304
3507.23 -70.7112
3509.04 -70.2961
3510.84 -69.8853
3512.65 -69.4787
3514.45 -69.0764
3516.26 -68.6785
3518.08 -68.285
3519.89 -67.8959
3521.71 -67.5113
3523.52 -67.1313
3525.34 -66.7558
3527.17 -66.3849
3528.99 -66.0186
3530.82 -65.6571
3532.64 -65.3002
3534.47 -64.9482
3536.31 -64.601
3538.14 -64.2586
3539.97 -63.9212
3541.81 -63.5886
3543.65 -63.2611
3545.49 -62.9386
3547.34 -62.6211
3549.18 -62.3088
3551.03 -62.0016
3552.87 -61.6996
3554.72 -61.4028
3556.58 -61.1113
3558.43 -60.8251
3560.29 -60.5443
3562.14 -60.2688
3564 -59.9987
3565.86 -59.7341
3567.72 -59.4751
3569.59 -59.2215
3571.45 -58.9735
3573.32 -58.7311
3575.18 -58.4944
3577.05 -58.2633
3578.92 -58.0379
3580.8 -57.8183
3582.67 -57.6045
3584.54 -57.3964
3586.42 -57.1942
3588.3 -56.9979
3590.18 -56.8075
3592.06 -56.623
3593.94 -56.4445
3595.82 -56.2719
3597.7 -56.1054
3599.59 -55.9449
3601.47 -55.7905
3603.36 -55.6422
3605.24 -55.5
3607.13 -55.3639
3609.02 -55.234
3610.91 -55.1103
3612.8 -54.9928
3614.69 -54.8815
3616.59 -54.7765
3618.48 -54.6777
3620.37 -54.5852
3622.27 -54.499
3624.16 -54.4191
3626.06 -54.3456
3627.95 -54.2783
3629.85 -54.2174
3631.74 -54.1629
3633.64 -54.1147
3635.54 -54.0729
3637.44 -54.0375
3639.33 -54.0085
3641.23 -53.9859
3643.13 -53.9697
3645.03 -53.9599
3646.93 -53.9565
3648.82 -53.9595
3650.72 -53.9689
3652.62 -53.9848
3654.52 -54.007
3656.42 -54.0356
3658.31 -54.0707
3660.21 -54.1121
3662.11 -54.1599
3664 -54.2141
3665.9 -54.2747
3667.8 -54.3416
3669.69 -54.4149
3671.59 -54.4945
3673.48 -54.5804
3675.38 -54.6726
3677.27 -54.7712
3679.16 -54.876
3681.05 -54.987
3682.94 -55.1044
3684.83 -55.2279
3686.72 -55.3577
3688.61 -55.4936
3690.5 -55.6357
3692.39 -55.7839
3694.27 -55.9383
3696.16 -56.0988
3698.04 -56.2653
