250 -600
251.421 -599.095
252.841 -598.19
254.262 -597.285
255.682 -596.38
257.103 -595.475
258.523 -594.57
259.944 -593.665
261.364 -592.76
262.785 -591.855
264.206 -590.95
265.626 -590.045
267.047 -589.14
268.467 -588.235
269.888 -587.33
271.308 -586.425
272.729 -585.521
274.15 -584.616
275.57 -583.711
276.991 -582.806
278.411 -581.901
279.832 -580.996
281.252 -580.091
282.673 -579.186
284.094 -578.281
285.514 -577.376
286.935 -576.471
288.355 -575.566
289.776 -574.661
291.197 -573.756
292.617 -572.851
294.038 -571.946
295.458 -571.041
296.879 -570.136
298.3 -569.231
299.72 -568.326
301.141 -567.421
302.562 -566.516
303.982 -565.611
305.403 -564.706
306.823 -563.801
308.244 -562.896
309.665 -561.992
311.085 -561.087
312.506 -560.182
313.927 -559.277
315.347 -558.372
316.768 -557.467
318.189 -556.562
319.609 -555.657
321.03 -554.752
322.451 -553.847
323.871 -552.942
325.292 -552.038
326.713 -551.133
328.133 -550.228
329.554 -549.323
330.975 -548.418
332.396 -547.513
333.816 -546.608
335.237 -545.703
336.658 -544.798
338.078 -543.893
339.499 -542.988
340.92 -542.084
342.341 -541.179
343.761 -540.274
345.182 -539.369
346.603 -538.464
348.024 -537.559
349.444 -536.654
350.865 -535.749
352.286 -534.844
353.707 -533.939
355.127 -533.035
356.548 -532.13
357.969 -531.225
359.39 -530.32
360.81 -529.415
362.231 -528.51
363.652 -527.606
365.073 -526.701
366.494 -525.796
367.915 -524.891
369.335 -523.986
370.756 -523.081
372.177 -522.176
373.598 -521.272
375.019 -520.367
376.44 -519.462
377.86 -518.557
379.281 -517.652
380.702 -516.747
382.123 -515.843
383.544 -514.938
384.965 -514.033
386.386 -513.128
387.807 -512.223
389.228 -511.318
390.648 -510.414
392.069 -509.509
393.49 -508.604
394.911 -507.699
396.332 -506.794
397.753 -505.89
399.174 -504.985
400.595 -504.08
402.016 -503.175
403.437 -502.27
404.858 -501.366
406.279 -500.461
407.7 -499.556
409.121 -498.651
410.542 -497.747
411.963 -496.842
413.384 -495.937
414.805 -495.032
416.226 -494.128
417.647 -493.223
419.068 -492.318
420.489 -491.413
421.911 -490.509
423.332 -489.604
424.753 -488.699
426.174 -487.795
427.595 -486.89
429.016 -485.985
430.437 -485.08
431.858 -484.176
433.28 -483.271
434.701 -482.366
436.122 -481.462
437.543 -480.557
438.964 -479.652
440.385 -478.748
441.807 -477.843
443.228 -476.938
444.649 -476.034
446.07 -475.129
447.492 -474.224
448.913 -473.32
450.334 -472.415
451.756 -471.51
453.177 -470.606
454.598 -469.701
456.02 -468.797
457.441 -467.892
458.862 -466.987
460.284 -466.083
461.705 -465.178
463.126 -464.274
464.548 -463.369
465.969 -462.465
467.391 -461.56
468.812 -460.655
470.234 -459.751
471.655 -458.846
473.077 -457.942
474.498 -457.037
475.92 -456.133
477.341 -455.228
478.763 -454.324
480.184 -453.419
481.606 -452.515
483.027 -451.61
484.449 -450.706
485.871 -449.801
487.292 -448.897
488.714 -447.992
490.136 -447.088
491.557 -446.183
492.979 -445.279
494.401 -444.375
495.823 -443.47
497.244 -442.566
498.666 -441.661
500.088 -440.757
501.51 -439.852
502.931 -438.948
504.353 -438.044
505.775 -437.139
507.197 -436.235
508.619 -435.331
510.041 -434.426
511.463 -433.522
512.885 -432.618
514.307 -431.713
515.729 -430.809
517.151 -429.905
518.573 -429.001
519.995 -428.096
521.417 -427.192
522.839 -426.288
524.261 -425.384
525.683 -424.479
527.106 -423.575
528.528 -422.671
529.95 -421.767
531.372 -420.862
532.794 -419.958
534.217 -419.054
535.639 -418.15
537.061 -417.246
538.484 -416.342
539.906 -415.438
541.329 -414.534
542.751 -413.629
544.174 -412.725
545.596 -411.821
547.019 -410.917
548.441 -410.013
549.864 -409.109
551.286 -408.205
552.709 -407.301
554.132 -406.397
555.554 -405.493
556.977 -404.589
558.4 -403.685
559.823 -402.781
561.245 -401.877
562.668 -400.974
564.091 -400.07
565.514 -399.166
566.937 -398.262
568.36 -397.358
569.783 -396.454
571.206 -395.55
572.629 -394.647
574.052 -393.743
575.475 -392.839
576.898 -391.935
578.322 -391.032
579.745 -390.128
581.168 -389.224
582.591 -388.32
584.015 -387.417
585.438 -386.513
586.862 -385.61
588.285 -384.706
589.709 -383.802
591.132 -382.899
592.556 -381.995
593.979 -381.092
595.403 -380.188
596.827 -379.285
598.251 -378.381
599.674 -377.478
601.098 -376.574
602.522 -375.671
603.946 -374.768
605.37 -373.864
606.794 -372.961
608.218 -372.057
609.642 -371.154
611.066 -370.251
612.491 -369.348
613.915 -368.444
615.339 -367.541
616.764 -366.638
618.188 -365.735
619.612 -364.832
621.037 -363.929
622.462 -363.025
623.886 -362.122
625.311 -361.219
626.736 -360.316
628.16 -359.413
629.585 -358.51
631.01 -357.607
632.435 -356.705
633.86 -355.802
635.285 -354.899
636.71 -353.996
638.135 -353.093
639.561 -352.19
640.986 -351.288
642.411 -350.385
643.837 -349.482
645.262 -348.58
646.688 -347.677
648.114 -346.774
649.539 -345.872
650.965 -344.969
652.391 -344.067
653.817 -343.164
655.243 -342.262
656.669 -341.36
658.095 -340.457
659.521 -339.555
660.948 -338.653
662.374 -337.75
663.8 -336.848
665.227 -335.946
666.653 -335.044
668.08 -334.142
669.507 -333.24
670.934 -332.338
672.361 -331.436
673.788 -330.534
675.215 -329.632
676.642 -328.73
678.069 -327.828
679.496 -326.926
680.924 -326.025
682.351 -325.123
683.779 -324.221
685.207 -323.32
686.634 -322.418
688.062 -321.517
689.49 -320.615
690.918 -319.714
692.346 -318.812
693.775 -317.911
695.203 -317.01
696.632 -316.108
698.06 -315.207
699.489 -314.306
700.918 -313.405
702.346 -312.504
703.776 -311.603
705.205 -310.702
706.634 -309.801
708.063 -308.9
709.493 -307.999
710.922 -307.099
712.352 -306.198
713.782 -305.297
715.212 -304.397
716.642 -303.496
718.072 -302.596
719.502 -301.696
720.933 -300.795
722.363 -299.895
723.794 -298.995
725.225 -298.095
726.656 -297.195
728.087 -296.295
729.518 -295.395
730.949 -294.495
732.381 -293.595
733.812 -292.695
735.244 -291.796
736.676 -290.896
738.108 -289.997
739.54 -289.097
740.973 -288.198
742.405 -287.299
743.838 -286.399
745.271 -285.5
746.704 -284.601
748.137 -283.702
749.57 -282.803
751.004 -281.904
752.437 -281.006
753.871 -280.107
755.305 -279.208
756.739 -278.31
758.173 -277.411
759.608 -276.513
761.043 -275.615
762.478 -274.717
763.913 -273.819
765.348 -272.921
766.783 -272.023
768.219 -271.125
769.655 -270.227
771.091 -269.33
772.527 -268.432
773.963 -267.535
775.4 -266.637
776.837 -265.74
778.274 -264.843
779.711 -263.946
781.148 -263.049
782.586 -262.152
784.024 -261.256
785.462 -260.359
786.901 -259.463
788.339 -258.566
789.778 -257.67
791.217 -256.774
792.656 -255.878
794.096 -254.982
795.536 -254.086
796.976 -253.191
798.416 -252.295
799.856 -251.4
801.297 -250.504
802.738 -249.609
804.18 -248.714
805.621 -247.819
807.063 -246.925
808.505 -246.03
809.947 -245.136
811.39 -244.241
812.833 -243.347
814.276 -242.453
815.72 -241.559
817.164 -240.665
818.608 -239.772
820.052 -238.878
821.497 -237.985
822.942 -237.092
824.388 -236.199
825.833 -235.306
827.279 -234.413
828.726 -233.521
830.172 -232.629
831.619 -231.736
833.067 -230.844
834.514 -229.953
835.962 -229.061
837.411 -228.169
838.859 -227.278
840.308 -226.387
841.758 -225.496
843.208 -224.605
844.658 -223.715
846.108 -222.824
847.559 -221.934
849.011 -221.044
850.463 -220.155
851.915 -219.265
853.367 -218.376
854.82 -217.487
856.274 -216.598
857.727 -215.709
859.182 -214.82
860.636 -213.932
862.091 -213.044
863.547 -212.156
865.003 -211.269
866.459 -210.381
867.916 -209.494
869.374 -208.607
870.832 -207.721
872.29 -206.834
873.749 -205.948
875.208 -205.062
876.668 -204.177
878.128 -203.291
879.589 -202.406
881.05 -201.521
882.512 -200.637
883.974 -199.753
885.437 -198.869
886.901 -197.985
888.365 -197.101
889.829 -196.218
891.294 -195.335
892.76 -194.453
894.226 -193.571
895.693 -192.689
897.16 -191.807
898.628 -190.926
900.097 -190.045
901.566 -189.164
903.036 -188.284
904.507 -187.404
905.978 -186.524
907.45 -185.645
908.922 -184.766
910.395 -183.888
911.869 -183.009
913.343 -182.131
914.818 -181.254
916.294 -180.377
917.771 -179.5
919.248 -178.624
920.726 -177.748
922.205 -176.872
923.684 -175.997
925.164 -175.123
926.645 -174.248
928.127 -173.374
929.61 -172.501
931.093 -171.628
932.577 -170.756
934.062 -169.883
935.548 -169.012
937.034 -168.141
938.521 -167.27
940.01 -166.4
941.499 -165.53
942.989 -164.661
944.48 -163.792
945.971 -162.924
947.464 -162.056
948.958 -161.189
950.452 -160.322
951.948 -159.456
953.444 -158.59
954.941 -157.725
956.44 -156.861
957.939 -155.997
959.439 -155.134
960.941 -154.271
962.443 -153.409
963.946 -152.547
965.451 -151.686
966.956 -150.826
968.463 -149.966
969.971 -149.107
971.479 -148.249
972.989 -147.391
974.5 -146.534
976.013 -145.678
977.526 -144.822
979.041 -143.967
980.556 -143.113
982.073 -142.26
983.591 -141.407
985.111 -140.555
986.631 -139.704
988.153 -138.853
989.676 -138.004
991.201 -137.155
992.727 -136.307
994.254 -135.46
995.782 -134.613
997.312 -133.768
998.843 -132.923
1000.38 -132.079
1001.91 -131.236
1003.45 -130.395
1004.98 -129.553
1006.52 -128.713
1008.06 -127.874
1009.6 -127.036
1011.14 -126.199
1012.69 -125.363
1014.23 -124.527
1015.78 -123.693
1017.33 -122.86
1018.88 -122.028
1020.43 -121.197
1021.99 -120.367
1023.54 -119.539
1025.1 -118.711
1026.66 -117.885
1028.22 -117.059
1029.78 -116.235
1031.35 -115.412
1032.91 -114.591
1034.48 -113.77
1036.05 -112.951
1037.62 -112.133
1039.2 -111.317
1040.77 -110.502
1042.35 -109.688
1043.93 -108.876
1045.51 -108.065
1047.09 -107.255
1048.68 -106.447
1050.27 -105.64
1051.85 -104.835
1053.45 -104.032
1055.04 -103.23
1056.64 -102.429
1058.23 -101.63
1059.83 -100.833
1061.44 -100.038
1063.04 -99.2438
1064.65 -98.4516
1066.26 -97.6613
1067.87 -96.8727
1069.48 -96.0859
1071.1 -95.3009
1072.71 -94.5179
1074.33 -93.7367
1075.96 -92.9575
1077.58 -92.1803
1079.21 -91.405
1080.84 -90.6318
1082.48 -89.8607
1084.11 -89.0917
1085.75 -88.3249
1087.39 -87.5602
1089.03 -86.7978
1090.68 -86.0376
1092.33 -85.2797
1093.98 -84.5241
1095.64 -83.771
1097.29 -83.0203
1098.95 -82.272
1100.62 -81.5263
1102.28 -80.7831
1103.95 -80.0424
1105.62 -79.3045
1107.3 -78.5692
1108.97 -77.8367
1110.65 -77.107
1112.34 -76.38
1114.02 -75.656
1115.71 -74.9349
1117.41 -74.2168
1119.1 -73.5017
1120.8 -72.7898
1122.5 -72.0809
1124.21 -71.3753
1125.92 -70.6729
1127.63 -69.9738
1129.34 -69.2781
1131.06 -68.5858
1132.78 -67.897
1134.51 -67.2118
1136.24 -66.5302
1137.97 -65.8522
1139.71 -65.178
1141.44 -64.5076
1143.19 -63.841
1144.93 -63.1784
1146.68 -62.5198
1148.44 -61.8652
1150.19 -61.2148
1151.95 -60.5686
1153.72 -59.9267
1155.48 -59.2891
1157.26 -58.656
1159.03 -58.0273
1160.81 -57.4033
1162.59 -56.7839
1164.38 -56.1692
1166.17 -55.5593
1167.96 -54.9543
1169.76 -54.3544
1171.56 -53.7594
1173.36 -53.1696
1175.17 -52.585
1176.99 -52.0057
1178.8 -51.4318
1180.62 -50.8634
1182.45 -50.3006
1184.27 -49.7434
1186.11 -49.1919
1187.94 -48.6463
1189.78 -48.1066
1191.62 -47.5729
1193.47 -47.0454
1195.32 -46.524
1197.18 -46.0089
1199.03 -45.5002
1200.9 -44.998
1202.76 -44.5023
1204.63 -44.0134
1206.51 -43.5312
1208.38 -43.0558
1210.27 -42.5875
1212.15 -42.1261
1214.04 -41.672
1215.93 -41.2251
1217.83 -40.7855
1219.73 -40.3534
1221.63 -39.9288
1223.54 -39.5119
1225.45 -39.1027
1227.36 -38.7014
1229.28 -38.308
1231.2 -37.9226
1233.13 -37.5453
1235.05 -37.1763
1236.98 -36.8156
1238.92 -36.4632
1240.85 -36.1194
1242.8 -35.7842
1244.74 -35.4576
1246.68 -35.1398
1248.63 -34.8309
1250.59 -34.5309
1252.54 -34.24
1254.5 -33.9581
1256.46 -33.6855
1258.42 -33.4221
1260.39 -33.1681
1262.36 -32.9235
1264.33 -32.6884
1266.3 -32.4629
1268.28 -32.2471
1270.25 -32.0409
1272.23 -31.8446
1274.21 -31.658
1276.2 -31.4814
1278.18 -31.3148
1280.17 -31.1581
1282.15 -31.0116
1284.14 -30.8751
1286.13 -30.7488
1288.13 -30.6327
1290.12 -30.5269
1292.11 -30.4313
1294.11 -30.3461
1296.11 -30.2711
1298.1 -30.2066
1300.1 -30.1525
1302.1 -30.1088
1304.1 -30.0755
1306.1 -30.0526
1308.09 -30.0402
1310.09 -30.0383
1312.09 -30.0469
1314.09 -30.0659
1316.09 -30.0954
1318.09 -30.1353
1320.09 -30.1857
1322.08 -30.2465
1324.08 -30.3177
1326.08 -30.3993
1328.07 -30.4912
1330.07 -30.5934
1332.06 -30.706
1334.05 -30.8288
1336.04 -30.9618
1338.03 -31.105
1340.02 -31.2584
1342.01 -31.4218
1343.99 -31.5953
1345.97 -31.7787
1347.95 -31.9721
1349.93 -32.1753
1351.91 -32.3883
1353.88 -32.6111
1355.86 -32.8435
1357.83 -33.0855
1359.79 -33.3371
1361.76 -33.5981
1363.72 -33.8685
1365.68 -34.1482
1367.64 -34.4371
1369.59 -34.7352
1371.55 -35.0423
1373.49 -35.3583
1375.44 -35.6833
1377.38 -36.017
1379.32 -36.3595
1381.26 -36.7105
1383.19 -37.0701
1385.12 -37.4381
1387.05 -37.8145
1388.97 -38.1991
1390.89 -38.5918
1392.81 -38.9926
1394.72 -39.4014
1396.63 -39.818
1398.54 -40.2423
1400.44 -40.6744
1402.34 -41.1139
1404.23 -41.561
1406.12 -42.0154
1408.01 -42.4771
1409.89 -42.946
1411.77 -43.4219
1413.65 -43.9048
1415.52 -44.3946
1417.39 -44.8912
1419.25 -45.3945
1421.12 -45.9043
1422.97 -46.4207
1424.83 -46.9434
1426.67 -47.4725
1428.52 -48.0077
1430.36 -48.5491
1432.2 -49.0964
1434.03 -49.6498
1435.86 -50.2089
1437.69 -50.7738
1439.51 -51.3444
1441.33 -51.9205
1443.14 -52.5021
1444.95 -53.0891
1446.76 -53.6814
1448.56 -54.2789
1450.36 -54.8815
1452.16 -55.4893
1453.95 -56.1019
1455.73 -56.7195
1457.52 -57.3419
1459.3 -57.969
1461.07 -58.6007
1462.85 -59.2371
1464.61 -59.8779
1466.38 -60.5231
1468.14 -61.1727
1469.9 -61.8266
1471.65 -62.4846
1473.4 -63.1468
1475.15 -63.8131
1476.89 -64.4833
1478.63 -65.1575
1480.37 -65.8355
1482.1 -66.5173
1483.83 -67.2028
1485.56 -67.892
1487.28 -68.5848
1489 -69.2811
1490.71 -69.9809
1492.42 -70.6841
1494.13 -71.3907
1495.84 -72.1006
1497.54 -72.8137
1499.24 -73.5299
1500.94 -74.2494
1502.63 -74.9718
1504.32 -74.2537
1506.02 -73.5386
1507.72 -72.8266
1509.42 -72.1178
1511.12 -71.4121
1512.83 -70.7097
1514.54 -70.0107
1516.26 -69.3149
1517.98 -68.6226
1519.7 -67.9338
1521.42 -67.2486
1523.15 -66.5669
1524.88 -65.8889
1526.62 -65.2146
1528.36 -64.5442
1530.1 -63.8776
1531.85 -63.2149
1533.6 -62.5563
1535.35 -61.9017
1537.11 -61.2512
1538.87 -60.6049
1540.63 -59.9629
1542.4 -59.3253
1544.17 -58.6921
1545.94 -58.0634
1547.72 -57.4393
1549.5 -56.8198
1551.29 -56.205
1553.08 -55.5951
1554.87 -54.99
1556.67 -54.3899
1558.47 -53.7949
1560.27 -53.205
1562.08 -52.6203
1563.9 -52.0409
1565.71 -51.4669
1567.53 -50.8983
1569.36 -50.3354
1571.18 -49.778
1573.02 -49.2265
1574.85 -48.6807
1576.69 -48.1409
1578.53 -47.607
1580.38 -47.0793
1582.23 -46.5578
1584.09 -46.0425
1585.94 -45.5336
1587.81 -45.0313
1589.67 -44.5354
1591.54 -44.0463
1593.42 -43.5639
1595.29 -43.0884
1597.17 -42.6198
1599.06 -42.1583
1600.95 -41.7039
1602.84 -41.2568
1604.74 -40.817
1606.64 -40.3847
1608.54 -39.9599
1610.45 -39.5427
1612.36 -39.1333
1614.27 -38.7317
1616.19 -38.338
1618.11 -37.9524
1620.03 -37.5748
1621.96 -37.2055
1623.89 -36.8445
1625.82 -36.4919
1627.76 -36.1478
1629.7 -35.8122
1631.64 -35.4854
1633.59 -35.1673
1635.54 -34.858
1637.49 -34.5577
1639.45 -34.2665
1641.4 -33.9843
1643.36 -33.7113
1645.33 -33.4476
1647.29 -33.1932
1649.26 -32.9483
1651.23 -32.7128
1653.2 -32.4869
1655.18 -32.2707
1657.16 -32.0642
1659.13 -31.8674
1661.12 -31.6805
1663.1 -31.5035
1665.08 -31.3364
1667.07 -31.1794
1669.06 -31.0324
1671.05 -30.8955
1673.04 -30.7688
1675.03 -30.6522
1677.02 -30.5459
1679.02 -30.4499
1681.01 -30.3642
1683.01 -30.2889
1685 -30.2239
1687 -30.1693
1689 -30.1251
1691 -30.0914
1693 -30.068
1695 -30.0552
1696.99 -30.0527
1698.99 -30.0608
1700.99 -30.0794
1702.99 -30.1083
1704.99 -30.1478
1706.99 -30.1976
1708.99 -30.2579
1710.98 -30.3286
1712.98 -30.4097
1714.97 -30.5011
1716.97 -30.6029
1718.96 -30.7149
1720.95 -30.8372
1722.94 -30.9697
1724.93 -31.1124
1726.92 -31.2652
1728.91 -31.4281
1730.89 -31.601
1732.87 -31.784
1734.85 -31.9768
1736.83 -32.1795
1738.81 -32.392
1740.78 -32.6142
1742.76 -32.8461
1744.73 -33.0877
1746.69 -33.3387
1748.66 -33.5992
1750.62 -33.8691
1752.58 -34.1482
1754.54 -34.4366
1756.49 -34.7341
1758.45 -35.0407
1760.39 -35.3563
1762.34 -35.6807
1764.28 -36.014
1766.22 -36.3559
1768.16 -36.7065
1770.09 -37.0656
1772.02 -37.4331
1773.95 -37.8089
1775.87 -38.193
1777.79 -38.5853
1779.71 -38.9856
1781.62 -39.3939
1783.53 -39.81
1785.44 -40.2339
1787.34 -40.6654
1789.24 -41.1045
1791.13 -41.5511
1793.03 -42.0051
1794.91 -42.4663
1796.8 -42.9347
1798.68 -43.4102
1800.55 -43.8927
1802.43 -44.382
1804.29 -44.8781
1806.16 -45.381
1808.02 -45.8904
1809.88 -46.4063
1811.73 -46.9286
1813.58 -47.4572
1815.42 -47.992
1817.27 -48.533
1819.1 -49.0799
1820.94 -49.6328
1822.77 -50.1916
1824.59 -50.7561
1826.42 -51.3262
1828.23 -51.9019
1830.05 -52.4832
1831.86 -53.0698
1833.67 -53.6617
1835.47 -54.2588
1837.27 -54.8611
1839.06 -55.4684
1840.85 -56.0807
1842.64 -56.6979
1844.43 -57.3199
1846.21 -57.9467
1847.98 -58.5781
1849.75 -59.2141
1851.52 -59.8545
1853.29 -60.4994
1855.05 -61.1487
1856.81 -61.8022
1858.56 -62.4599
1860.31 -63.1218
1862.06 -63.7877
1863.8 -64.4576
1865.54 -65.1314
1867.28 -65.8091
1869.01 -66.4906
1870.74 -67.1758
1872.47 -67.8647
1874.19 -68.5572
1875.91 -69.2532
1877.62 -69.9527
1879.34 -70.6556
1881.05 -71.3619
1882.75 -72.0715
1884.45 -72.7843
1886.15 -73.5003
1887.85 -74.2194
1889.54 -74.9416
1891.23 -74.2238
1892.93 -73.509
1894.63 -72.7973
1896.33 -72.0887
1898.04 -71.3834
1899.75 -70.6813
1901.46 -69.9825
1903.17 -70.686
1904.88 -71.3928
1906.58 -72.103
1908.29 -72.8164
1909.98 -73.5329
1911.68 -74.2526
1913.37 -74.9754
1915.06 -75.7012
1916.75 -76.43
1918.43 -77.1616
1920.11 -77.8962
1921.79 -78.6335
1923.46 -79.3736
1925.13 -80.1165
1926.8 -80.862
1928.47 -81.6101
1930.13 -82.3608
1931.79 -83.1141
1933.44 -83.8698
1935.1 -84.628
1936.75 -85.3886
1938.4 -86.1515
1940.04 -86.9168
1941.68 -87.6844
1943.32 -88.4542
1944.96 -89.2262
1946.6 -90.0003
1948.23 -90.7766
1949.86 -91.555
1951.48 -92.3355
1953.11 -93.1179
1954.73 -93.9024
1956.35 -94.6888
1957.97 -95.4771
1959.58 -96.2673
1961.19 -97.0594
1962.8 -97.8533
1964.41 -98.649
1966.02 -99.4464
1967.62 -100.246
1969.22 -101.046
1970.82 -101.849
1972.41 -102.653
1974.01 -103.459
1975.6 -104.266
1977.19 -105.075
1978.78 -105.886
1980.36 -106.698
1981.94 -107.511
1983.53 -108.326
1985.11 -109.143
1986.68 -109.961
1988.26 -110.78
1989.83 -111.6
1991.4 -112.422
1992.97 -113.245
1994.54 -114.07
1996.11 -114.896
1997.67 -115.723
1999.23 -116.551
2000.79 -117.381
2002.35 -118.211
2003.91 -119.043
2005.46 -119.876
2007.02 -120.71
2008.57 -121.546
2010.12 -122.382
2011.67 -123.22
2013.21 -124.058
2014.76 -124.898
2016.3 -125.738
2017.84 -126.58
2019.38 -127.423
2020.92 -128.266
2022.46 -129.111
2024 -129.956
2025.53 -130.803
2027.06 -131.65
2028.59 -132.499
2030.12 -133.348
2031.65 -134.198
2033.18 -135.049
2034.71 -135.901
2036.23 -136.753
2037.75 -137.607
2039.28 -138.461
2040.8 -139.316
2042.32 -140.172
2043.83 -141.028
2045.35 -141.886
2046.87 -142.744
2048.38 -143.603
2049.89 -144.462
2051.41 -145.323
2052.92 -146.184
2054.43 -147.045
2055.93 -147.908
2057.44 -148.771
2058.95 -149.635
2060.45 -150.499
2061.96 -151.364
2063.46 -152.23
2064.96 -153.096
2066.46 -153.963
2067.96 -154.83
2069.46 -155.698
2070.96 -156.567
2072.45 -157.436
2073.95 -158.306
2075.44 -159.177
2076.94 -160.048
2078.43 -160.919
2079.92 -161.791
2081.41 -162.664
2082.9 -163.537
2084.39 -164.41
2085.88 -165.284
2087.36 -166.159
2088.85 -167.034
2090.34 -167.909
2091.82 -168.785
2093.3 -169.662
2094.79 -170.539
2096.27 -171.416
2097.75 -172.294
2099.23 -173.172
2100.71 -174.051
2102.19 -174.93
2103.67 -175.81
2105.14 -176.69
2106.62 -177.57
2108.09 -178.451
2109.57 -179.332
2111.04 -180.214
2112.52 -181.096
2113.99 -181.978
2115.46 -182.861
2116.93 -183.744
2118.4 -184.627
2119.87 -185.511
2121.34 -186.395
2122.81 -187.28
2124.28 -188.165
2125.75 -189.05
2127.21 -189.935
2128.68 -190.821
2130.15 -191.707
2131.61 -192.594
2133.08 -193.481
2134.54 -194.368
2136 -195.255
2137.46 -196.143
2138.93 -197.031
2140.39 -197.919
2141.85 -198.808
2143.31 -199.697
2144.77 -200.586
2146.23 -201.476
2147.69 -202.365
2149.15 -203.255
2150.6 -204.146
2152.06 -205.036
2153.52 -205.927
2154.97 -206.818
2156.43 -207.709
2157.88 -208.601
2159.34 -209.493
2160.79 -210.385
2162.25 -211.277
2163.7 -212.169
2165.15 -213.062
2166.6 -213.955
2168.06 -214.848
2169.51 -215.742
2170.96 -216.635
2172.41 -217.529
2173.86 -218.423
2175.31 -219.317
2176.76 -220.212
2178.21 -221.107
2179.66 -222.001
2181.11 -222.897
2182.55 -223.792
2184 -224.687
2185.45 -225.583
2186.89 -226.479
2188.34 -227.375
2189.79 -228.271
2191.23 -229.167
2192.68 -230.064
2194.12 -230.961
2195.57 -231.857
2197.01 -232.755
2198.45 -233.652
2199.9 -234.549
2201.34 -235.447
2202.78 -236.345
2204.23 -237.242
2205.67 -238.14
2207.11 -239.039
2208.55 -239.937
2209.99 -240.836
2211.43 -241.734
2212.88 -242.633
2214.32 -243.532
2215.76 -244.431
2217.2 -245.33
2218.64 -246.23
2220.07 -247.129
2221.51 -248.029
2222.95 -248.929
2224.39 -249.828
2225.83 -250.729
2227.27 -251.629
2228.7 -252.529
2230.14 -253.429
2231.58 -254.33
2233.02 -255.231
2234.45 -256.131
2235.89 -257.032
2237.32 -257.933
2238.76 -258.834
2240.2 -259.736
2241.63 -260.637
2243.07 -261.538
2244.5 -262.44
2245.94 -263.342
2247.37 -264.244
2248.8 -265.145
2250.24 -266.047
2251.67 -266.95
2253.11 -267.852
2254.54 -268.754
2255.97 -269.656
2257.41 -270.559
2258.84 -271.461
2260.27 -272.364
2261.7 -273.267
2263.14 -274.17
2264.57 -275.073
2266 -275.976
2267.43 -276.879
2268.86 -277.782
2270.29 -278.685
2271.73 -279.589
2273.16 -280.492
2274.59 -281.396
2276.02 -282.3
2277.45 -283.203
2278.88 -284.107
2280.31 -285.011
2281.74 -285.915
2283.17 -286.819
2284.6 -287.723
2286.03 -288.627
2287.46 -289.531
2288.89 -290.436
2290.32 -291.34
2291.74 -292.245
2293.17 -293.149
2294.6 -294.054
2296.03 -294.958
2297.46 -295.863
2298.89 -296.768
2300.31 -297.673
2301.74 -298.578
2303.17 -299.483
2304.6 -300.388
2306.03 -301.293
2307.45 -302.198
2308.88 -303.103
2310.31 -304.009
2311.73 -304.914
2313.16 -305.819
2314.59 -306.725
2316.02 -307.63
2317.44 -308.536
2318.87 -309.442
2320.29 -310.347
2321.72 -311.253
2323.15 -312.159
2324.57 -313.065
2326 -313.971
2327.42 -314.877
2328.85 -315.783
2330.28 -316.689
2331.7 -317.595
2333.13 -318.501
2334.55 -319.407
2335.98 -320.313
2337.4 -321.22
2338.83 -322.126
2340.25 -323.032
2341.68 -323.939
2343.1 -324.845
2344.53 -325.752
2345.95 -326.658
2347.37 -327.565
2348.8 -328.472
2350.22 -329.378
2351.65 -330.285
2353.07 -331.192
2354.49 -332.099
2355.92 -333.005
2357.34 -333.912
2358.77 -334.819
2360.19 -335.726
2361.61 -336.633
2363.04 -337.54
2364.46 -338.447
2365.88 -339.354
2367.31 -340.261
2368.73 -341.169
2370.15 -342.076
2371.58 -342.983
2373 -343.89
2374.42 -344.798
2375.84 -345.705
2377.27 -346.612
2378.69 -347.52
2380.11 -348.427
2381.53 -349.335
2382.96 -350.242
2384.38 -351.15
2385.8 -352.057
2387.22 -352.965
2388.65 -353.872
2390.07 -354.78
2391.49 -355.688
2392.91 -356.595
2394.33 -357.503
2395.76 -358.411
2397.18 -359.319
2398.6 -360.227
2400.02 -361.134
2401.44 -362.042
2402.86 -362.95
2404.29 -363.858
2405.71 -364.766
2407.13 -365.674
2408.55 -366.582
2409.97 -367.49
2411.39 -368.398
2412.81 -369.306
2414.24 -370.214
2415.66 -371.122
2417.08 -372.03
2418.5 -372.938
2419.92 -373.847
2421.34 -374.755
2422.76 -375.663
2424.18 -376.571
2425.6 -377.479
2427.02 -378.388
2428.44 -379.296
2429.87 -380.204
2431.29 -381.113
2432.71 -382.021
2434.13 -382.929
2435.55 -383.838
2436.97 -384.746
2438.39 -385.655
2439.81 -386.563
2441.23 -387.471
2442.65 -388.38
2444.07 -389.288
2445.49 -390.197
2446.91 -391.105
2448.33 -392.014
2449.75 -392.923
2451.17 -393.831
2452.59 -394.74
2454.01 -395.648
2455.43 -396.557
2456.85 -397.466
2458.27 -398.374
2459.69 -399.283
2461.11 -400.192
2462.53 -401.1
2463.95 -402.009
2465.37 -402.918
2466.79 -403.826
2468.21 -404.735
2469.63 -405.644
2471.05 -406.553
2472.47 -407.462
2473.89 -408.37
2475.31 -409.279
2476.73 -410.188
2478.15 -411.097
2479.57 -412.006
2480.99 -412.915
2482.4 -413.824
2483.82 -414.733
2485.24 -415.641
2486.66 -416.55
2488.08 -417.459
2489.5 -418.368
2490.92 -419.277
2492.34 -420.186
2493.76 -421.095
2495.18 -422.004
2496.6 -422.913
2498.02 -423.822
2499.44 -424.731
2500.85 -425.64
2502.27 -426.549
2503.69 -427.458
2505.11 -428.367
2506.53 -429.277
2507.95 -430.186
2509.37 -431.095
2510.79 -432.004
2512.21 -432.913
2513.63 -433.822
2515.04 -434.731
2516.46 -435.64
2517.88 -436.549
2519.3 -437.459
2520.72 -438.368
2522.14 -439.277
2523.56 -440.186
2524.98 -441.095
2526.39 -442.005
2527.81 -442.914
2529.23 -443.823
2530.65 -444.732
2532.07 -445.642
2533.49 -446.551
2534.91 -447.46
2536.33 -448.369
2537.74 -449.279
2539.16 -450.188
2540.58 -451.097
2542 -452.006
2543.42 -452.916
2544.84 -453.825
2546.25 -454.734
2547.67 -455.644
2549.09 -456.553
2550.51 -457.462
2551.93 -458.372
2553.35 -459.281
2554.77 -460.19
2556.18 -461.1
2557.6 -462.009
2559.02 -462.918
2560.44 -463.828
2561.86 -464.737
2563.28 -465.647
2564.69 -466.556
2566.11 -467.465
2567.53 -468.375
2568.95 -469.284
2570.37 -470.194
2571.79 -471.103
2573.2 -472.013
2574.62 -472.922
2576.04 -473.831
2577.46 -474.741
2578.88 -475.65
2580.29 -476.56
2581.71 -477.469
2583.13 -478.379
2584.55 -479.288
2585.97 -480.198
2587.39 -481.107
2588.8 -482.017
2590.22 -482.926
2591.64 -483.836
2593.06 -484.745
2594.48 -485.655
2595.89 -486.564
2597.31 -487.474
2598.73 -488.383
2600.15 -489.293
2601.57 -490.202
2602.98 -491.112
2604.4 -492.021
2605.82 -492.931
2607.24 -493.84
2608.66 -494.75
2610.07 -495.66
2611.49 -496.569
2612.91 -497.479
2614.33 -498.388
2615.75 -499.298
2617.16 -500.207
2618.58 -501.117
2620 -502.026
2621.42 -502.936
2622.84 -503.846
2624.25 -504.755
2625.67 -505.665
2627.09 -506.574
2628.51 -507.484
2629.93 -508.394
2631.34 -509.303
2632.76 -510.213
2634.18 -511.122
2635.6 -512.032
2637.02 -512.942
2638.43 -513.851
2639.85 -514.761
2641.27 -515.671
2642.69 -516.58
2644.1 -517.49
2645.52 -518.399
2646.94 -519.309
2648.36 -520.219
2649.77 -521.128
2651.19 -522.038
2652.61 -522.948
2654.03 -523.857
2655.45 -524.767
2656.86 -525.677
2658.28 -526.586
2659.7 -527.496
2661.12 -528.406
2662.53 -529.315
2663.95 -530.225
2665.37 -531.135
2666.79 -532.044
2668.21 -532.954
2669.62 -533.864
2671.04 -534.773
2672.46 -535.683
2673.88 -536.593
2675.29 -537.502
2676.71 -538.412
2678.13 -539.322
2679.55 -540.231
2680.96 -541.141
2682.38 -542.051
2683.8 -542.96
2685.22 -543.87
2686.64 -544.78
2688.05 -545.69
2689.47 -546.599
2690.89 -547.509
2692.31 -548.419
2693.72 -549.329
2695.14 -550.238
2696.56 -551.148
2697.98 -552.058
2699.4 -552.967
2700.81 -553.877
2702.23 -554.787
2703.65 -555.697
2705.07 -556.606
2706.48 -557.516
2707.9 -558.426
2709.32 -559.336
2710.74 -560.245
2712.15 -561.155
2713.57 -562.065
2714.99 -562.974
2716.41 -563.884
2717.82 -564.794
2719.24 -565.704
2720.66 -566.613
2722.08 -567.523
2723.49 -568.433
2724.91 -569.343
2726.33 -570.252
2727.75 -571.162
2729.16 -572.072
2730.58 -572.982
2732 -573.891
2733.42 -574.801
2734.83 -575.711
2736.25 -576.62
2737.67 -577.53
2739.08 -578.44
2740.5 -579.35
2741.92 -580.26
2743.34 -581.169
2744.75 -582.079
2746.17 -582.989
2747.59 -583.899
2749.01 -584.809
2750.42 -585.718
2751.84 -586.628
2753.26 -587.538
2754.68 -588.448
2756.09 -589.358
2757.51 -590.267
2758.93 -591.177
2760.35 -592.087
2761.76 -592.997
2763.18 -593.906
2764.6 -594.816
2766.02 -595.726
2767.43 -596.636
2768.85 -597.546
2770.27 -598.455
2771.69 -599.365
2773.1 -600.275
2774.52 -601.185
2775.94 -602.095
2777.36 -603.004
2778.77 -603.914
2780.19 -604.824
2781.61 -605.734
2783.03 -606.644
2784.44 -607.553
2785.86 -608.463
2787.28 -609.373
2788.7 -610.283
2790.11 -611.193
2791.53 -612.102
2792.95 -613.012
2794.37 -613.922
2795.78 -614.832
2797.2 -615.741
2798.62 -616.651
2800.04 -617.561
2801.45 -618.471
2802.87 -619.381
2804.29 -620.29
2805.71 -621.2
2807.12 -622.11
2808.54 -623.02
2809.96 -623.93
2811.38 -624.839
2812.79 -625.749
2814.21 -626.659
2815.63 -627.569
2817.05 -628.479
2818.46 -629.388
2819.88 -630.298
2821.3 -631.208
2822.72 -632.118
2824.13 -633.027
2825.55 -633.937
2826.97 -634.847
2828.39 -635.757
2829.8 -636.667
2831.22 -637.576
2832.64 -638.486
2834.06 -639.396
2835.47 -640.306
2836.89 -641.216
2838.31 -642.125
2839.73 -643.035
2841.14 -643.945
2842.56 -644.855
2843.98 -645.765
2845.4 -646.675
2846.81 -647.584
2848.23 -648.494
2849.65 -649.404
2851.07 -650.314
2852.48 -651.224
2853.9 -652.134
2855.32 -653.044
2856.74 -653.953
2858.15 -654.863
2859.57 -655.773
2860.99 -656.683
2862.41 -657.593
2863.82 -658.503
2865.24 -659.412
2866.66 -660.322
2868.08 -661.232
2869.49 -662.142
2870.91 -663.052
2872.33 -663.962
2873.75 -664.872
2875.16 -665.781
2876.58 -666.691
2878 -667.601
2879.42 -668.511
2880.83 -669.421
2882.25 -670.331
2883.67 -671.241
2885.09 -672.15
2886.5 -673.06
2887.92 -673.97
2889.34 -674.88
2890.76 -675.79
2892.17 -676.7
2893.59 -677.609
2895.01 -678.519
2896.43 -679.429
2897.84 -680.339
2899.26 -681.249
2900.68 -682.159
2902.1 -683.069
2903.51 -683.978
2904.93 -684.888
2906.35 -685.798
2907.77 -686.708
2909.18 -687.618
2910.6 -688.528
2912.02 -689.438
2913.43 -690.347
2914.85 -691.257
2916.27 -692.167
2917.69 -693.077
2919.1 -693.987
2920.52 -694.897
2921.94 -695.807
2923.36 -696.716
2924.77 -697.626
2926.19 -698.536
2927.61 -699.446
2929.02 -700.356
2930.44 -701.266
2931.86 -702.175
2933.28 -703.085
2934.69 -703.995
2936.11 -704.905
2937.53 -705.815
2938.94 -706.725
2940.36 -707.635
2941.78 -708.544
2943.2 -709.454
2944.61 -710.364
2946.03 -711.274
2947.45 -712.184
2948.87 -713.094
2950.28 -714.004
2951.7 -714.913
2953.12 -715.823
2954.53 -716.733
2955.95 -717.643
2957.37 -718.553
2958.79 -719.463
2960.2 -720.372
2961.62 -721.282
2963.04 -722.192
2964.46 -723.102
2965.87 -724.012
2967.29 -724.922
2968.71 -725.832
2970.12 -726.741
2971.54 -727.651
2972.96 -728.561
2974.38 -729.471
2975.79 -730.381
2977.21 -731.291
2978.63 -732.201
2980.04 -733.11
2981.46 -734.02
2982.88 -734.93
2984.3 -735.84
2985.71 -736.75
2987.13 -737.66
2988.55 -738.57
2989.97 -739.479
2991.38 -740.389
2992.8 -741.299
2994.22 -742.209
2995.63 -743.119
2997.05 -744.029
2998.47 -744.938
2999.89 -745.848
3001.3 -746.758
3002.72 -747.668
3004.14 -748.578
3005.55 -749.488
3006.97 -750.398
3008.39 -751.307
3009.81 -752.217
3011.22 -753.127
3012.64 -754.037
3014.06 -754.947
3015.48 -755.857
3016.89 -756.767
3018.31 -757.676
3019.73 -758.586
3021.14 -759.496
3022.56 -760.406
3023.98 -761.316
3025.4 -762.226
3026.81 -763.135
3028.23 -764.045
3029.65 -764.955
3031.07 -765.865
3032.48 -766.775
3033.9 -767.685
3035.32 -768.595
3036.73 -769.504
3038.15 -770.414
3039.57 -771.324
3040.99 -772.234
3042.4 -773.144
3043.82 -774.054
3045.24 -774.964
3046.65 -775.873
3048.07 -776.783
3049.49 -777.693
3050.91 -778.603
3052.32 -779.513
3053.74 -780.423
3055.16 -781.333
3056.58 -782.242
3057.99 -783.152
3059.41 -784.062
3060.83 -784.972
3062.24 -785.882
3063.66 -786.792
3065.08 -787.701
3066.5 -788.611
3067.91 -789.521
3069.33 -790.431
3070.75 -791.341
3072.17 -792.251
3073.58 -793.161
3075 -794.07
3076.42 -794.98
3077.83 -795.89
3079.25 -796.8
3080.67 -797.71
3082.09 -798.62
3083.5 -799.53
3084.92 -800.439
3086.34 -801.349
3087.75 -802.259
3089.17 -803.169
3090.59 -804.079
3092.01 -804.989
3093.42 -805.898
3094.84 -806.808
3096.26 -807.718
3097.68 -808.628
3099.09 -809.538
3100.51 -810.448
3101.93 -811.358
3103.34 -812.267
3104.76 -813.177
3106.18 -814.087
3107.6 -814.997
3109.01 -815.907
3110.43 -816.817
3111.85 -817.727
3113.26 -818.636
3114.68 -819.546
3116.1 -820.456
3117.52 -821.366
3118.93 -822.276
3120.35 -823.186
3121.77 -824.096
3123.19 -825.005
3124.6 -825.915
3126.02 -826.825
3127.44 -827.735
3128.85 -828.645
3130.27 -829.555
3131.69 -830.464
3133.11 -831.374
3134.52 -832.284
3135.94 -833.194
3137.36 -834.104
3138.78 -835.014
3140.19 -835.924
3141.61 -836.833
3143.03 -837.743
3144.44 -838.653
3145.86 -839.563
3147.28 -840.473
3148.7 -841.383
3150.11 -842.293
3151.53 -843.202
3152.95 -844.112
3154.36 -845.022
3155.78 -845.932
3157.2 -846.842
3158.62 -847.752
3160.03 -848.661
3161.45 -849.571
3162.87 -850.481
3164.29 -851.391
3165.7 -852.301
3167.12 -853.211
3168.54 -854.121
3169.95 -855.03
3171.37 -855.94
3172.79 -856.85
3174.21 -857.76
3175.62 -858.67
3177.04 -859.58
3178.46 -860.49
3179.88 -861.399
3181.29 -862.309
3182.71 -863.219
3184.13 -864.129
3185.54 -865.039
3186.96 -865.949
3188.38 -866.859
3189.8 -867.768
3191.21 -868.678
3192.63 -869.588
3194.05 -870.498
3195.46 -871.408
3196.88 -872.318
3198.3 -873.227
3199.72 -874.137
3201.13 -875.047
3202.55 -875.957
3203.97 -876.867
3205.39 -877.777
3206.8 -878.687
3208.22 -879.596
3209.64 -880.506
3211.05 -881.416
3212.47 -882.326
3213.89 -883.236
3215.31 -884.146
3216.72 -885.056
3218.14 -885.965
3219.56 -886.875
3220.97 -887.785
3222.39 -888.695
3223.81 -889.605
3225.23 -890.515
3226.64 -891.424
3228.06 -892.334
3229.48 -893.244
3230.9 -894.154
3232.31 -895.064
3233.73 -895.974
3235.15 -896.884
3236.56 -897.793
3237.98 -898.703
3239.4 -899.613
3240.82 -900.523
3242.23 -901.433
3243.65 -902.343
3245.07 -903.253
3246.49 -904.162
3247.9 -905.072
3249.32 -905.982
3250.74 -906.892
3252.15 -907.802
3253.57 -908.712
3254.99 -909.622
3256.41 -910.531
3257.82 -911.441
3259.24 -912.351
3260.66 -913.261
3262.07 -914.171
3263.49 -915.081
3264.91 -915.99
3266.33 -916.9
3267.74 -917.81
3269.16 -918.72
3270.58 -919.63
3272 -920.54
3273.41 -921.45
3274.83 -922.359
3276.25 -923.269
3277.66 -924.179
3279.08 -925.089
3280.5 -925.999
3281.92 -926.909
3283.33 -927.819
3284.75 -928.728
3286.17 -929.638
3287.58 -930.548
3289 -931.458
3290.42 -932.368
3291.84 -933.278
3293.25 -934.188
3294.67 -935.097
3296.09 -936.007
3297.51 -936.917
3298.92 -937.827
3300.34 -938.737
3301.76 -939.647
3303.17 -940.556
3304.59 -941.466
3306.01 -942.376
3307.43 -943.286
3308.84 -944.196
3310.26 -945.106
3311.68 -946.016
3313.1 -946.925
3314.51 -947.835
3315.93 -948.745
3317.35 -949.655
3318.76 -950.565
3320.18 -951.475
3321.6 -952.385
