250 -600
251.473 -599.183
252.946 -598.367
254.419 -597.55
255.893 -596.734
257.366 -595.917
258.839 -595.1
260.312 -594.284
261.785 -593.467
263.258 -592.651
264.731 -591.834
266.205 -591.018
267.678 -590.201
269.151 -589.384
270.624 -588.568
272.097 -587.751
273.57 -586.935
275.044 -586.118
276.517 -585.302
277.99 -584.485
279.463 -583.669
280.936 -582.852
282.409 -582.036
283.883 -581.219
285.356 -580.403
286.829 -579.586
288.302 -578.77
289.775 -577.953
291.249 -577.136
292.722 -576.32
294.195 -575.503
295.668 -574.687
297.141 -573.87
298.615 -573.054
300.088 -572.237
301.561 -571.421
303.034 -570.604
304.507 -569.788
305.981 -568.971
307.454 -568.155
308.927 -567.338
310.4 -566.522
311.874 -565.705
313.347 -564.889
314.82 -564.072
316.293 -563.255
317.767 -562.439
319.24 -561.622
320.713 -560.806
322.186 -559.989
323.66 -559.173
325.133 -558.356
326.606 -557.54
328.079 -556.723
329.553 -555.907
331.026 -555.09
332.499 -554.274
333.972 -553.458
335.446 -552.641
336.919 -551.825
338.392 -551.008
339.866 -550.192
341.339 -549.375
342.812 -548.559
344.286 -547.742
345.759 -546.926
347.232 -546.109
348.706 -545.293
350.179 -544.476
351.652 -543.66
353.125 -542.843
354.599 -542.027
356.072 -541.211
357.545 -540.394
359.019 -539.578
360.492 -538.761
361.966 -537.945
363.439 -537.128
364.912 -536.312
366.386 -535.495
367.859 -534.679
369.332 -533.863
370.806 -533.046
372.279 -532.23
373.753 -531.413
375.226 -530.597
376.699 -529.781
378.173 -528.964
379.646 -528.148
381.12 -527.331
382.593 -526.515
384.066 -525.698
385.54 -524.882
387.013 -524.066
388.487 -523.249
389.96 -522.433
391.434 -521.616
392.907 -520.8
394.38 -519.984
395.854 -519.167
397.327 -518.351
398.801 -517.535
400.274 -516.718
401.748 -515.902
403.221 -515.086
404.695 -514.269
406.168 -513.453
407.642 -512.637
409.115 -511.82
410.589 -511.004
412.062 -510.188
413.536 -509.371
415.01 -508.555
416.483 -507.739
417.957 -506.922
419.43 -506.106
420.904 -505.29
422.377 -504.473
423.851 -503.657
425.325 -502.841
426.798 -502.025
428.272 -501.208
429.745 -500.392
431.219 -499.576
432.693 -498.76
434.166 -497.943
435.64 -497.127
437.114 -496.311
438.587 -495.495
440.061 -494.678
441.535 -493.862
443.008 -493.046
444.482 -492.23
445.956 -491.413
447.429 -490.597
448.903 -489.781
450.377 -488.965
451.85 -488.148
453.324 -487.332
454.798 -486.516
456.272 -485.7
457.745 -484.884
459.219 -484.068
460.693 -483.251
462.167 -482.435
463.641 -481.619
465.114 -480.803
466.588 -479.987
468.062 -479.171
469.536 -478.354
471.01 -477.538
472.484 -476.722
473.958 -475.906
475.431 -475.09
476.905 -474.274
478.379 -473.458
479.853 -472.642
481.327 -471.826
482.801 -471.01
484.275 -470.194
485.749 -469.377
487.223 -468.561
488.697 -467.745
490.171 -466.929
491.645 -466.113
493.119 -465.297
494.593 -464.481
496.067 -463.665
497.541 -462.849
499.015 -462.033
500.489 -461.217
501.963 -460.401
503.437 -459.585
504.911 -458.769
506.386 -457.953
507.86 -457.137
509.334 -456.321
510.808 -455.506
512.282 -454.69
513.756 -453.874
515.231 -453.058
516.705 -452.242
518.179 -451.426
519.653 -450.61
521.128 -449.794
522.602 -448.978
524.076 -448.163
525.55 -447.347
527.025 -446.531
528.499 -445.715
529.974 -444.899
531.448 -444.083
532.922 -443.268
534.397 -442.452
535.871 -441.636
537.346 -440.82
538.82 -440.005
540.294 -439.189
541.769 -438.373
543.243 -437.557
544.718 -436.742
546.193 -435.926
547.667 -435.11
549.142 -434.295
550.616 -433.479
552.091 -432.663
553.565 -431.848
555.04 -431.032
556.515 -430.217
557.989 -429.401
559.464 -428.585
560.939 -427.77
562.414 -426.954
563.888 -426.139
565.363 -425.323
566.838 -424.508
568.313 -423.692
569.788 -422.877
571.263 -422.061
572.737 -421.246
574.212 -420.43
575.687 -419.615
577.162 -418.799
578.637 -417.984
580.112 -417.169
581.587 -416.353
583.062 -415.538
584.537 -414.722
586.013 -413.907
587.488 -413.092
588.963 -412.276
590.438 -411.461
591.913 -410.646
593.388 -409.831
594.864 -409.015
596.339 -408.2
597.814 -407.385
599.29 -406.57
600.765 -405.755
602.24 -404.939
603.716 -404.124
605.191 -403.309
606.667 -402.494
608.142 -401.679
609.618 -400.864
611.093 -400.049
612.569 -399.234
614.045 -398.419
615.52 -397.604
616.996 -396.789
618.472 -395.974
619.948 -395.159
621.423 -394.344
622.899 -393.529
624.375 -392.714
625.851 -391.899
627.327 -391.084
628.803 -390.27
630.279 -389.455
631.755 -388.64
633.231 -387.825
634.707 -387.011
636.183 -386.196
637.659 -385.381
639.135 -384.567
640.612 -383.752
642.088 -382.937
643.564 -382.123
645.04 -381.308
646.517 -380.494
647.993 -379.679
649.47 -378.865
650.946 -378.05
652.423 -377.236
653.899 -376.421
655.376 -375.607
656.853 -374.793
658.329 -373.978
659.806 -373.164
661.283 -372.35
662.76 -371.535
664.237 -370.721
665.713 -369.907
667.19 -369.093
668.667 -368.279
670.144 -367.465
671.622 -366.65
673.099 -365.836
674.576 -365.022
676.053 -364.208
677.531 -363.394
679.008 -362.58
680.485 -361.767
681.963 -360.953
683.44 -360.139
684.918 -359.325
686.395 -358.511
687.873 -357.698
689.351 -356.884
690.829 -356.07
692.306 -355.257
693.784 -354.443
695.262 -353.629
696.74 -352.816
698.218 -352.002
699.696 -351.189
701.174 -350.376
702.653 -349.562
704.131 -348.749
705.609 -347.936
707.088 -347.122
708.566 -346.309
710.045 -345.496
711.523 -344.683
713.002 -343.87
714.481 -343.057
715.959 -342.244
717.438 -341.431
718.917 -340.618
720.396 -339.805
721.875 -338.992
723.354 -338.179
724.834 -337.367
726.313 -336.554
727.792 -335.741
729.272 -334.929
730.751 -334.116
732.231 -333.303
733.711 -332.491
735.19 -331.679
736.67 -330.866
738.15 -330.054
739.63 -329.242
741.11 -328.429
742.59 -327.617
744.07 -326.805
745.551 -325.993
747.031 -325.181
748.511 -324.369
749.992 -323.557
751.473 -322.745
752.953 -321.934
754.434 -321.122
755.915 -320.31
757.396 -319.499
758.877 -318.687
760.358 -317.875
761.839 -317.064
763.321 -316.253
764.802 -315.441
766.284 -314.63
767.766 -313.819
769.247 -313.008
770.729 -312.197
772.211 -311.386
773.693 -310.575
775.175 -309.764
776.658 -308.953
778.14 -308.142
779.622 -307.332
781.105 -306.521
782.588 -305.711
784.07 -304.9
785.553 -304.09
787.036 -303.28
788.52 -302.469
790.003 -301.659
791.486 -300.849
792.97 -300.039
794.453 -299.229
795.937 -298.419
797.421 -297.609
798.905 -296.8
800.389 -295.99
801.873 -295.181
803.358 -294.371
804.842 -293.562
806.327 -292.753
807.812 -291.943
809.297 -291.134
810.782 -290.325
812.267 -289.516
813.752 -288.708
815.238 -287.899
816.723 -287.09
818.209 -286.282
819.695 -285.473
821.181 -284.665
822.667 -283.857
824.154 -283.048
825.64 -282.24
827.127 -281.432
828.614 -280.624
830.101 -279.817
831.588 -279.009
833.075 -278.202
834.562 -277.394
836.05 -276.587
837.538 -275.78
839.026 -274.972
840.514 -274.165
842.002 -273.358
843.491 -272.552
844.979 -271.745
846.468 -270.938
847.957 -270.132
849.446 -269.326
850.936 -268.52
852.425 -267.714
853.915 -266.908
855.405 -266.102
856.895 -265.296
858.386 -264.49
859.876 -263.685
861.367 -262.88
862.858 -262.075
864.349 -261.27
865.841 -260.465
867.332 -259.66
868.824 -258.855
870.316 -258.051
871.808 -257.246
873.301 -256.442
874.793 -255.638
876.286 -254.834
877.779 -254.031
879.273 -253.227
880.766 -252.424
882.26 -251.62
883.754 -250.817
885.248 -250.014
886.743 -249.211
888.238 -248.409
889.733 -247.606
891.228 -246.804
892.724 -246.002
894.22 -245.2
895.716 -244.398
897.212 -243.597
898.709 -242.795
900.205 -241.994
901.703 -241.193
903.2 -240.392
904.698 -239.591
906.196 -238.791
907.694 -237.99
909.193 -237.19
910.691 -236.39
912.19 -235.59
913.69 -234.791
915.19 -233.992
916.69 -233.192
918.19 -232.394
919.691 -231.595
921.192 -230.796
922.693 -229.998
924.195 -229.2
925.697 -228.402
927.199 -227.604
928.702 -226.807
930.204 -226.01
931.708 -225.213
933.211 -224.416
934.715 -223.62
936.22 -222.824
937.724 -222.028
939.229 -221.232
940.735 -220.436
942.241 -219.641
943.747 -218.846
945.253 -218.051
946.76 -217.257
948.268 -216.463
949.775 -215.669
951.284 -214.875
952.792 -214.082
954.301 -213.289
955.81 -212.496
957.32 -211.703
958.83 -210.911
960.341 -210.119
961.852 -209.327
963.363 -208.536
964.875 -207.745
966.387 -206.954
967.9 -206.164
969.413 -205.374
970.927 -204.584
972.441 -203.794
973.956 -203.005
975.471 -202.216
976.986 -201.428
978.502 -200.64
980.019 -199.852
981.536 -199.064
983.053 -198.277
984.571 -197.49
986.09 -196.704
987.609 -195.918
989.128 -195.132
990.648 -194.347
992.169 -193.562
993.69 -192.778
995.212 -191.993
996.734 -191.21
998.257 -190.426
999.78 -189.643
1001.3 -188.861
1002.83 -188.079
1004.35 -187.297
1005.88 -186.516
1007.41 -185.735
1008.93 -184.954
1010.46 -184.174
1011.99 -183.395
1013.52 -182.616
1015.05 -181.837
1016.58 -181.059
1018.11 -180.281
1019.64 -179.504
1021.17 -178.727
1022.7 -177.951
1024.24 -177.175
1025.77 -176.4
1027.3 -175.625
1028.84 -174.851
1030.38 -174.077
1031.91 -173.304
1033.45 -172.531
1034.99 -171.759
1036.53 -170.988
1038.07 -170.217
1039.61 -169.446
1041.15 -168.676
1042.69 -167.907
1044.23 -167.138
1045.78 -166.37
1047.32 -165.602
1048.87 -164.835
1050.41 -164.069
1051.96 -163.303
1053.51 -162.538
1055.05 -161.774
1056.6 -161.01
1058.15 -160.247
1059.7 -159.484
1061.26 -158.722
1062.81 -157.961
1064.36 -157.201
1065.92 -156.441
1067.47 -155.682
1069.03 -154.923
1070.59 -154.166
1072.14 -153.409
1073.7 -152.653
1075.26 -151.897
1076.82 -151.143
1078.39 -150.389
1079.95 -149.636
1081.51 -148.884
1083.08 -148.132
1084.64 -147.381
1086.21 -146.632
1087.78 -145.883
1089.35 -145.135
1090.92 -144.387
1092.49 -143.641
1094.06 -142.895
1095.63 -142.151
1097.21 -141.407
1098.78 -140.664
1100.36 -139.922
1101.94 -139.181
1103.52 -138.441
1105.1 -137.702
1106.68 -136.964
1108.26 -136.227
1109.85 -135.491
1111.43 -134.756
1113.02 -134.022
1114.6 -133.289
1116.19 -132.558
1117.78 -131.827
1119.37 -131.097
1120.97 -130.369
1122.56 -129.641
1124.16 -128.915
1125.75 -128.19
1127.35 -127.466
1128.95 -126.743
1130.55 -126.021
1132.15 -125.301
1133.76 -124.582
1135.36 -123.864
1136.97 -123.148
1138.57 -122.432
1140.18 -121.718
1141.79 -121.005
1143.41 -120.294
1145.02 -119.584
1146.63 -118.876
1148.25 -118.168
1149.87 -117.463
1151.49 -116.758
1153.11 -116.055
1154.73 -115.354
1156.36 -114.654
1157.98 -113.955
1159.61 -113.259
1161.24 -112.563
1162.87 -111.869
1164.5 -111.177
1166.13 -110.487
1167.77 -109.798
1169.41 -109.111
1171.05 -108.425
1172.69 -107.741
1174.33 -107.059
1175.98 -106.379
1177.62 -105.7
1179.27 -105.024
1180.92 -104.349
1182.57 -103.676
1184.22 -103.005
1185.88 -102.335
1187.54 -101.668
1189.2 -101.003
1190.86 -100.34
1192.52 -99.6783
1194.18 -99.0191
1195.85 -98.3619
1197.52 -97.7068
1199.19 -97.0539
1200.86 -96.4032
1202.54 -95.7546
1204.22 -95.1083
1205.89 -94.4642
1207.58 -93.8225
1209.26 -93.183
1210.94 -92.5459
1212.63 -91.9112
1214.32 -91.2789
1216.01 -90.649
1217.7 -90.0216
1219.4 -89.3968
1221.1 -88.7745
1222.8 -88.1548
1224.5 -87.5377
1226.2 -86.9233
1227.91 -86.3115
1229.62 -85.7025
1231.33 -85.0963
1233.05 -84.4929
1234.76 -83.8923
1236.48 -83.2946
1238.2 -82.6998
1239.92 -82.108
1241.65 -81.5192
1243.37 -80.9334
1245.1 -80.3508
1246.84 -79.7712
1248.57 -79.1948
1250.31 -78.6217
1252.05 -78.0517
1253.79 -77.4851
1255.53 -76.9218
1257.28 -76.3619
1259.03 -75.8054
1260.78 -75.2524
1262.53 -74.7029
1264.29 -74.1569
1266.05 -73.6146
1267.81 -73.076
1269.57 -72.541
1271.34 -72.0098
1273.11 -71.4824
1274.88 -70.9588
1276.65 -70.4391
1278.43 -69.9234
1280.21 -69.4117
1281.99 -68.904
1283.78 -68.4004
1285.56 -67.9009
1287.35 -67.4057
1289.14 -66.9147
1290.94 -66.4279
1292.73 -65.9456
1294.53 -65.4676
1296.33 -64.9941
1298.14 -64.5252
1299.95 -64.0607
1301.75 -63.6009
1303.57 -63.1458
1305.38 -62.6954
1307.2 -62.2497
1309.02 -61.8089
1310.84 -61.373
1312.66 -60.942
1314.49 -60.5161
1316.32 -60.0951
1318.15 -60.5217
1319.98 -60.9534
1321.8 -61.3902
1323.62 -61.8319
1325.44 -62.2785
1327.26 -62.73
1329.07 -63.1863
1330.88 -63.6474
1332.69 -64.1132
1334.5 -64.5836
1336.3 -65.0586
1338.11 -64.5888
1339.91 -64.1236
1341.72 -63.6629
1343.54 -63.207
1345.35 -62.7557
1347.17 -62.3092
1348.98 -61.8676
1350.81 -61.4308
1352.63 -60.9989
1354.46 -60.5721
1356.29 -60.1502
1358.12 -59.7335
1359.95 -59.322
1361.79 -58.9156
1363.63 -58.5145
1365.47 -58.1187
1367.31 -57.7283
1369.16 -57.3433
1371.01 -56.9638
1372.86 -56.5899
1374.71 -56.2215
1376.57 -55.8588
1378.42 -55.5018
1380.28 -55.1505
1382.15 -54.8051
1384.01 -54.4655
1385.88 -54.1318
1387.75 -53.8041
1389.62 -53.4825
1391.49 -53.1669
1393.37 -52.8574
1395.24 -52.5541
1397.12 -52.2571
1399.01 -51.9663
1400.89 -51.6819
1402.78 -51.4038
1404.66 -51.1322
1406.55 -50.867
1408.44 -50.6084
1410.34 -50.3563
1412.23 -50.1109
1414.13 -49.8721
1416.03 -49.64
1417.93 -49.4147
1419.83 -49.1962
1421.73 -48.9845
1423.64 -48.7797
1425.54 -48.5817
1427.45 -48.3908
1429.36 -48.2068
1431.27 -48.0299
1433.18 -47.86
1435.09 -47.6972
1437.01 -47.5416
1438.92 -47.3931
1440.84 -47.2518
1442.76 -47.1177
1444.68 -46.9908
1446.6 -46.8713
1448.52 -46.759
1450.44 -46.6541
1452.36 -46.5565
1454.28 -46.4662
1456.21 -46.3834
1458.13 -46.3079
1460.05 -46.2399
1461.98 -46.1793
1463.9 -46.1261
1465.83 -46.0805
1467.76 -46.0422
1469.68 -46.0115
1471.61 -45.9883
1473.54 -45.9725
1475.46 -45.9642
1477.39 -45.9634
1479.32 -45.9704
1481.25 -45.985
1483.17 -46.007
1485.1 -46.0365
1487.03 -46.0735
1488.95 -46.1179
1490.88 -46.1699
1492.8 -46.2293
1494.73 -46.2961
1496.65 -46.3704
1498.58 -46.4521
1500.5 -46.5412
1502.42 -46.6377
1504.34 -46.7416
1506.26 -46.8528
1508.18 -46.9714
1510.1 -47.0972
1512.02 -47.2304
1513.94 -47.3707
1515.86 -47.5183
1517.77 -47.6731
1519.68 -47.8351
1521.6 -48.0042
1523.51 -48.1804
1525.42 -48.3636
1527.33 -48.5539
1529.23 -48.7512
1531.14 -48.9554
1533.04 -49.1666
1534.95 -49.3846
1536.85 -49.6095
1538.75 -49.8412
1540.64 -50.0796
1542.54 -50.3248
1544.43 -50.5766
1546.33 -50.835
1548.22 -51.1
1550.11 -51.3715
1551.99 -51.6496
1553.88 -51.934
1555.76 -52.2248
1557.64 -52.522
1559.52 -52.8255
1561.4 -53.1352
1563.27 -53.451
1565.14 -53.773
1567.01 -54.1011
1568.88 -54.4352
1570.75 -54.7753
1572.61 -55.1213
1574.47 -55.4732
1576.33 -55.8309
1578.19 -56.1943
1580.04 -56.5635
1581.89 -56.9383
1583.74 -57.3187
1585.59 -57.7046
1587.44 -58.096
1589.28 -58.4929
1591.12 -58.8951
1592.96 -59.3026
1594.79 -59.7154
1596.62 -60.1334
1598.45 -60.5566
1600.28 -60.9848
1602.11 -61.4181
1603.93 -61.8564
1605.75 -62.2996
1607.57 -62.7477
1609.38 -63.2006
1611.19 -63.6583
1613 -64.1207
1614.81 -64.5877
1616.62 -65.0594
1618.42 -65.5356
1620.22 -66.0163
1622.01 -66.5014
1623.81 -66.9909
1625.6 -67.4848
1627.39 -67.9829
1629.18 -68.4853
1630.96 -68.9919
1632.74 -69.5026
1634.52 -70.0174
1636.3 -69.5074
1638.08 -69.0014
1639.87 -68.4995
1641.65 -68.0018
1643.44 -67.5082
1645.24 -67.019
1647.03 -66.534
1648.83 -66.0533
1650.63 -65.577
1652.43 -65.1052
1654.23 -64.638
1656.04 -64.1752
1657.85 -63.7171
1659.66 -63.2636
1661.48 -62.8149
1663.29 -62.3709
1665.11 -61.9318
1666.93 -61.4975
1668.76 -61.0682
1670.59 -60.6438
1672.41 -60.2245
1674.25 -59.8103
1676.08 -59.4012
1677.92 -58.9974
1679.76 -58.5988
1681.6 -58.2055
1683.44 -57.8176
1685.29 -57.4352
1687.14 -57.0582
1688.99 -56.6867
1690.84 -56.3209
1692.7 -55.9606
1694.56 -55.6061
1696.42 -55.2573
1698.28 -54.9144
1700.14 -54.5772
1702.01 -54.246
1703.88 -53.9208
1705.75 -53.6016
1707.62 -53.2884
1709.5 -52.9814
1711.38 -52.6805
1713.26 -52.3859
1715.14 -52.0975
1717.02 -51.8154
1718.91 -51.5398
1720.79 -51.2705
1722.68 -51.0077
1724.57 -50.7514
1726.47 -50.5017
1728.36 -50.2585
1730.26 -50.022
1732.16 -49.7923
1734.06 -49.5692
1735.96 -49.3529
1737.86 -49.1434
1739.77 -48.9408
1741.67 -48.7451
1743.58 -48.5563
1745.49 -48.3745
1747.4 -48.1997
1749.31 -48.0319
1751.22 -47.8712
1753.13 -47.7177
1755.05 -47.5712
1756.96 -47.4319
1758.88 -47.2998
1760.8 -47.175
1762.72 -47.0574
1764.64 -46.947
1766.56 -46.844
1768.48 -46.7482
1770.4 -46.6599
1772.33 -46.5788
1774.25 -46.5052
1776.17 -46.4389
1778.1 -46.3801
1780.02 -46.3286
1781.95 -46.2846
1783.87 -46.248
1785.8 -46.2189
1787.72 -46.1973
1789.65 -46.1831
1791.58 -46.1763
1793.5 -46.1771
1795.43 -46.1856
1797.36 -46.2016
1799.28 -46.225
1801.21 -46.256
1803.13 -46.2943
1805.06 -46.3401
1806.98 -46.3934
1808.91 -46.4541
1810.83 -46.5222
1812.76 -46.5977
1814.68 -46.6805
1816.6 -46.7708
1818.52 -46.8684
1820.44 -46.9733
1822.36 -47.0856
1824.28 -47.2051
1826.2 -47.332
1828.12 -47.466
1830.03 -47.6073
1831.95 -47.7557
1833.86 -47.9114
1835.78 -48.0741
1837.69 -48.244
1839.6 -48.4209
1841.51 -48.6048
1843.41 -48.7958
1845.32 -48.9937
1847.22 -49.1985
1849.13 -49.4102
1851.03 -49.6288
1852.93 -49.8541
1854.83 -50.0862
1856.72 -50.3251
1858.62 -50.5706
1860.51 -50.8228
1862.4 -51.0815
1864.29 -51.3468
1866.18 -51.6186
1868.07 -51.8968
1869.95 -52.1815
1871.83 -52.4725
1873.71 -52.7697
1875.59 -53.0733
1877.47 -53.383
1879.34 -53.699
1881.21 -54.021
1883.08 -54.349
1884.95 -54.6831
1886.81 -55.0231
1888.68 -55.369
1890.54 -55.7207
1892.39 -56.0782
1894.25 -56.4415
1896.1 -56.8104
1897.96 -57.185
1899.8 -57.5651
1901.65 -57.9507
1903.49 -58.3418
1905.34 -58.7383
1907.18 -59.1401
1909.01 -59.5473
1910.85 -59.9596
1912.68 -60.3772
1914.51 -60.7999
1916.34 -61.2276
1918.16 -61.6604
1919.98 -62.0982
1921.8 -62.5408
1923.62 -62.9883
1925.43 -63.4406
1927.24 -63.8977
1929.05 -64.3595
1930.86 -64.8258
1932.66 -65.2968
1934.47 -65.7723
1936.27 -66.2523
1938.06 -66.7367
1939.86 -67.2255
1941.65 -67.7186
1943.44 -68.2159
1945.22 -68.7175
1947.01 -69.2233
1948.79 -69.7332
1950.57 -70.2471
1952.34 -70.765
1954.12 -71.2869
1955.89 -71.8128
1957.66 -72.3425
1959.42 -72.876
1961.19 -73.4133
1962.95 -73.9543
1964.71 -74.499
1966.46 -75.0473
1968.22 -75.5992
1969.97 -76.1546
1971.72 -76.7135
1973.46 -77.2758
1975.21 -77.8416
1976.95 -78.4107
1978.69 -78.9831
1980.42 -79.5588
1982.16 -80.1377
1983.89 -80.7198
1985.62 -81.305
1987.35 -81.8934
1989.07 -82.4847
1990.79 -83.0791
1992.51 -83.6765
1994.23 -84.2768
1995.95 -84.88
1997.66 -85.4861
1999.37 -86.095
2001.08 -86.7067
2002.78 -87.3211
2004.49 -87.9382
2006.19 -88.558
2007.89 -89.1804
2009.59 -89.8054
2011.28 -90.433
2012.97 -91.0631
2014.67 -91.6957
2016.35 -92.3308
2018.04 -92.9683
2019.72 -93.6082
2021.41 -94.2504
2023.09 -94.895
2024.77 -95.5419
2026.44 -96.191
2028.12 -96.8424
2029.79 -97.496
2031.46 -98.1517
2033.13 -98.8096
2034.79 -99.4696
2036.46 -100.132
2038.12 -100.796
2039.78 -101.462
2041.44 -102.13
2043.09 -102.8
2044.75 -103.472
2046.4 -104.146
2048.05 -104.822
2049.7 -105.5
2051.35 -106.18
2052.99 -106.861
2054.64 -107.544
2056.28 -108.229
2057.92 -108.916
2059.56 -109.605
2061.19 -110.295
2062.83 -110.987
2064.46 -111.68
2066.09 -112.375
2067.72 -113.072
2069.35 -113.77
2070.98 -114.47
2072.6 -115.171
2074.22 -115.874
2075.84 -116.579
2077.47 -117.284
2079.08 -117.992
2080.7 -118.701
2082.32 -119.411
2083.93 -120.122
2085.54 -120.835
2087.15 -121.55
2088.76 -122.265
2090.37 -122.982
2091.98 -123.7
2093.58 -124.42
2095.18 -125.141
2096.79 -125.863
2098.39 -126.586
2099.99 -127.311
2101.58 -128.037
2103.18 -128.764
2104.78 -129.492
2106.37 -130.221
2107.96 -130.951
2109.55 -131.683
2111.14 -132.415
2112.73 -133.149
2114.32 -133.884
2115.91 -134.62
2117.49 -135.357
2119.08 -136.095
2120.66 -136.834
2122.24 -137.574
2123.82 -138.315
2125.4 -139.057
2126.98 -139.8
2128.55 -140.544
2130.13 -141.288
2131.7 -142.034
2133.28 -142.781
2134.85 -143.528
2136.42 -144.277
2137.99 -145.026
2139.56 -145.777
2141.13 -146.528
2142.69 -147.28
2144.26 -148.032
2145.82 -148.786
2147.39 -149.54
2148.95 -150.296
2150.51 -151.052
2152.07 -151.808
2153.63 -152.566
2155.19 -153.324
2156.75 -154.083
2158.3 -154.843
2159.86 -155.604
2161.41 -156.365
2162.97 -157.127
2164.52 -157.89
2166.07 -158.653
2167.62 -159.417
2169.17 -160.182
2170.72 -160.948
2172.27 -161.714
2173.82 -162.48
2175.37 -163.248
2176.91 -164.016
2178.46 -164.785
2180 -165.554
2181.55 -166.324
2183.09 -167.094
2184.63 -167.865
2186.17 -168.637
2187.71 -169.409
2189.25 -170.182
2190.79 -170.955
2192.33 -171.729
2193.87 -172.504
2195.4 -173.279
2196.94 -174.055
2198.48 -174.831
2200.01 -175.607
2201.54 -176.384
2203.08 -177.162
2204.61 -177.94
2206.14 -178.719
2207.67 -179.498
2209.2 -180.278
2210.73 -181.058
2212.26 -181.838
2213.79 -182.619
2215.32 -183.401
2216.85 -184.183
2218.37 -184.965
2219.9 -185.748
2221.42 -186.532
2222.95 -187.315
2224.47 -188.099
2226 -188.884
2227.52 -189.669
2229.04 -190.454
2230.56 -191.24
2232.09 -192.026
2233.61 -192.813
2235.13 -193.6
2236.65 -194.387
2238.17 -195.175
2239.68 -195.963
2241.2 -196.752
2242.72 -197.541
2244.24 -198.33
2245.75 -199.12
2247.27 -199.91
2248.79 -200.7
2250.3 -201.491
2251.81 -202.282
2253.33 -203.073
2254.84 -203.865
2256.36 -204.657
2257.87 -205.449
2259.38 -206.241
2260.89 -207.034
2262.4 -207.828
2263.91 -208.621
2265.42 -209.415
2266.93 -210.209
2268.44 -211.004
2269.95 -211.799
2271.46 -212.594
2272.97 -213.389
2274.48 -214.185
2275.98 -214.981
2277.49 -215.777
2279 -216.573
2280.5 -217.37
2282.01 -218.167
2283.52 -218.964
2285.02 -219.762
2286.53 -220.559
2288.03 -221.357
2289.53 -222.156
2291.04 -222.954
2292.54 -223.753
2294.04 -224.552
2295.55 -225.351
2297.05 -226.151
2298.55 -226.951
2300.05 -227.75
2301.55 -228.551
2303.05 -229.351
2304.55 -230.152
2306.05 -230.952
2307.55 -231.754
2309.05 -232.555
2310.55 -233.356
2312.05 -234.158
2313.55 -234.96
2315.05 -235.762
2316.55 -236.564
2318.04 -237.367
2319.54 -238.169
2321.04 -238.972
2322.53 -239.775
2324.03 -240.579
2325.53 -241.382
2327.02 -242.186
2328.52 -242.99
2330.01 -243.794
2331.51 -244.598
2333 -245.402
2334.5 -246.207
2335.99 -247.011
2337.49 -247.816
2338.98 -248.621
2340.47 -249.426
2341.97 -250.232
2343.46 -251.037
2344.95 -251.843
2346.45 -252.649
2347.94 -253.455
2349.43 -254.261
2350.92 -255.067
2352.41 -255.874
2353.91 -256.68
2355.4 -257.487
2356.89 -258.294
2358.38 -259.101
2359.87 -259.908
2361.36 -260.716
2362.85 -261.523
2364.34 -262.331
2365.83 -263.139
2367.32 -263.946
2368.81 -264.754
2370.3 -265.563
2371.79 -266.371
2373.27 -267.179
2374.76 -267.988
2376.25 -268.796
2377.74 -269.605
2379.23 -270.414
2380.71 -271.223
2382.2 -272.032
2383.69 -272.842
2385.18 -273.651
2386.66 -274.46
2388.15 -275.27
2389.64 -276.08
2391.12 -276.889
2392.61 -277.699
2394.1 -278.509
2395.58 -279.32
2397.07 -280.13
2398.55 -280.94
2400.04 -281.751
2401.52 -282.561
2403.01 -283.372
2404.49 -284.183
2405.98 -284.993
2407.46 -285.804
2408.95 -286.615
2410.43 -287.427
2411.92 -288.238
2413.4 -289.049
2414.88 -289.861
2416.37 -290.672
2417.85 -291.484
2419.34 -292.295
2420.82 -293.107
2422.3 -293.919
2423.79 -294.731
2425.27 -295.543
2426.75 -296.355
2428.23 -297.167
2429.72 -297.979
2431.2 -298.792
2432.68 -299.604
2434.16 -300.417
2435.65 -301.229
2437.13 -302.042
2438.61 -302.855
2440.09 -303.668
2441.57 -304.48
2443.05 -305.293
2444.54 -306.106
2446.02 -306.92
2447.5 -307.733
2448.98 -308.546
2450.46 -309.359
2451.94 -310.173
2453.42 -310.986
2454.9 -311.8
2456.38 -312.613
2457.86 -313.427
2459.34 -314.241
2460.82 -315.054
2462.31 -315.868
2463.79 -316.682
2465.27 -317.496
2466.75 -318.31
2468.22 -319.124
2469.7 -319.938
2471.18 -320.753
2472.66 -321.567
2474.14 -322.381
2475.62 -323.196
2477.1 -324.01
2478.58 -324.825
2480.06 -325.639
2481.54 -326.454
2483.02 -327.268
2484.5 -328.083
2485.98 -328.898
2487.45 -329.713
2488.93 -330.527
2490.41 -331.342
2491.89 -332.157
2493.37 -332.972
2494.85 -333.787
2496.32 -334.603
2497.8 -335.418
2499.28 -336.233
2500.76 -337.048
2502.24 -337.863
2503.71 -338.679
2505.19 -339.494
2506.67 -340.31
2508.15 -341.125
2509.62 -341.941
2511.1 -342.756
2512.58 -343.572
2514.06 -344.387
2515.53 -345.203
2517.01 -346.019
2518.49 -346.835
2519.97 -347.65
2521.44 -348.466
2522.92 -349.282
2524.4 -350.098
2525.87 -350.914
2527.35 -351.73
2528.83 -352.546
2530.3 -353.362
2531.78 -354.178
2533.26 -354.994
2534.73 -355.811
2536.21 -356.627
2537.69 -357.443
2539.16 -358.259
2540.64 -359.076
2542.11 -359.892
2543.59 -360.708
2545.07 -361.525
2546.54 -362.341
2548.02 -363.158
2549.49 -363.974
2550.97 -364.791
2552.45 -365.607
2553.92 -366.424
2555.4 -367.241
2556.87 -368.057
2558.35 -368.874
2559.82 -369.691
2561.3 -370.507
2562.78 -371.324
2564.25 -372.141
2565.73 -372.958
2567.2 -373.775
2568.68 -374.592
2570.15 -375.408
2571.63 -376.225
2573.1 -377.042
2574.58 -377.859
2576.05 -378.676
2577.53 -379.493
2579 -380.311
2580.48 -381.128
2581.95 -381.945
2583.43 -382.762
2584.9 -383.579
2586.38 -384.396
2587.85 -385.214
2589.33 -386.031
2590.8 -386.848
2592.28 -387.665
2593.75 -388.483
2595.23 -389.3
2596.7 -390.117
2598.18 -390.935
2599.65 -391.752
2601.12 -392.57
2602.6 -393.387
2604.07 -394.204
2605.55 -395.022
2607.02 -395.839
2608.5 -396.657
2609.97 -397.474
2611.44 -398.292
2612.92 -399.11
2614.39 -399.927
2615.87 -400.745
2617.34 -401.562
2618.82 -402.38
2620.29 -403.198
2621.76 -404.016
2623.24 -404.833
2624.71 -405.651
2626.19 -406.469
2627.66 -407.286
2629.13 -408.104
2630.61 -408.922
2632.08 -409.74
2633.55 -410.558
2635.03 -411.376
2636.5 -412.193
2637.98 -413.011
2639.45 -413.829
2640.92 -414.647
2642.4 -415.465
2643.87 -416.283
2645.34 -417.101
2646.82 -417.919
2648.29 -418.737
2649.77 -419.555
2651.24 -420.373
2652.71 -421.191
2654.19 -422.009
2655.66 -422.827
2657.13 -423.645
2658.61 -424.463
2660.08 -425.281
2661.55 -426.099
2663.03 -426.917
2664.5 -427.736
2665.97 -428.554
2667.45 -429.372
2668.92 -430.19
2670.39 -431.008
2671.87 -431.826
2673.34 -432.645
2674.81 -433.463
2676.29 -434.281
2677.76 -435.099
2679.23 -435.918
2680.7 -436.736
2682.18 -437.554
2683.65 -438.372
2685.12 -439.191
2686.6 -440.009
2688.07 -440.827
2689.54 -441.646
2691.02 -442.464
2692.49 -443.282
2693.96 -444.101
2695.44 -444.919
2696.91 -445.737
2698.38 -446.556
2699.85 -447.374
2701.33 -448.193
2702.8 -449.011
2704.27 -449.83
2705.75 -450.648
2707.22 -451.466
2708.69 -452.285
2710.16 -453.103
2711.64 -453.922
2713.11 -454.74
2714.58 -455.559
2716.06 -456.377
2717.53 -457.196
2719 -458.014
2720.47 -458.833
2721.95 -459.651
2723.42 -460.47
2724.89 -461.288
2726.36 -462.107
2727.84 -462.926
2729.31 -463.744
2730.78 -464.563
2732.25 -465.381
2733.73 -466.2
2735.2 -467.019
2736.67 -467.837
2738.15 -468.656
2739.62 -469.474
2741.09 -470.293
2742.56 -471.112
2744.04 -471.93
2745.51 -472.749
2746.98 -473.568
2748.45 -474.386
2749.92 -475.205
2751.4 -476.024
2752.87 -476.842
2754.34 -477.661
2755.81 -478.48
2757.29 -479.298
2758.76 -480.117
2760.23 -480.936
2761.7 -481.755
2763.18 -482.573
2764.65 -483.392
2766.12 -484.211
2767.59 -485.03
2769.07 -485.848
2770.54 -486.667
2772.01 -487.486
2773.48 -488.305
2774.96 -489.123
2776.43 -489.942
2777.9 -490.761
2779.37 -491.58
2780.84 -492.399
2782.32 -493.217
2783.79 -494.036
2785.26 -494.855
2786.73 -495.674
2788.21 -496.493
2789.68 -497.311
2791.15 -498.13
2792.62 -498.949
2794.09 -499.768
2795.57 -500.587
2797.04 -501.406
2798.51 -502.225
2799.98 -503.043
2801.46 -503.862
2802.93 -504.681
2804.4 -505.5
2805.87 -506.319
2807.34 -507.138
2808.82 -507.957
2810.29 -508.776
2811.76 -509.594
2813.23 -510.413
2814.7 -511.232
2816.18 -512.051
2817.65 -512.87
2819.12 -513.689
2820.59 -514.508
2822.07 -515.327
2823.54 -516.146
2825.01 -516.965
2826.48 -517.783
2827.95 -518.602
2829.43 -519.421
2830.9 -520.24
2832.37 -521.059
2833.84 -521.878
2835.31 -522.697
2836.79 -523.516
2838.26 -524.335
2839.73 -525.154
2841.2 -525.973
2842.67 -526.792
2844.15 -527.611
2845.62 -528.43
2847.09 -529.249
2848.56 -530.068
2850.03 -530.887
2851.51 -531.706
2852.98 -532.525
2854.45 -533.344
2855.92 -534.163
2857.39 -534.982
2858.86 -535.801
2860.34 -536.62
2861.81 -537.439
2863.28 -538.258
2864.75 -539.077
2866.22 -539.896
2867.7 -540.715
2869.17 -541.534
2870.64 -542.353
2872.11 -543.172
2873.58 -543.991
2875.06 -544.81
2876.53 -545.629
2878 -546.448
2879.47 -547.267
2880.94 -548.086
2882.42 -548.905
2883.89 -549.724
2885.36 -550.543
2886.83 -551.362
2888.3 -552.181
2889.78 -553
2891.25 -553.819
2892.72 -554.638
2894.19 -555.457
2895.66 -556.277
2897.13 -557.096
2898.61 -557.915
2900.08 -558.734
2901.55 -559.553
2903.02 -560.372
2904.49 -561.191
2905.97 -562.01
2907.44 -562.829
2908.91 -563.648
2910.38 -564.467
2911.85 -565.287
2913.33 -566.106
2914.8 -566.925
2916.27 -567.744
2917.74 -568.563
2919.21 -569.382
2920.68 -570.201
2922.16 -571.02
2923.63 -571.839
2925.1 -572.658
2926.57 -573.477
2928.04 -574.297
2929.51 -575.116
2930.99 -575.935
2932.46 -576.754
2933.93 -577.573
2935.4 -578.392
2936.87 -579.211
2938.34 -580.03
2939.82 -580.849
2941.29 -581.668
2942.76 -582.487
2944.23 -583.307
2945.7 -584.126
2947.18 -584.945
2948.65 -585.764
2950.12 -586.583
2951.59 -587.402
2953.06 -588.221
2954.53 -589.041
2956.01 -589.86
2957.48 -590.679
2958.95 -591.498
2960.42 -592.317
2961.89 -593.136
2963.36 -593.955
2964.84 -594.775
2966.31 -595.594
2967.78 -596.413
2969.25 -597.232
2970.72 -598.051
2972.19 -598.87
2973.67 -599.69
2975.14 -600.509
2976.61 -601.328
2978.08 -602.147
2979.55 -602.966
2981.02 -603.785
2982.5 -604.604
2983.97 -605.424
2985.44 -606.243
2986.91 -607.062
2988.38 -607.881
2989.85 -608.7
2991.33 -609.519
2992.8 -610.339
2994.27 -611.158
2995.74 -611.977
2997.21 -612.796
2998.68 -613.615
3000.16 -614.434
3001.63 -615.253
3003.1 -616.073
3004.57 -616.892
3006.04 -617.711
3007.51 -618.53
3008.99 -619.349
3010.46 -620.168
3011.93 -620.987
3013.4 -621.807
3014.87 -622.626
3016.34 -623.445
3017.82 -624.264
3019.29 -625.083
3020.76 -625.902
3022.23 -626.722
3023.7 -627.541
3025.17 -628.36
3026.65 -629.179
3028.12 -629.998
3029.59 -630.817
3031.06 -631.636
3032.53 -632.456
3034 -633.275
3035.48 -634.094
3036.95 -634.913
3038.42 -635.732
3039.89 -636.552
3041.36 -637.371
3042.83 -638.19
3044.31 -639.009
3045.78 -639.828
3047.25 -640.648
3048.72 -641.467
3050.19 -642.286
3051.66 -643.105
3053.14 -643.924
3054.61 -644.744
3056.08 -645.563
3057.55 -646.382
3059.02 -647.201
3060.49 -648.021
3061.97 -648.84
3063.44 -649.659
3064.91 -650.478
3066.38 -651.297
3067.85 -652.117
3069.32 -652.936
3070.8 -653.755
3072.27 -654.574
3073.74 -655.393
3075.21 -656.213
3076.68 -657.032
3078.15 -657.851
3079.63 -658.67
3081.1 -659.49
3082.57 -660.309
3084.04 -661.128
3085.51 -661.947
3086.98 -662.766
3088.46 -663.586
3089.93 -664.405
3091.4 -665.224
3092.87 -666.043
3094.34 -666.862
3095.81 -667.682
3097.29 -668.501
3098.76 -669.32
3100.23 -670.139
3101.7 -670.958
3103.17 -671.778
3104.64 -672.597
3106.12 -673.416
3107.59 -674.235
3109.06 -675.055
3110.53 -675.874
3112 -676.693
3113.47 -677.512
3114.95 -678.331
3116.42 -679.151
3117.89 -679.97
3119.36 -680.789
3120.83 -681.608
3122.3 -682.427
3123.78 -683.247
3125.25 -684.066
3126.72 -684.885
3128.19 -685.704
3129.66 -686.524
3131.14 -687.343
3132.61 -688.162
3134.08 -688.981
3135.55 -689.8
3137.02 -690.62
3138.49 -691.439
3139.97 -692.258
3141.44 -693.077
3142.91 -693.896
3144.38 -694.716
3145.85 -695.535
3147.32 -696.354
3148.8 -697.173
3150.27 -697.993
3151.74 -698.812
3153.21 -699.631
3154.68 -700.45
3156.15 -701.269
3157.63 -702.089
3159.1 -702.908
3160.57 -703.727
3162.04 -704.546
3163.51 -705.365
3164.98 -706.185
3166.46 -707.004
3167.93 -707.823
3169.4 -708.642
3170.87 -709.462
3172.34 -710.281
3173.81 -711.1
3175.29 -711.919
3176.76 -712.738
3178.23 -713.558
3179.7 -714.377
3181.17 -715.196
3182.64 -716.015
3184.12 -716.834
3185.59 -717.654
3187.06 -718.473
3188.53 -719.292
3190 -720.111
3191.47 -720.931
3192.95 -721.75
3194.42 -722.569
3195.89 -723.388
3197.36 -724.207
3198.83 -725.027
3200.3 -725.846
3201.78 -726.665
3203.25 -727.484
3204.72 -728.303
3206.19 -729.123
3207.66 -729.942
3209.13 -730.761
3210.61 -731.58
3212.08 -732.4
3213.55 -733.219
3215.02 -734.038
3216.49 -734.857
3217.96 -735.676
3219.44 -736.496
3220.91 -737.315
3222.38 -738.134
3223.85 -738.953
3225.32 -739.772
3226.79 -740.592
3228.27 -741.411
3229.74 -742.23
3231.21 -743.049
3232.68 -743.869
3234.15 -744.688
3235.62 -745.507
3237.1 -746.326
3238.57 -747.145
3240.04 -747.965
3241.51 -748.784
3242.98 -749.603
3244.45 -750.422
3245.93 -751.241
3247.4 -752.061
3248.87 -752.88
3250.34 -753.699
3251.81 -754.518
3253.28 -755.338
3254.76 -756.157
3256.23 -756.976
3257.7 -757.795
3259.17 -758.614
3260.64 -759.434
3262.11 -760.253
3263.59 -761.072
3265.06 -761.891
3266.53 -762.71
3268 -763.53
3269.47 -764.349
3270.94 -765.168
3272.42 -765.987
3273.89 -766.807
3275.36 -767.626
3276.83 -768.445
3278.3 -769.264
3279.77 -770.083
3281.25 -770.903
3282.72 -771.722
3284.19 -772.541
3285.66 -773.36
3287.13 -774.179
3288.6 -774.999
3290.08 -775.818
3291.55 -776.637
3293.02 -777.456
3294.49 -778.276
3295.96 -779.095
3297.43 -779.914
3298.91 -780.733
3300.38 -781.552
3301.85 -782.372
3303.32 -783.191
3304.79 -784.01
3306.26 -784.829
3307.74 -785.648
3309.21 -786.468
3310.68 -787.287
3312.15 -788.106
3313.62 -788.925
3315.09 -789.745
3316.57 -790.564
3318.04 -791.383
3319.51 -792.202
3320.98 -793.021
3322.45 -793.841
3323.93 -794.66
3325.4 -795.479
3326.87 -796.298
3328.34 -797.117
3329.81 -797.937
3331.28 -798.756
3332.76 -799.575
3334.23 -800.394
3335.7 -801.214
3337.17 -802.033
3338.64 -802.852
3340.11 -803.671
3341.59 -804.49
3343.06 -805.31
3344.53 -806.129
3346 -806.948
3347.47 -807.767
3348.94 -808.586
3350.42 -809.406
3351.89 -810.225
3353.36 -811.044
3354.83 -811.863
3356.3 -812.682
3357.77 -813.502
3359.25 -814.321
3360.72 -815.14
3362.19 -815.959
3363.66 -816.779
3365.13 -817.598
3366.6 -818.417
3368.08 -819.236
3369.55 -820.055
3371.02 -820.875
3372.49 -821.694
3373.96 -822.513
3375.43 -823.332
3376.91 -824.151
3378.38 -824.971
3379.85 -825.79
3381.32 -826.609
3382.79 -827.428
3384.26 -828.248
3385.73 -829.067
3387.21 -829.886
3388.68 -830.705
3390.15 -831.524
3391.62 -832.344
3393.09 -833.163
3394.56 -833.982
3396.03 -834.801
