250 -600
251.421 -599.095
252.841 -598.19
254.262 -597.285
255.682 -596.38
257.103 -595.475
258.523 -594.57
259.944 -593.665
261.364 -592.76
262.785 -591.855
264.206 -590.95
265.626 -590.045
267.047 -589.14
268.467 -588.235
269.888 -587.33
271.308 -586.425
272.729 -585.521
274.15 -584.616
275.57 -583.711
276.991 -582.806
278.411 -581.901
279.832 -580.996
281.252 -580.091
282.673 -579.186
284.094 -578.281
285.514 -577.376
286.935 -576.471
288.355 -575.566
289.776 -574.661
291.197 -573.756
292.617 -572.851
294.038 -571.946
295.458 -571.041
296.879 -570.136
298.3 -569.231
299.72 -568.326
301.141 -567.421
302.562 -566.516
303.982 -565.611
305.403 -564.706
306.823 -563.801
308.244 -562.896
309.665 -561.992
311.085 -561.087
312.506 -560.182
313.927 -559.277
315.347 -558.372
316.768 -557.467
318.189 -556.562
319.609 -555.657
321.03 -554.752
322.451 -553.847
323.871 -552.942
325.292 -552.038
326.713 -551.133
328.133 -550.228
329.554 -549.323
330.975 -548.418
332.396 -547.513
333.816 -546.608
335.237 -545.703
336.658 -544.798
338.078 -543.893
339.499 -542.988
340.92 -542.084
342.341 -541.179
343.761 -540.274
345.182 -539.369
346.603 -538.464
348.024 -537.559
349.444 -536.654
350.865 -535.749
352.286 -534.844
353.707 -533.939
355.127 -533.035
356.548 -532.13
357.969 -531.225
359.39 -530.32
360.81 -529.415
362.231 -528.51
363.652 -527.606
365.073 -526.701
366.494 -525.796
367.915 -524.891
369.335 -523.986
370.756 -523.081
372.177 -522.176
373.598 -521.272
375.019 -520.367
376.44 -519.462
377.86 -518.557
379.281 -517.652
380.702 -516.747
382.123 -515.843
383.544 -514.938
384.965 -514.033
386.386 -513.128
387.807 -512.223
389.228 -511.318
390.648 -510.414
392.069 -509.509
393.49 -508.604
394.911 -507.699
396.332 -506.794
397.753 -505.89
399.174 -504.985
400.595 -504.08
402.016 -503.175
403.437 -502.27
404.858 -501.366
406.279 -500.461
407.7 -499.556
409.121 -498.651
410.542 -497.747
411.963 -496.842
413.384 -495.937
414.805 -495.032
416.226 -494.128
417.647 -493.223
419.068 -492.318
420.489 -491.413
421.911 -490.509
423.332 -489.604
424.753 -488.699
426.174 -487.795
427.595 -486.89
429.016 -485.985
430.437 -485.08
431.858 -484.176
433.28 -483.271
434.701 -482.366
436.122 -481.462
437.543 -480.557
438.964 -479.652
440.385 -478.748
441.807 -477.843
443.228 -476.938
444.649 -476.034
446.07 -475.129
447.492 -474.224
448.913 -473.32
450.334 -472.415
451.756 -471.51
453.177 -470.606
454.598 -469.701
456.02 -468.797
457.441 -467.892
458.862 -466.987
460.284 -466.083
461.705 -465.178
463.126 -464.274
464.548 -463.369
465.969 -462.465
467.391 -461.56
468.812 -460.655
470.234 -459.751
471.655 -458.846
473.077 -457.942
474.498 -457.037
475.92 -456.133
477.341 -455.228
478.763 -454.324
480.184 -453.419
481.606 -452.515
483.027 -451.61
484.449 -450.706
485.871 -449.801
487.292 -448.897
488.714 -447.992
490.136 -447.088
491.557 -446.183
492.979 -445.279
494.401 -444.375
495.823 -443.47
497.244 -442.566
498.666 -441.661
500.088 -440.757
501.51 -439.852
502.931 -438.948
504.353 -438.044
505.775 -437.139
507.197 -436.235
508.619 -435.331
510.041 -434.426
511.463 -433.522
512.885 -432.618
514.307 -431.713
515.729 -430.809
517.151 -429.905
518.573 -429.001
519.995 -428.096
521.417 -427.192
522.839 -426.288
524.261 -425.384
525.683 -424.479
527.106 -423.575
528.528 -422.671
529.95 -421.767
531.372 -420.862
532.794 -419.958
534.217 -419.054
535.639 -418.15
537.061 -417.246
538.484 -416.342
539.906 -415.438
541.329 -414.534
542.751 -413.629
544.174 -412.725
545.596 -411.821
547.019 -410.917
548.441 -410.013
549.864 -409.109
551.286 -408.205
552.709 -407.301
554.132 -406.397
555.554 -405.493
556.977 -404.589
558.4 -403.685
559.823 -402.781
561.245 -401.877
562.668 -400.974
564.091 -400.07
565.514 -399.166
566.937 -398.262
568.36 -397.358
569.783 -396.454
571.206 -395.55
572.629 -394.647
574.052 -393.743
575.475 -392.839
576.898 -391.935
578.322 -391.032
579.745 -390.128
581.168 -389.224
582.591 -388.32
584.015 -387.417
585.438 -386.513
586.862 -385.61
588.285 -384.706
589.709 -383.802
591.132 -382.899
592.556 -381.995
593.979 -381.092
595.403 -380.188
596.827 -379.285
598.251 -378.381
599.674 -377.478
601.098 -376.574
602.522 -375.671
603.946 -374.768
605.37 -373.864
606.794 -372.961
608.218 -372.057
609.642 -371.154
611.066 -370.251
612.491 -369.348
613.915 -368.444
615.339 -367.541
616.764 -366.638
618.188 -365.735
619.612 -364.832
621.037 -363.929
622.462 -363.025
623.886 -362.122
625.311 -361.219
626.736 -360.316
628.16 -359.413
629.585 -358.51
631.01 -357.607
632.435 -356.705
633.86 -355.802
635.285 -354.899
636.71 -353.996
638.135 -353.093
639.561 -352.19
640.986 -351.288
642.411 -350.385
643.837 -349.482
645.262 -348.58
646.688 -347.677
648.114 -346.774
649.539 -345.872
650.965 -344.969
652.391 -344.067
653.817 -343.164
655.243 -342.262
656.669 -341.36
658.095 -340.457
659.521 -339.555
660.948 -338.653
662.374 -337.75
663.8 -336.848
665.227 -335.946
666.653 -335.044
668.08 -334.142
669.507 -333.24
670.934 -332.338
672.361 -331.436
673.788 -330.534
675.215 -329.632
676.642 -328.73
678.069 -327.828
679.496 -326.926
680.924 -326.025
682.351 -325.123
683.779 -324.221
685.207 -323.32
686.634 -322.418
688.062 -321.517
689.49 -320.615
690.918 -319.714
692.346 -318.812
693.775 -317.911
695.203 -317.01
696.632 -316.108
698.06 -315.207
699.489 -314.306
700.918 -313.405
702.346 -312.504
703.776 -311.603
705.205 -310.702
706.634 -309.801
708.063 -308.9
709.493 -307.999
710.922 -307.099
712.352 -306.198
713.782 -305.297
715.212 -304.397
716.642 -303.496
718.072 -302.596
719.502 -301.696
720.933 -300.795
722.363 -299.895
723.794 -298.995
725.225 -298.095
726.656 -297.195
728.087 -296.295
729.518 -295.395
730.949 -294.495
732.381 -293.595
733.812 -292.695
735.244 -291.796
736.676 -290.896
738.108 -289.997
739.54 -289.097
740.973 -288.198
742.405 -287.299
743.838 -286.399
745.271 -285.5
746.704 -284.601
748.137 -283.702
749.57 -282.803
751.004 -281.904
752.437 -281.006
753.871 -280.107
755.305 -279.208
756.739 -278.31
758.173 -277.411
759.608 -276.513
761.043 -275.615
762.478 -274.717
763.913 -273.819
765.348 -272.921
766.783 -272.023
768.219 -271.125
769.655 -270.227
771.091 -269.33
772.527 -268.432
773.963 -267.535
775.4 -266.637
776.837 -265.74
778.274 -264.843
779.711 -263.946
781.148 -263.049
782.586 -262.152
784.024 -261.256
785.462 -260.359
786.901 -259.463
788.339 -258.566
789.778 -257.67
791.217 -256.774
792.656 -255.878
794.096 -254.982
795.536 -254.086
796.976 -253.191
798.416 -252.295
799.856 -251.4
801.297 -250.504
802.738 -249.609
804.18 -248.714
805.621 -247.819
807.063 -246.925
808.505 -246.03
809.947 -245.136
811.39 -244.241
812.833 -243.347
814.276 -242.453
815.72 -241.559
817.164 -240.665
818.608 -239.772
820.052 -238.878
821.497 -237.985
822.942 -237.092
824.388 -236.199
825.833 -235.306
827.279 -234.413
828.726 -233.521
830.172 -232.629
831.619 -231.736
833.067 -230.844
834.514 -229.953
835.962 -229.061
837.411 -228.169
838.859 -227.278
840.308 -226.387
841.758 -225.496
843.208 -224.605
844.658 -223.715
846.108 -222.824
847.559 -221.934
849.011 -221.044
850.463 -220.155
851.915 -219.265
853.367 -218.376
854.82 -217.487
856.274 -216.598
857.727 -215.709
859.182 -214.82
860.636 -213.932
862.091 -213.044
863.547 -212.156
865.003 -211.269
866.459 -210.381
867.916 -209.494
869.374 -208.607
870.832 -207.721
872.29 -206.834
873.749 -205.948
875.208 -205.062
876.668 -204.177
878.128 -203.291
879.589 -202.406
881.05 -201.521
882.512 -200.637
883.974 -199.753
885.437 -198.869
886.901 -197.985
888.365 -197.101
889.829 -196.218
891.294 -195.335
892.76 -194.453
894.226 -193.571
895.693 -192.689
897.16 -191.807
898.628 -190.926
900.097 -190.045
901.566 -189.164
903.036 -188.284
904.507 -187.404
905.978 -186.524
907.45 -185.645
908.922 -184.766
910.395 -183.888
911.869 -183.009
913.343 -182.131
914.818 -181.254
916.294 -180.377
917.771 -179.5
919.248 -178.624
920.726 -177.748
922.205 -176.872
923.684 -175.997
925.164 -175.123
926.645 -174.248
928.127 -173.374
929.61 -172.501
931.093 -171.628
932.577 -170.756
934.062 -169.883
935.548 -169.012
937.034 -168.141
938.521 -167.27
940.01 -166.4
941.499 -165.53
942.989 -164.661
944.48 -163.792
945.971 -162.924
947.464 -162.056
948.958 -161.189
950.452 -160.322
951.948 -159.456
953.444 -158.59
954.941 -157.725
956.44 -156.861
957.939 -155.997
959.439 -155.134
960.941 -154.271
962.443 -153.409
963.946 -152.547
965.451 -151.686
966.956 -150.826
968.463 -149.966
969.971 -149.107
971.479 -148.249
972.989 -147.391
974.5 -146.534
976.013 -145.678
977.526 -144.822
979.041 -143.967
980.556 -143.113
982.073 -142.26
983.591 -141.407
985.111 -140.555
986.631 -139.704
988.153 -138.853
989.676 -138.004
991.201 -137.155
992.727 -136.307
994.254 -135.46
995.782 -134.613
997.312 -133.768
998.843 -132.923
1000.38 -132.079
1001.91 -131.236
1003.45 -130.395
1004.98 -129.553
1006.52 -128.713
1008.06 -127.874
1009.6 -127.036
1011.14 -126.199
1012.69 -125.363
1014.23 -124.527
1015.78 -123.693
1017.33 -122.86
1018.88 -122.028
1020.43 -121.197
1021.99 -120.367
1023.54 -119.539
1025.1 -118.711
1026.66 -117.885
1028.22 -117.059
1029.78 -116.235
1031.35 -115.412
1032.91 -114.591
1034.48 -113.77
1036.05 -112.951
1037.62 -112.133
1039.2 -111.317
1040.77 -110.502
1042.35 -109.688
1043.93 -108.876
1045.51 -108.065
1047.09 -107.255
1048.68 -106.447
1050.27 -105.64
1051.85 -104.835
1053.45 -104.032
1055.04 -103.23
1056.64 -102.429
1058.23 -101.63
1059.83 -100.833
1061.44 -100.038
1063.04 -99.2438
1064.65 -98.4516
1066.26 -97.6613
1067.87 -96.8727
1069.48 -96.0859
1071.1 -95.3009
1072.71 -94.5179
1074.33 -93.7367
1075.96 -92.9575
1077.58 -92.1803
1079.21 -91.405
1080.84 -90.6318
1082.48 -89.8607
1084.11 -89.0917
1085.75 -88.3249
1087.39 -87.5602
1089.03 -86.7978
1090.68 -86.0376
1092.33 -85.2797
1093.98 -84.5241
1095.64 -83.771
1097.29 -83.0203
1098.95 -82.272
1100.62 -81.5263
1102.28 -80.7831
1103.95 -80.0424
1105.62 -79.3045
1107.3 -78.5692
1108.97 -77.8367
1110.65 -77.107
1112.34 -76.38
1114.02 -75.656
1115.71 -74.9349
1117.41 -74.2168
1119.1 -73.5017
1120.8 -72.7898
1122.5 -72.0809
1124.21 -71.3753
1125.92 -70.6729
1127.63 -69.9738
1129.34 -69.2781
1131.06 -68.5858
1132.78 -67.897
1134.51 -67.2118
1136.24 -66.5302
1137.97 -65.8522
1139.71 -65.178
1141.44 -64.5076
1143.19 -63.841
1144.93 -63.1784
1146.68 -62.5198
1148.44 -61.8652
1150.19 -61.2148
1151.95 -60.5686
1153.72 -59.9267
1155.48 -59.2891
1157.26 -58.656
1159.03 -58.0273
1160.81 -57.4033
1162.59 -56.7839
1164.38 -56.1692
1166.17 -55.5593
1167.96 -54.9543
1169.76 -54.3544
1171.56 -53.7594
1173.36 -53.1696
1175.17 -52.585
1176.99 -52.0057
1178.8 -51.4318
1180.62 -50.8634
1182.45 -50.3006
1184.27 -49.7434
1186.11 -49.1919
1187.94 -48.6463
1189.78 -48.1066
1191.62 -47.5729
1193.47 -47.0454
1195.32 -46.524
1197.18 -46.0089
1199.03 -45.5002
1200.9 -44.998
1202.76 -44.5023
1204.63 -44.0134
1206.51 -43.5312
1208.38 -43.0558
1210.27 -42.5875
1212.15 -42.1261
1214.04 -41.672
1215.93 -41.2251
1217.83 -40.7855
1219.73 -40.3534
1221.63 -39.9288
1223.54 -39.5119
1225.45 -39.1027
1227.36 -38.7014
1229.28 -38.308
1231.2 -37.9226
1233.13 -37.5453
1235.05 -37.1763
1236.98 -36.8156
1238.92 -36.4632
1240.85 -36.1194
1242.8 -35.7842
1244.74 -35.4576
1246.68 -35.1398
1248.63 -34.8309
1250.59 -34.5309
1252.54 -34.24
1254.5 -33.9581
1256.46 -33.6855
1258.42 -33.4221
1260.39 -33.1681
1262.36 -32.9235
1264.33 -32.6884
1266.3 -32.4629
1268.28 -32.2471
1270.25 -32.0409
1272.23 -31.8446
1274.21 -31.658
1276.2 -31.4814
1278.18 -31.3148
1280.17 -31.1581
1282.15 -31.0116
1284.14 -30.8751
1286.13 -30.7488
1288.13 -30.6327
1290.12 -30.5269
1292.11 -30.4313
1294.11 -30.3461
1296.11 -30.2711
1298.1 -30.2066
1300.1 -30.1525
1302.1 -30.1088
1304.1 -30.0755
1306.1 -30.0526
1308.09 -30.0402
1310.09 -30.0383
1312.09 -30.0469
1314.09 -30.0659
1316.09 -30.0954
1318.09 -30.1353
1320.09 -30.1857
1322.08 -30.2465
1324.08 -30.3177
1326.08 -30.3993
1328.07 -30.4912
1330.07 -30.5934
1332.06 -30.706
1334.05 -30.8288
1336.04 -30.9618
1338.03 -31.105
1340.02 -31.2584
1342.01 -31.4218
1343.99 -31.5953
1345.97 -31.7787
1347.95 -31.9721
1349.93 -32.1753
1351.91 -32.3883
1353.88 -32.6111
1355.86 -32.8435
1357.83 -33.0855
1359.79 -33.3371
1361.76 -33.5981
1363.72 -33.8685
1365.68 -34.1482
1367.64 -34.4371
1369.59 -34.7352
1371.55 -35.0423
1373.49 -35.3583
1375.44 -35.6833
1377.38 -36.017
1379.32 -36.3595
1381.26 -36.7105
1383.19 -37.0701
1385.12 -37.4381
1387.05 -37.8145
1388.97 -38.1991
1390.89 -38.5918
1392.81 -38.9926
1394.72 -39.4014
1396.63 -39.818
1398.54 -40.2423
1400.44 -40.6744
1402.34 -41.1139
1404.23 -41.561
1406.12 -42.0154
1408.01 -42.4771
1409.89 -42.946
1411.77 -43.4219
1413.65 -43.9048
1415.52 -44.3946
1417.39 -44.8912
1419.25 -45.3945
1421.12 -45.9043
1422.97 -46.4207
1424.83 -46.9434
1426.67 -47.4725
1428.52 -48.0077
1430.36 -48.5491
1432.2 -49.0964
1434.03 -49.6498
1435.86 -50.2089
1437.69 -50.7738
1439.51 -51.3444
1441.33 -51.9205
1443.14 -52.5021
1444.95 -53.0891
1446.76 -53.6814
1448.56 -54.2789
1450.36 -54.8815
1452.16 -55.4893
1453.95 -56.1019
1455.73 -56.7195
1457.52 -57.3419
1459.3 -57.969
1461.07 -58.6007
1462.85 -59.2371
1464.61 -59.8779
1466.38 -60.5231
1468.14 -61.1727
1469.9 -61.8266
1471.65 -62.4846
1473.4 -63.1468
1475.15 -63.8131
1476.89 -64.4833
1478.63 -65.1575
1480.37 -65.8355
1482.1 -66.5173
1483.83 -67.2028
1485.56 -67.892
1487.28 -68.5848
1489 -69.2811
1490.71 -69.9809
1492.43 -69.2859
1494.15 -68.5943
1495.87 -67.9062
1497.59 -67.2217
1499.32 -66.5408
1501.06 -65.8635
1502.79 -65.19
1504.53 -64.5203
1506.27 -63.8544
1508.02 -63.1925
1509.77 -62.5346
1511.52 -61.8808
1513.28 -61.2311
1515.04 -60.5856
1516.8 -59.9444
1518.57 -60.5913
1520.33 -61.2425
1522.08 -61.8979
1523.84 -62.5576
1525.59 -63.2214
1527.33 -63.8892
1529.08 -64.561
1530.81 -65.2367
1532.55 -65.9163
1534.28 -66.5996
1536.01 -67.2867
1537.73 -67.9774
1539.46 -68.6716
1541.17 -69.3694
1542.89 -70.0707
1544.6 -69.3742
1546.32 -68.6811
1548.04 -67.9915
1549.77 -67.3055
1551.5 -66.623
1553.23 -65.9443
1554.96 -65.2692
1556.7 -64.5979
1558.44 -63.9305
1560.19 -63.267
1561.94 -62.6075
1563.69 -61.952
1565.44 -61.3007
1567.2 -60.6536
1568.97 -60.0107
1570.73 -60.6593
1572.49 -61.3121
1574.25 -61.9692
1576 -62.6305
1577.75 -63.2958
1579.49 -63.9652
1581.23 -64.6386
1582.97 -65.3159
1584.71 -65.997
1586.44 -66.6818
1588.16 -67.3704
1589.89 -68.0626
1591.61 -68.7584
1593.33 -69.4576
1595.04 -70.1604
1596.75 -70.8665
1598.46 -71.5759
1600.16 -72.2887
1601.86 -73.0046
1603.56 -73.7237
1605.25 -74.4459
1606.94 -75.1712
1608.63 -75.8995
1610.32 -76.6307
1612 -77.3648
1613.68 -78.1017
1615.35 -78.8415
1617.02 -79.584
1618.69 -80.3292
1620.36 -81.077
1622.02 -81.8275
1623.68 -82.5805
1625.34 -83.336
1627 -84.094
1628.65 -84.8544
1630.3 -85.6172
1631.94 -86.3824
1633.59 -87.1498
1635.23 -87.9196
1636.87 -88.6915
1638.5 -89.4657
1640.14 -90.242
1641.77 -91.0204
1643.39 -91.8009
1645.02 -92.5834
1646.64 -93.3679
1648.26 -94.1544
1649.88 -94.9429
1651.5 -95.7332
1653.11 -96.5254
1654.72 -97.3195
1656.33 -98.1153
1657.93 -98.913
1659.54 -99.7124
1661.14 -100.513
1662.74 -101.316
1664.34 -102.121
1665.93 -102.927
1667.52 -103.734
1669.11 -104.544
1670.7 -105.355
1672.29 -106.167
1673.87 -106.981
1675.45 -107.796
1677.03 -108.613
1678.61 -109.431
1680.19 -110.251
1681.76 -111.072
1683.33 -111.894
1684.9 -112.717
1686.47 -113.542
1688.04 -114.369
1689.6 -115.196
1691.16 -116.025
1692.73 -116.855
1694.28 -117.686
1695.84 -118.519
1697.4 -119.352
1698.95 -120.187
1700.5 -121.023
1702.05 -121.859
1703.6 -122.698
1705.15 -123.537
1706.7 -124.377
1708.24 -125.218
1709.78 -126.06
1711.32 -126.903
1712.86 -127.748
1714.4 -128.593
1715.94 -129.439
1717.47 -130.286
1719 -131.134
1720.53 -131.983
1722.06 -132.833
1723.59 -133.684
1725.12 -134.535
1726.65 -135.388
1728.17 -136.241
1729.7 -137.095
1731.22 -137.95
1732.74 -138.806
1734.26 -139.662
1735.78 -140.519
1737.29 -141.378
1738.81 -142.236
1740.32 -143.096
1741.83 -143.956
1743.35 -144.817
1744.86 -145.679
1746.37 -146.541
1747.88 -147.405
1749.38 -148.268
1750.89 -149.133
1752.39 -149.998
1753.9 -150.864
1755.4 -151.73
1756.9 -152.597
1758.4 -153.465
1759.9 -154.333
1761.4 -155.202
1762.9 -156.071
1764.39 -156.941
1765.89 -157.812
1767.38 -158.683
1768.88 -159.555
1770.37 -160.427
1771.86 -161.3
1773.35 -162.173
1774.84 -163.047
1776.33 -163.921
1777.82 -164.796
1779.3 -165.672
1780.79 -166.547
1782.28 -167.424
1783.76 -168.301
1785.24 -169.178
1786.73 -170.056
1788.21 -170.934
1789.69 -171.812
1791.17 -172.692
1792.65 -173.571
1794.13 -174.451
1795.6 -175.331
1797.08 -176.212
1798.56 -177.093
1800.03 -177.975
1801.51 -178.857
1802.98 -179.74
1804.45 -180.622
1805.93 -181.506
1807.4 -182.389
1808.87 -183.273
1810.34 -184.157
1811.81 -185.042
1813.28 -185.927
1814.75 -186.812
1816.22 -187.698
1817.68 -188.584
1819.15 -189.471
1820.61 -190.357
1822.08 -191.244
1823.54 -192.132
1825.01 -193.019
1826.47 -193.907
1827.93 -194.796
1829.4 -195.684
1830.86 -196.573
1832.32 -197.462
1833.78 -198.352
1835.24 -199.242
1836.7 -200.132
1838.16 -201.022
1839.62 -201.913
1841.07 -202.803
1842.53 -203.695
1843.99 -204.586
1845.45 -205.478
1846.9 -206.37
1848.36 -207.262
1849.81 -208.154
1851.27 -209.047
1852.72 -209.94
1854.17 -210.833
1855.63 -211.726
1857.08 -212.62
1858.53 -213.514
1859.98 -214.408
1861.43 -215.302
1862.88 -216.197
1864.33 -217.091
1865.78 -217.986
1867.23 -218.882
1868.68 -219.777
1870.13 -220.673
1871.58 -221.568
1873.03 -222.464
1874.47 -223.36
1875.92 -224.257
1877.37 -225.153
1878.81 -226.05
1880.26 -226.947
1881.7 -227.844
1883.15 -228.741
1884.59 -229.639
1886.04 -230.536
1887.48 -231.434
1888.93 -232.332
1890.37 -233.23
1891.81 -234.129
1893.26 -235.027
1894.7 -235.926
1896.14 -236.825
1897.58 -237.724
1899.02 -238.623
1900.46 -239.522
1901.91 -240.421
1903.35 -241.321
1904.79 -242.221
1906.23 -243.121
1907.67 -244.021
1909.11 -244.921
1910.54 -245.821
1911.98 -246.721
1913.42 -247.622
1914.86 -248.523
1916.3 -249.423
1917.73 -250.324
1919.17 -251.225
1920.61 -252.127
1922.05 -253.028
1923.48 -253.929
1924.92 -254.831
1926.36 -255.733
1927.79 -256.635
1929.23 -257.537
1930.66 -258.439
1932.1 -259.341
1933.53 -260.243
1934.97 -261.145
1936.4 -262.048
1937.84 -262.95
1939.27 -263.853
1940.7 -264.756
1942.14 -265.659
1943.57 -266.562
1945 -267.465
1946.44 -268.368
1947.87 -269.272
1949.3 -270.175
1950.73 -271.078
1952.17 -271.982
1953.6 -272.886
1955.03 -273.79
1956.46 -274.693
1957.89 -275.597
1959.32 -276.501
1960.75 -277.406
1962.19 -278.31
1963.62 -279.214
1965.05 -280.119
1966.48 -281.023
1967.91 -281.928
1969.34 -282.832
1970.77 -283.737
1972.2 -284.642
1973.63 -285.547
1975.06 -286.452
1976.48 -287.357
1977.91 -288.262
1979.34 -289.167
1980.77 -290.072
1982.2 -290.978
1983.63 -291.883
1985.06 -292.788
1986.48 -293.694
1987.91 -294.599
1989.34 -295.505
1990.77 -296.411
1992.19 -297.317
1993.62 -298.223
1995.05 -299.128
1996.48 -300.034
1997.9 -300.94
1999.33 -301.847
2000.76 -302.753
2002.18 -303.659
2003.61 -304.565
2005.04 -305.472
2006.46 -306.378
2007.89 -307.284
2009.31 -308.191
2010.74 -309.098
2012.17 -310.004
2013.59 -310.911
2015.02 -311.818
2016.44 -312.724
2017.87 -313.631
2019.29 -314.538
2020.72 -315.445
2022.14 -316.352
2023.57 -317.259
2024.99 -318.166
2026.42 -319.073
2027.84 -319.98
2029.27 -320.888
2030.69 -321.795
2032.11 -322.702
2033.54 -323.61
2034.96 -324.517
2036.39 -325.424
2037.81 -326.332
2039.23 -327.239
2040.66 -328.147
2042.08 -329.055
2043.51 -329.962
2044.93 -330.87
2046.35 -331.778
2047.78 -332.685
2049.2 -333.593
2050.62 -334.501
2052.04 -335.409
2053.47 -336.317
2054.89 -337.225
2056.31 -338.133
2057.74 -339.041
2059.16 -339.949
2060.58 -340.857
2062 -341.765
2063.43 -342.673
2064.85 -343.582
2066.27 -344.49
2067.69 -345.398
2069.11 -346.306
2070.54 -347.215
2071.96 -348.123
2073.38 -349.031
2074.8 -349.94
2076.22 -350.848
2077.65 -351.757
2079.07 -352.665
2080.49 -353.574
2081.91 -354.482
2083.33 -355.391
2084.75 -356.3
2086.18 -357.208
2087.6 -358.117
2089.02 -359.026
2090.44 -359.934
2091.86 -360.843
2093.28 -361.752
2094.7 -362.661
2096.12 -363.57
2097.54 -364.479
2098.96 -365.387
2100.39 -366.296
2101.81 -367.205
2103.23 -368.114
2104.65 -369.023
2106.07 -369.932
2107.49 -370.841
2108.91 -371.75
2110.33 -372.659
2111.75 -373.569
2113.17 -374.478
2114.59 -375.387
2116.01 -376.296
2117.43 -377.205
2118.85 -378.114
2120.27 -379.024
2121.69 -379.933
2123.11 -380.842
2124.53 -381.751
2125.95 -382.661
2127.37 -383.57
2128.79 -384.479
2130.21 -385.389
2131.63 -386.298
2133.05 -387.207
2134.47 -388.117
2135.89 -389.026
2137.31 -389.936
2138.73 -390.845
2140.15 -391.755
2141.57 -392.664
2142.99 -393.574
2144.41 -394.483
2145.83 -395.393
2147.25 -396.302
2148.67 -397.212
2150.09 -398.122
2151.5 -399.031
2152.92 -399.941
2154.34 -400.85
2155.76 -401.76
2157.18 -402.67
2158.6 -403.579
2160.02 -404.489
2161.44 -405.399
2162.86 -406.309
2164.28 -407.218
2165.7 -408.128
2167.11 -409.038
2168.53 -409.948
2169.95 -410.857
2171.37 -411.767
2172.79 -412.677
2174.21 -413.587
2175.63 -414.497
2177.05 -415.407
2178.47 -416.316
2179.88 -417.226
2181.3 -418.136
2182.72 -419.046
2184.14 -419.956
2185.56 -420.866
2186.98 -421.776
2188.4 -422.686
2189.81 -423.596
2191.23 -424.506
2192.65 -425.416
2194.07 -426.326
2195.49 -427.236
2196.91 -428.146
2198.33 -429.056
2199.74 -429.966
2201.16 -430.876
2202.58 -431.786
2204 -432.696
2205.42 -433.606
2206.84 -434.516
2208.25 -435.426
2209.67 -436.336
2211.09 -437.246
2212.51 -438.156
2213.93 -439.066
2215.34 -439.977
2216.76 -440.887
2218.18 -441.797
2219.6 -442.707
2221.02 -443.617
2222.44 -444.527
2223.85 -445.438
2225.27 -446.348
2226.69 -447.258
2228.11 -448.168
2229.53 -449.078
2230.94 -449.989
2232.36 -450.899
2233.78 -451.809
2235.2 -452.719
2236.62 -453.629
2238.03 -454.54
2239.45 -455.45
2240.87 -456.36
2242.29 -457.271
2243.7 -458.181
2245.12 -459.091
2246.54 -460.001
2247.96 -460.912
2249.38 -461.822
2250.79 -462.732
2252.21 -463.643
2253.63 -464.553
2255.05 -465.463
2256.46 -466.374
2257.88 -467.284
2259.3 -468.194
2260.72 -469.105
2262.14 -470.015
2263.55 -470.925
2264.97 -471.836
2266.39 -472.746
2267.81 -473.656
2269.22 -474.567
2270.64 -475.477
2272.06 -476.388
2273.48 -477.298
2274.89 -478.208
2276.31 -479.119
2277.73 -480.029
2279.15 -480.94
2280.56 -481.85
2281.98 -482.761
2283.4 -483.671
2284.82 -484.581
2286.23 -485.492
2287.65 -486.402
2289.07 -487.313
2290.49 -488.223
2291.9 -489.134
2293.32 -490.044
2294.74 -490.955
2296.16 -491.865
2297.57 -492.776
2298.99 -493.686
2300.41 -494.596
2301.83 -495.507
2303.24 -496.417
2304.66 -497.328
2306.08 -498.238
2307.5 -499.149
2308.91 -500.059
2310.33 -500.97
2311.75 -501.881
2313.16 -502.791
2314.58 -503.702
2316 -504.612
2317.42 -505.523
2318.83 -506.433
2320.25 -507.344
2321.67 -508.254
2323.08 -509.165
2324.5 -510.075
2325.92 -510.986
2327.34 -511.896
2328.75 -512.807
2330.17 -513.718
2331.59 -514.628
2333.01 -515.539
2334.42 -516.449
2335.84 -517.36
2337.26 -518.271
2338.67 -519.181
2340.09 -520.092
2341.51 -521.002
2342.93 -521.913
2344.34 -522.823
2345.76 -523.734
2347.18 -524.645
2348.6 -525.555
2350.01 -526.466
2351.43 -527.376
2352.85 -528.287
2354.26 -529.198
2355.68 -530.108
2357.1 -531.019
2358.52 -531.929
2359.93 -532.84
2361.35 -533.75
2362.77 -534.661
2364.18 -535.572
2365.6 -536.482
2367.02 -537.393
2368.43 -538.304
2369.85 -539.214
2371.27 -540.125
2372.69 -541.036
2374.1 -541.946
2375.52 -542.857
2376.94 -543.768
2378.35 -544.678
2379.77 -545.589
2381.19 -546.5
2382.6 -547.41
2384.02 -548.321
2385.44 -549.231
2386.86 -550.142
2388.27 -551.053
2389.69 -551.963
2391.11 -552.874
2392.52 -553.785
2393.94 -554.695
2395.36 -555.606
2396.77 -556.517
2398.19 -557.427
2399.61 -558.338
2401.03 -559.249
2402.44 -560.159
2403.86 -561.07
2405.28 -561.98
2406.69 -562.891
2408.11 -563.802
2409.53 -564.713
2410.94 -565.623
2412.36 -566.534
2413.78 -567.445
2415.2 -568.355
2416.61 -569.266
2418.03 -570.177
2419.45 -571.087
2420.86 -571.998
2422.28 -572.909
2423.7 -573.82
2425.11 -574.73
2426.53 -575.641
2427.95 -576.552
2429.37 -577.462
2430.78 -578.373
2432.2 -579.284
2433.62 -580.195
2435.03 -581.105
2436.45 -582.016
2437.87 -582.927
2439.28 -583.837
2440.7 -584.748
2442.12 -585.659
2443.54 -586.569
2444.95 -587.48
2446.37 -588.391
2447.79 -589.302
2449.2 -590.212
2450.62 -591.123
2452.04 -592.034
2453.45 -592.944
2454.87 -593.855
2456.29 -594.766
2457.71 -595.677
2459.12 -596.587
2460.54 -597.498
2461.96 -598.409
2463.37 -599.319
2464.79 -600.23
2466.21 -601.141
2467.62 -602.051
2469.04 -602.962
2470.46 -603.873
2471.87 -604.784
2473.29 -605.694
2474.71 -606.605
2476.12 -607.516
2477.54 -608.426
2478.96 -609.337
2480.37 -610.248
2481.79 -611.159
2483.21 -612.069
2484.62 -612.98
2486.04 -613.891
2487.46 -614.801
2488.87 -615.712
2490.29 -616.623
2491.71 -617.534
2493.12 -618.444
2494.54 -619.355
2495.96 -620.266
2497.38 -621.177
2498.79 -622.087
2500.21 -622.998
2501.63 -623.909
2503.04 -624.82
2504.46 -625.731
2505.88 -626.641
2507.29 -627.552
2508.71 -628.463
2510.13 -629.374
2511.54 -630.284
2512.96 -631.195
2514.38 -632.106
2515.79 -633.017
2517.21 -633.927
2518.63 -634.838
2520.04 -635.749
2521.46 -636.66
2522.88 -637.57
2524.29 -638.481
2525.71 -639.392
2527.13 -640.303
2528.54 -641.214
2529.96 -642.124
2531.38 -643.035
2532.79 -643.946
2534.21 -644.857
2535.63 -645.767
2537.04 -646.678
2538.46 -647.589
2539.88 -648.5
2541.29 -649.41
2542.71 -650.321
2544.13 -651.232
2545.54 -652.143
2546.96 -653.054
2548.38 -653.964
2549.79 -654.875
2551.21 -655.786
2552.63 -656.697
2554.04 -657.607
2555.46 -658.518
2556.88 -659.429
2558.3 -660.34
2559.71 -661.25
2561.13 -662.161
2562.55 -663.072
2563.96 -663.983
2565.38 -664.893
2566.8 -665.804
2568.21 -666.715
2569.63 -667.626
2571.05 -668.537
2572.46 -669.447
2573.88 -670.358
2575.3 -671.269
2576.71 -672.18
2578.13 -673.09
2579.55 -674.001
2580.96 -674.912
2582.38 -675.823
2583.8 -676.733
2585.21 -677.644
2586.63 -678.555
2588.05 -679.466
2589.46 -680.377
2590.88 -681.287
2592.3 -682.198
2593.71 -683.109
2595.13 -684.02
2596.55 -684.93
2597.96 -685.841
2599.38 -686.752
2600.8 -687.663
2602.21 -688.573
2603.63 -689.484
2605.05 -690.395
2606.46 -691.306
2607.88 -692.216
2609.3 -693.127
2610.71 -694.038
2612.13 -694.949
2613.55 -695.86
2614.97 -696.77
2616.38 -697.681
2617.8 -698.592
2619.22 -699.503
2620.63 -700.413
2622.05 -701.324
2623.47 -702.235
2624.88 -703.146
2626.3 -704.056
2627.72 -704.967
2629.13 -705.878
2630.55 -706.789
2631.97 -707.7
2633.38 -708.61
2634.8 -709.521
2636.22 -710.432
2637.63 -711.343
2639.05 -712.253
2640.47 -713.164
2641.88 -714.075
2643.3 -714.986
2644.72 -715.896
2646.13 -716.807
2647.55 -717.718
2648.97 -718.629
2650.38 -719.539
2651.8 -720.45
2653.22 -721.361
2654.63 -722.272
2656.05 -723.183
2657.47 -724.093
2658.88 -725.004
2660.3 -725.915
2661.72 -726.826
2663.13 -727.736
2664.55 -728.647
2665.97 -729.558
2667.38 -730.469
2668.8 -731.379
2670.22 -732.29
2671.64 -733.201
2673.05 -734.112
2674.47 -735.023
2675.89 -735.933
2677.3 -736.844
2678.72 -737.755
2680.14 -738.666
2681.55 -739.576
2682.97 -740.487
2684.39 -741.398
2685.8 -742.309
2687.22 -743.219
2688.64 -744.13
2690.05 -745.041
2691.47 -745.952
2692.89 -746.862
2694.3 -747.773
2695.72 -748.684
2697.14 -749.595
2698.55 -750.506
2699.97 -751.416
2701.39 -752.327
2702.8 -753.238
2704.22 -754.149
2705.64 -755.059
2707.05 -755.97
2708.47 -756.881
2709.89 -757.792
2711.3 -758.702
2712.72 -759.613
2714.14 -760.524
2715.55 -761.435
2716.97 -762.346
2718.39 -763.256
2719.8 -764.167
2721.22 -765.078
2722.64 -765.989
2724.05 -766.899
2725.47 -767.81
2726.89 -768.721
2728.3 -769.632
2729.72 -770.542
2731.14 -771.453
2732.56 -772.364
2733.97 -773.275
2735.39 -774.185
2736.81 -775.096
2738.22 -776.007
2739.64 -776.918
2741.06 -777.829
2742.47 -778.739
2743.89 -779.65
2745.31 -780.561
2746.72 -781.472
2748.14 -782.382
2749.56 -783.293
2750.97 -784.204
2752.39 -785.115
2753.81 -786.025
2755.22 -786.936
2756.64 -787.847
2758.06 -788.758
2759.47 -789.669
2760.89 -790.579
2762.31 -791.49
2763.72 -792.401
2765.14 -793.312
2766.56 -794.222
2767.97 -795.133
2769.39 -796.044
2770.81 -796.955
2772.22 -797.865
2773.64 -798.776
2775.06 -799.687
2776.47 -800.598
2777.89 -801.508
2779.31 -802.419
2780.72 -803.33
2782.14 -804.241
2783.56 -805.152
2784.97 -806.062
2786.39 -806.973
2787.81 -807.884
2789.23 -808.795
2790.64 -809.705
2792.06 -810.616
2793.48 -811.527
2794.89 -812.438
2796.31 -813.348
2797.73 -814.259
2799.14 -815.17
2800.56 -816.081
2801.98 -816.992
2803.39 -817.902
2804.81 -818.813
2806.23 -819.724
2807.64 -820.635
2809.06 -821.545
2810.48 -822.456
2811.89 -823.367
2813.31 -824.278
2814.73 -825.188
2816.14 -826.099
2817.56 -827.01
2818.98 -827.921
2820.39 -828.831
2821.81 -829.742
2823.23 -830.653
2824.64 -831.564
2826.06 -832.475
2827.48 -833.385
2828.89 -834.296
2830.31 -835.207
2831.73 -836.118
2833.14 -837.028
2834.56 -837.939
2835.98 -838.85
2837.39 -839.761
2838.81 -840.671
2840.23 -841.582
2841.64 -842.493
2843.06 -843.404
2844.48 -844.315
2845.9 -845.225
2847.31 -846.136
2848.73 -847.047
2850.15 -847.958
2851.56 -848.868
2852.98 -849.779
2854.4 -850.69
2855.81 -851.601
2857.23 -852.511
2858.65 -853.422
2860.06 -854.333
2861.48 -855.244
2862.9 -856.154
2864.31 -857.065
2865.73 -857.976
2867.15 -858.887
2868.56 -859.798
2869.98 -860.708
2871.4 -861.619
2872.81 -862.53
2874.23 -863.441
2875.65 -864.351
2877.06 -865.262
2878.48 -866.173
2879.9 -867.084
2881.31 -867.994
2882.73 -868.905
2884.15 -869.816
2885.56 -870.727
2886.98 -871.638
2888.4 -872.548
2889.81 -873.459
2891.23 -874.37
2892.65 -875.281
2894.06 -876.191
2895.48 -877.102
2896.9 -878.013
2898.31 -878.924
2899.73 -879.834
2901.15 -880.745
2902.56 -881.656
2903.98 -882.567
2905.4 -883.477
2906.82 -884.388
2908.23 -885.299
2909.65 -886.21
2911.07 -887.121
2912.48 -888.031
2913.9 -888.942
2915.32 -889.853
2916.73 -890.764
2918.15 -891.674
2919.57 -892.585
2920.98 -893.496
2922.4 -894.407
2923.82 -895.317
2925.23 -896.228
2926.65 -897.139
2928.07 -898.05
2929.48 -898.961
2930.9 -899.871
2932.32 -900.782
2933.73 -901.693
2935.15 -902.604
2936.57 -903.514
2937.98 -904.425
2939.4 -905.336
2940.82 -906.247
2942.23 -907.157
2943.65 -908.068
2945.07 -908.979
2946.48 -909.89
2947.9 -910.8
2949.32 -911.711
2950.73 -912.622
2952.15 -913.533
2953.57 -914.444
2954.98 -915.354
2956.4 -916.265
2957.82 -917.176
2959.23 -918.087
2960.65 -918.997
2962.07 -919.908
2963.49 -920.819
2964.9 -921.73
2966.32 -922.64
2967.74 -923.551
2969.15 -924.462
2970.57 -925.373
2971.99 -926.284
2973.4 -927.194
2974.82 -928.105
2976.24 -929.016
2977.65 -929.927
2979.07 -930.837
2980.49 -931.748
2981.9 -932.659
2983.32 -933.57
2984.74 -934.48
2986.15 -935.391
2987.57 -936.302
2988.99 -937.213
2990.4 -938.123
2991.82 -939.034
2993.24 -939.945
2994.65 -940.856
2996.07 -941.767
2997.49 -942.677
2998.9 -943.588
3000.32 -944.499
3001.74 -945.41
3003.15 -946.32
3004.57 -947.231
3005.99 -948.142
3007.4 -949.053
3008.82 -949.963
3010.24 -950.874
3011.65 -951.785
3013.07 -952.696
3014.49 -953.607
3015.9 -954.517
3017.32 -955.428
3018.74 -956.339
3020.16 -957.25
3021.57 -958.16
3022.99 -959.071
3024.41 -959.982
3025.82 -960.893
3027.24 -961.803
3028.66 -962.714
3030.07 -963.625
3031.49 -964.536
3032.91 -965.446
3034.32 -966.357
3035.74 -967.268
3037.16 -968.179
3038.57 -969.09
3039.99 -970
3041.41 -970.911
3042.82 -971.822
3044.24 -972.733
3045.66 -973.643
3047.07 -974.554
3048.49 -975.465
3049.91 -976.376
3051.32 -977.286
3052.74 -978.197
3054.16 -979.108
3055.57 -980.019
3056.99 -980.93
3058.41 -981.84
3059.82 -982.751
3061.24 -983.662
3062.66 -984.573
3064.07 -985.483
3065.49 -986.394
3066.91 -987.305
3068.32 -988.216
3069.74 -989.126
3071.16 -990.037
3072.57 -990.948
3073.99 -991.859
3075.41 -992.769
3076.82 -993.68
3078.24 -994.591
3079.66 -995.502
3081.08 -996.413
3082.49 -997.323
3083.91 -998.234
3085.33 -999.145
3086.74 -1000.06
3088.16 -1000.97
3089.58 -1001.88
3090.99 -1002.79
3092.41 -1003.7
3093.83 -1004.61
3095.24 -1005.52
3096.66 -1006.43
3098.08 -1007.34
3099.49 -1008.25
3100.91 -1009.16
3102.33 -1010.07
3103.74 -1010.98
3105.16 -1011.9
3106.58 -1012.81
3107.99 -1013.72
3109.41 -1014.63
3110.83 -1015.54
3112.24 -1016.45
3113.66 -1017.36
3115.08 -1018.27
3116.49 -1019.18
3117.91 -1020.09
3119.33 -1021
3120.74 -1021.91
3122.16 -1022.82
3123.58 -1023.74
3124.99 -1024.65
3126.41 -1025.56
3127.83 -1026.47
3129.24 -1027.38
3130.66 -1028.29
3132.08 -1029.2
3133.49 -1030.11
3134.91 -1031.02
3136.33 -1031.93
3137.75 -1032.84
3139.16 -1033.75
3140.58 -1034.66
3142 -1035.58
3143.41 -1036.49
3144.83 -1037.4
3146.25 -1038.31
3147.66 -1039.22
3149.08 -1040.13
3150.5 -1041.04
3151.91 -1041.95
3153.33 -1042.86
3154.75 -1043.77
3156.16 -1044.68
3157.58 -1045.59
3159 -1046.5
3160.41 -1047.42
3161.83 -1048.33
3163.25 -1049.24
3164.66 -1050.15
3166.08 -1051.06
3167.5 -1051.97
3168.91 -1052.88
3170.33 -1053.79
3171.75 -1054.7
3173.16 -1055.61
3174.58 -1056.52
3176 -1057.43
3177.41 -1058.34
3178.83 -1059.26
3180.25 -1060.17
3181.66 -1061.08
3183.08 -1061.99
3184.5 -1062.9
3185.91 -1063.81
3187.33 -1064.72
3188.75 -1065.63
3190.16 -1066.54
3191.58 -1067.45
3193 -1068.36
3194.42 -1069.27
3195.83 -1070.18
3197.25 -1071.1
3198.67 -1072.01
3200.08 -1072.92
3201.5 -1073.83
3202.92 -1074.74
3204.33 -1075.65
3205.75 -1076.56
3207.17 -1077.47
3208.58 -1078.38
3210 -1079.29
3211.42 -1080.2
3212.83 -1081.11
3214.25 -1082.02
3215.67 -1082.94
3217.08 -1083.85
3218.5 -1084.76
3219.92 -1085.67
3221.33 -1086.58
3222.75 -1087.49
3224.17 -1088.4
3225.58 -1089.31
3227 -1090.22
3228.42 -1091.13
3229.83 -1092.04
3231.25 -1092.95
3232.67 -1093.86
3234.08 -1094.78
3235.5 -1095.69
3236.92 -1096.6
3238.33 -1097.51
3239.75 -1098.42
3241.17 -1099.33
3242.58 -1100.24
