250 -600
251.507 -599.248
253.015 -598.497
254.522 -597.745
256.029 -596.994
257.537 -596.242
259.044 -595.491
260.551 -594.739
262.059 -593.988
263.566 -593.236
265.074 -592.485
266.581 -591.733
268.088 -590.982
269.596 -590.23
271.103 -589.479
272.611 -588.727
274.118 -587.976
275.625 -587.224
277.133 -586.473
278.64 -585.721
280.147 -584.969
281.655 -584.218
283.162 -583.466
284.67 -582.715
286.177 -581.963
287.684 -581.212
289.192 -580.46
290.699 -579.709
292.207 -578.957
293.714 -578.206
295.221 -577.454
296.729 -576.703
298.236 -575.951
299.744 -575.2
301.251 -574.448
302.759 -573.697
304.266 -572.945
305.773 -572.194
307.281 -571.443
308.788 -570.691
310.296 -569.94
311.803 -569.188
313.311 -568.437
314.818 -567.685
316.326 -566.934
317.833 -566.182
319.34 -565.431
320.848 -564.679
322.355 -563.928
323.863 -563.176
325.37 -562.425
326.878 -561.674
328.385 -560.922
329.893 -560.171
331.4 -559.419
332.908 -558.668
334.415 -557.916
335.923 -557.165
337.43 -556.413
338.938 -555.662
340.445 -554.91
341.953 -554.159
343.46 -553.408
344.968 -552.656
346.475 -551.905
347.983 -551.153
349.49 -550.402
350.998 -549.651
352.505 -548.899
354.013 -548.148
355.52 -547.396
357.028 -546.645
358.535 -545.894
360.043 -545.142
361.55 -544.391
363.058 -543.639
364.565 -542.888
366.073 -542.137
367.581 -541.385
369.088 -540.634
370.596 -539.882
372.103 -539.131
373.611 -538.38
375.118 -537.628
376.626 -536.877
378.134 -536.126
379.641 -535.374
381.149 -534.623
382.656 -533.872
384.164 -533.12
385.672 -532.369
387.179 -531.617
388.687 -530.866
390.194 -530.115
391.702 -529.363
393.21 -528.612
394.717 -527.861
396.225 -527.109
397.733 -526.358
399.24 -525.607
400.748 -524.855
402.256 -524.104
403.763 -523.353
405.271 -522.602
406.779 -521.85
408.286 -521.099
409.794 -520.348
411.302 -519.596
412.809 -518.845
414.317 -518.094
415.825 -517.343
417.332 -516.591
418.84 -515.84
420.348 -515.089
421.856 -514.337
423.363 -513.586
424.871 -512.835
426.379 -512.084
427.887 -511.332
429.394 -510.581
430.902 -509.83
432.41 -509.079
433.918 -508.328
435.425 -507.576
436.933 -506.825
438.441 -506.074
439.949 -505.323
441.457 -504.572
442.964 -503.82
444.472 -503.069
445.98 -502.318
447.488 -501.567
448.996 -500.816
450.504 -500.064
452.011 -499.313
453.519 -498.562
455.027 -497.811
456.535 -497.06
458.043 -496.309
459.551 -495.558
461.059 -494.806
462.566 -494.055
464.074 -493.304
465.582 -492.553
467.09 -491.802
468.598 -491.051
470.106 -490.3
471.614 -489.549
473.122 -488.798
474.63 -488.046
476.138 -487.295
477.646 -486.544
479.154 -485.793
480.662 -485.042
482.17 -484.291
483.678 -483.54
485.186 -482.789
486.694 -482.038
488.202 -481.287
489.71 -480.536
491.218 -479.785
492.726 -479.034
494.234 -478.283
495.742 -477.532
497.25 -476.781
498.759 -476.03
500.267 -475.279
501.775 -474.528
503.283 -473.777
504.791 -473.026
506.299 -472.275
507.807 -471.524
509.316 -470.773
510.824 -470.023
512.332 -469.272
513.84 -468.521
515.348 -467.77
516.857 -467.019
518.365 -466.268
519.873 -465.517
521.381 -464.766
522.89 -464.016
524.398 -463.265
525.906 -462.514
527.415 -461.763
528.923 -461.012
530.431 -460.261
531.94 -459.511
533.448 -458.76
534.956 -458.009
536.465 -457.258
537.973 -456.508
539.481 -455.757
540.99 -455.006
542.498 -454.255
544.007 -453.505
545.515 -452.754
547.024 -452.003
548.532 -451.253
550.041 -450.502
551.549 -449.751
553.058 -449.001
554.566 -448.25
556.075 -447.499
557.583 -446.749
559.092 -445.998
560.601 -445.248
562.109 -444.497
563.618 -443.746
565.126 -442.996
566.635 -442.245
568.144 -441.495
569.652 -440.744
571.161 -439.994
572.67 -439.243
574.179 -438.493
575.687 -437.742
577.196 -436.992
578.705 -436.241
580.214 -435.491
581.723 -434.74
583.231 -433.99
584.74 -433.24
586.249 -432.489
587.758 -431.739
589.267 -430.988
590.776 -430.238
592.285 -429.488
593.794 -428.737
595.303 -427.987
596.812 -427.237
598.321 -426.486
599.83 -425.736
601.339 -424.986
602.848 -424.236
604.357 -423.486
605.866 -422.735
607.375 -421.985
608.884 -421.235
610.394 -420.485
611.903 -419.735
613.412 -418.984
614.921 -418.234
616.43 -417.484
617.94 -416.734
619.449 -415.984
620.958 -415.234
622.468 -414.484
623.977 -413.734
625.487 -412.984
626.996 -412.234
628.505 -411.484
630.015 -410.734
631.524 -409.984
633.034 -409.234
634.543 -408.484
636.053 -407.735
637.563 -406.985
639.072 -406.235
640.582 -405.485
642.092 -404.735
643.601 -403.986
645.111 -403.236
646.621 -402.486
648.13 -401.736
649.64 -400.987
651.15 -400.237
652.66 -399.487
654.17 -398.738
655.68 -397.988
657.19 -397.239
658.7 -396.489
660.21 -395.74
661.72 -394.99
663.23 -394.241
664.74 -393.491
666.25 -392.742
667.76 -391.992
669.27 -391.243
670.781 -390.493
672.291 -389.744
673.801 -388.995
675.311 -388.245
676.822 -387.496
678.332 -386.747
679.843 -385.998
681.353 -385.249
682.863 -384.499
684.374 -383.75
685.885 -383.001
687.395 -382.252
688.906 -381.503
690.416 -380.754
691.927 -380.005
693.438 -379.256
694.949 -378.507
696.459 -377.758
697.97 -377.009
699.481 -376.26
700.992 -375.511
702.503 -374.763
704.014 -374.014
705.525 -373.265
707.036 -372.516
708.547 -371.768
710.059 -371.019
711.57 -370.27
713.081 -369.522
714.592 -368.773
716.104 -368.025
717.615 -367.276
719.126 -366.528
720.638 -365.779
722.149 -365.031
723.661 -364.283
725.173 -363.534
726.684 -362.786
728.196 -362.038
729.708 -361.29
731.22 -360.542
732.731 -359.793
734.243 -359.045
735.755 -358.297
737.267 -357.549
738.779 -356.801
740.291 -356.053
741.804 -355.305
743.316 -354.558
744.828 -353.81
746.34 -353.062
747.853 -352.314
749.365 -351.566
750.878 -350.819
752.39 -350.071
753.903 -349.324
755.415 -348.576
756.928 -347.829
758.441 -347.081
759.954 -346.334
761.466 -345.587
762.979 -344.839
764.492 -344.092
766.005 -343.345
767.519 -342.598
769.032 -341.85
770.545 -341.103
772.058 -340.356
773.572 -339.609
775.085 -338.863
776.599 -338.116
778.112 -337.369
779.626 -336.622
781.139 -335.875
782.653 -335.129
784.167 -334.382
785.681 -333.636
787.195 -332.889
788.709 -332.143
790.223 -331.396
791.737 -330.65
793.252 -329.904
794.766 -329.157
796.28 -328.411
797.795 -327.665
799.31 -326.919
800.824 -326.173
802.339 -325.427
803.854 -324.681
805.369 -323.936
806.884 -323.19
808.399 -322.444
809.914 -321.699
811.429 -320.953
812.944 -320.208
814.46 -319.462
815.975 -318.717
817.491 -317.972
819.006 -317.226
820.522 -316.481
822.038 -315.736
823.554 -314.991
825.07 -314.246
826.586 -313.501
828.102 -312.757
829.619 -312.012
831.135 -311.267
832.651 -310.523
834.168 -309.778
835.685 -309.034
837.202 -308.289
838.718 -307.545
840.235 -306.801
841.753 -306.057
843.27 -305.313
844.787 -304.569
846.304 -303.825
847.822 -303.081
849.34 -302.338
850.857 -301.594
852.375 -300.851
853.893 -300.107
855.411 -299.364
856.929 -298.621
858.448 -297.877
859.966 -297.134
861.485 -296.391
863.003 -295.648
864.522 -294.906
866.041 -294.163
867.56 -293.42
869.079 -292.678
870.599 -291.935
872.118 -291.193
873.638 -290.451
875.157 -289.709
876.677 -288.967
878.197 -288.225
879.717 -287.483
881.237 -286.741
882.757 -286
884.278 -285.258
885.799 -284.517
887.319 -283.776
888.84 -283.035
890.361 -282.294
891.882 -281.553
893.404 -280.812
894.925 -280.071
896.447 -279.331
897.969 -278.59
899.49 -277.85
901.013 -277.11
902.535 -276.37
904.057 -275.63
905.58 -274.89
907.102 -274.15
908.625 -273.41
910.148 -272.671
911.672 -271.932
913.195 -271.192
914.719 -270.453
916.242 -269.715
917.766 -268.976
919.29 -268.237
920.815 -267.499
922.339 -266.76
923.864 -266.022
925.388 -265.284
926.913 -264.546
928.438 -263.808
929.964 -263.071
931.489 -262.333
933.015 -261.596
934.541 -260.859
936.067 -260.122
937.593 -259.385
939.12 -258.648
940.647 -257.911
942.174 -257.175
943.701 -256.439
945.228 -255.703
946.756 -254.967
948.283 -254.231
949.811 -253.496
951.34 -252.76
952.868 -252.025
954.397 -251.29
955.925 -250.555
957.455 -249.821
958.984 -249.086
960.513 -248.352
962.043 -247.618
963.573 -246.884
965.104 -246.15
966.634 -245.417
968.165 -244.683
969.696 -243.95
971.227 -243.217
972.759 -242.484
974.29 -241.752
975.822 -241.02
977.355 -240.288
978.887 -239.556
980.42 -238.824
981.953 -238.092
983.486 -237.361
985.02 -236.63
986.554 -235.899
988.088 -235.169
989.622 -234.438
991.157 -233.708
992.692 -232.978
994.227 -232.249
995.763 -231.519
997.299 -230.79
998.835 -230.061
1000.37 -229.333
1001.91 -228.604
1003.45 -227.876
1004.98 -227.148
1006.52 -226.42
1008.06 -225.693
1009.6 -224.966
1011.14 -224.239
1012.67 -223.512
1014.21 -222.786
1015.75 -222.06
1017.29 -221.334
1018.83 -220.609
1020.37 -219.883
1021.92 -219.159
1023.46 -218.434
1025 -217.71
1026.54 -216.985
1028.08 -216.262
1029.63 -215.538
1031.17 -214.815
1032.71 -214.092
1034.26 -213.37
1035.8 -212.648
1037.35 -211.926
1038.89 -211.204
1040.44 -210.483
1041.98 -209.762
1043.53 -209.041
1045.08 -208.321
1046.62 -207.601
1048.17 -206.882
1049.72 -206.163
1051.27 -205.444
1052.82 -204.725
1054.36 -204.007
1055.91 -203.29
1057.46 -202.572
1059.01 -201.855
1060.57 -201.139
1062.12 -200.422
1063.67 -199.707
1065.22 -198.991
1066.77 -198.276
1068.33 -197.561
1069.88 -196.847
1071.43 -196.133
1072.99 -195.42
1074.54 -194.707
1076.1 -193.994
1077.66 -193.282
1079.21 -192.571
1080.77 -191.859
1082.33 -191.148
1083.89 -190.438
1085.45 -189.728
1087 -189.019
1088.56 -188.31
1090.12 -187.601
1091.69 -186.893
1093.25 -186.186
1094.81 -185.479
1096.37 -184.772
1097.93 -184.066
1099.5 -183.36
1101.06 -182.655
1102.63 -181.951
1104.19 -181.247
1105.76 -180.543
1107.33 -179.84
1108.89 -179.138
1110.46 -178.436
1112.03 -177.734
1113.6 -177.034
1115.17 -176.333
1116.74 -175.634
1118.31 -174.935
1119.88 -174.236
1121.45 -173.538
1123.03 -172.841
1124.6 -172.144
1126.17 -171.448
1127.75 -170.753
1129.32 -170.058
1130.9 -169.364
1132.48 -168.67
1134.06 -167.977
1135.63 -167.285
1137.21 -166.593
1138.79 -165.902
1140.37 -165.212
1141.96 -164.522
1143.54 -163.834
1145.12 -163.145
1146.7 -162.458
1148.29 -161.771
1149.87 -161.085
1151.46 -160.4
1153.05 -159.715
1154.63 -159.031
1156.22 -158.348
1157.81 -157.666
1159.4 -156.985
1160.99 -156.304
1162.58 -155.624
1164.18 -154.945
1165.77 -154.267
1167.36 -153.589
1168.96 -152.912
1170.56 -152.237
1172.15 -151.562
1173.75 -150.888
1175.35 -150.214
1176.95 -149.542
1178.55 -148.871
1180.15 -148.2
1181.75 -147.531
1183.35 -146.862
1184.96 -146.194
1186.56 -145.527
1188.17 -144.862
1189.78 -144.197
1191.39 -143.533
1192.99 -142.87
1194.6 -142.208
1196.22 -141.547
1197.83 -140.887
1199.44 -140.229
1201.05 -139.571
1202.67 -138.914
1204.29 -138.259
1205.9 -137.604
1207.52 -136.951
1209.14 -136.298
1210.76 -135.647
1212.38 -134.997
1214.01 -134.348
1215.63 -133.701
1217.25 -133.054
1218.88 -132.409
1220.51 -131.765
1222.14 -131.122
1223.76 -130.48
1225.4 -129.84
1227.03 -129.201
1228.66 -128.563
1230.29 -127.926
1231.93 -127.291
1233.57 -126.657
1235.2 -126.025
1236.84 -125.394
1238.48 -124.764
1240.13 -124.136
1241.77 -123.509
1243.41 -122.883
1245.06 -122.259
1246.7 -121.636
1248.35 -121.015
1250 -120.396
1251.65 -119.777
1253.3 -119.161
1254.96 -118.546
1256.61 -117.932
1258.27 -117.32
1259.93 -116.71
1261.58 -116.101
1263.24 -115.494
1264.91 -114.889
1266.57 -114.285
1268.23 -113.684
1269.9 -113.083
1271.57 -112.485
1273.24 -111.888
1274.91 -111.293
1276.58 -110.7
1278.25 -110.109
1279.93 -109.519
1281.6 -108.932
1283.28 -108.346
1284.96 -107.762
1286.64 -107.18
1288.32 -106.601
1290.01 -106.023
1291.69 -105.447
1293.38 -104.873
1295.07 -104.301
1296.76 -103.731
1298.45 -103.164
1300.14 -102.598
1301.84 -102.035
1303.53 -101.474
1305.23 -100.915
1306.93 -100.358
1308.63 -99.8035
1310.34 -99.2513
1312.04 -98.7014
1313.75 -98.1538
1315.46 -97.6085
1317.17 -97.0657
1318.88 -96.5252
1320.59 -95.9872
1322.31 -95.4517
1324.02 -94.9186
1325.74 -94.3881
1327.46 -93.8601
1329.18 -93.3347
1330.91 -92.8119
1332.63 -92.2917
1334.36 -91.7742
1336.09 -91.2594
1337.82 -90.7473
1339.55 -90.238
1341.29 -89.7314
1343.02 -89.2277
1344.76 -88.7268
1346.5 -88.2288
1348.24 -87.7336
1349.98 -87.2415
1351.73 -86.7523
1353.48 -86.2661
1355.22 -85.7829
1356.98 -85.3028
1358.73 -84.8258
1360.48 -84.352
1362.24 -83.8813
1364 -83.4138
1365.76 -82.9495
1367.52 -82.4885
1369.28 -82.0308
1371.05 -81.5764
1372.81 -81.1254
1374.58 -80.6778
1376.35 -80.2337
1378.13 -79.793
1379.9 -79.3558
1381.68 -78.9222
1383.46 -78.4921
1385.24 -78.0657
1387.02 -77.6429
1388.8 -77.2237
1390.59 -76.8083
1392.38 -76.3967
1394.16 -75.9888
1395.96 -75.5848
1397.75 -75.1846
1399.54 -74.7884
1401.34 -74.396
1403.14 -74.0077
1404.94 -73.6233
1406.74 -73.243
1408.55 -72.8668
1410.35 -72.4947
1412.16 -72.1267
1413.97 -71.7629
1415.78 -71.4034
1417.59 -71.0481
1419.41 -70.6971
1421.22 -70.3504
1423.04 -70.0081
1424.86 -69.6703
1426.68 -69.3368
1428.51 -69.0079
1430.33 -68.6834
1432.16 -68.3635
1433.98 -68.0482
1435.81 -67.7375
1437.65 -67.4315
1439.48 -67.1301
1441.31 -66.8335
1443.15 -66.5416
1444.99 -66.2545
1446.83 -65.9723
1448.67 -65.6949
1450.51 -65.4224
1452.35 -65.1548
1454.2 -64.8922
1456.05 -64.6346
1457.89 -64.382
1459.74 -64.1345
1461.59 -63.892
1463.45 -63.6547
1465.3 -63.4225
1467.15 -63.1955
1469.01 -62.9737
1470.87 -62.7571
1472.73 -62.5458
1474.59 -62.3398
1476.45 -62.1391
1478.31 -61.9438
1480.17 -61.7538
1482.04 -61.5693
1483.9 -61.3901
1485.77 -61.2165
1487.64 -61.0482
1489.51 -60.8855
1491.38 -60.7284
1493.25 -60.5767
1495.12 -60.4306
1496.99 -60.2901
1498.86 -60.1553
1500.74 -60.026
1502.61 -59.9024
1504.49 -59.7844
1506.36 -59.6722
1508.24 -59.5656
1510.12 -59.4648
1511.99 -59.3696
1513.87 -59.2802
1515.75 -59.1966
1517.63 -59.1188
1519.51 -59.0467
1521.39 -58.9804
1523.27 -58.9199
1525.15 -58.8652
1527.04 -58.8164
1528.92 -58.7733
1530.8 -58.7362
1532.68 -58.7048
1534.57 -58.6793
1536.45 -58.6597
1538.33 -58.6458
1540.21 -58.6379
1542.1 -58.6358
1543.98 -58.6396
1545.86 -58.6494
1547.75 -58.6649
1549.63 -58.6864
1551.51 -58.7137
1553.39 -58.7468
1555.28 -58.7858
1557.16 -58.8306
1559.04 -58.8812
1560.92 -58.9377
1562.8 -59
1564.68 -59.0681
1566.56 -59.142
1568.44 -59.2217
1570.32 -59.3072
1572.2 -59.3984
1574.08 -59.4954
1575.96 -59.5981
1577.83 -59.7066
1579.71 -59.8207
1581.58 -59.9406
1583.46 -60.0661
1585.33 -59.9463
1587.21 -59.8321
1589.09 -59.7237
1590.96 -59.6209
1592.84 -59.5238
1594.72 -59.4325
1596.6 -59.3469
1598.48 -59.267
1600.36 -59.1929
1602.24 -59.1246
1604.12 -59.0621
1606 -59.0054
1607.88 -58.9545
1609.76 -58.9093
1611.64 -58.87
1613.52 -58.8366
1615.41 -58.8089
1617.29 -58.7871
1619.17 -58.7712
1621.05 -58.761
1622.94 -58.7567
1624.82 -58.7583
1626.7 -58.7656
1628.58 -58.7788
1630.47 -58.7979
1632.35 -58.8227
1634.23 -58.8534
1636.11 -58.89
1637.99 -58.9323
1639.88 -58.9805
1641.76 -59.0345
1643.64 -59.0943
1645.52 -59.1599
1647.4 -59.2313
1649.28 -59.3085
1651.16 -59.3915
1653.03 -59.4802
1654.91 -59.5746
1656.79 -59.6748
1658.67 -59.7807
1660.54 -59.8923
1662.42 -60.0096
1664.29 -60.1325
1666.17 -60.2612
1668.04 -60.3954
1669.91 -60.5353
1671.78 -60.6807
1673.66 -60.8317
1675.53 -60.9883
1677.39 -61.1505
1679.26 -61.3181
1681.13 -61.4912
1682.99 -61.6698
1684.86 -61.8538
1686.72 -62.0433
1688.59 -62.2381
1690.45 -62.4383
1692.31 -62.6439
1694.17 -62.8547
1696.02 -63.0709
1697.88 -63.2923
1699.74 -63.5189
1701.59 -63.7507
1703.44 -63.9877
1705.29 -64.2298
1707.14 -64.4771
1708.99 -64.7294
1710.84 -64.9867
1712.68 -65.2491
1714.53 -65.5165
1716.37 -65.7888
1718.21 -66.066
1720.05 -66.3482
1721.89 -66.6351
1723.73 -66.9269
1725.56 -67.2235
1727.4 -67.5248
1729.23 -67.8309
1731.06 -68.1416
1732.89 -68.4569
1734.71 -68.7769
1736.54 -69.1015
1738.36 -69.4306
1740.19 -69.7642
1742.01 -70.1023
1743.82 -70.4448
1745.64 -70.7917
1747.46 -71.1429
1749.27 -71.4985
1751.08 -71.8584
1752.89 -72.2226
1754.7 -72.5909
1756.51 -72.9635
1758.31 -73.3401
1760.11 -73.7209
1761.91 -74.1058
1763.71 -74.4947
1765.51 -74.8876
1767.31 -75.2844
1769.1 -75.6852
1770.89 -76.0899
1772.68 -76.4984
1774.47 -76.9108
1776.26 -77.3269
1778.04 -77.7468
1779.82 -78.1704
1781.6 -78.5976
1783.38 -79.0285
1785.16 -79.463
1786.94 -79.9011
1788.71 -80.3427
1790.48 -80.7878
1792.25 -81.2364
1794.02 -81.6884
1795.78 -82.1438
1797.55 -82.6025
1799.31 -83.0646
1801.07 -83.53
1802.83 -83.9986
1804.58 -84.4705
1806.34 -84.9455
1808.09 -85.4237
1809.84 -85.905
1811.59 -86.3894
1813.34 -86.8769
1815.09 -87.3674
1816.83 -87.8609
1818.57 -88.3573
1820.31 -88.8567
1822.05 -89.359
1823.79 -89.8641
1825.52 -90.3721
1827.25 -90.8829
1828.98 -91.3965
1830.71 -91.9128
1832.44 -92.4318
1834.17 -92.9535
1835.89 -93.4779
1837.61 -94.0049
1839.33 -94.5344
1841.05 -95.0666
1842.77 -95.6013
1844.48 -96.1385
1846.2 -96.6782
1847.91 -97.2203
1849.62 -97.7649
1851.33 -98.3118
1853.03 -98.8612
1854.74 -99.4128
1856.44 -99.9668
1858.14 -99.4157
1859.85 -98.8668
1861.56 -98.3203
1863.26 -97.7761
1864.97 -97.2343
1866.69 -96.6948
1868.4 -96.1579
1870.11 -95.6233
1871.83 -95.0913
1873.55 -94.5618
1875.27 -94.0348
1876.99 -93.5104
1878.71 -92.9886
1880.44 -92.4694
1882.17 -91.9529
1883.9 -91.4391
1885.63 -90.928
1887.36 -90.4196
1889.09 -89.914
1890.83 -89.4112
1892.57 -88.9113
1894.31 -88.4142
1896.05 -87.92
1897.79 -87.4288
1899.54 -86.9405
1901.28 -86.4552
1903.03 -85.9729
1904.78 -85.4937
1906.53 -85.0176
1908.29 -84.5446
1910.04 -84.0748
1911.8 -83.6082
1913.56 -83.1448
1915.32 -82.6846
1917.09 -82.2277
1918.85 -81.7742
1920.62 -81.324
1922.39 -80.8772
1924.16 -80.4338
1925.93 -79.9939
1927.71 -79.5575
1929.48 -79.1246
1931.26 -78.6953
1933.04 -78.2696
1934.82 -77.8475
1936.61 -77.4291
1938.39 -77.0144
1940.18 -76.6034
1941.97 -76.1963
1943.76 -75.7929
1945.55 -75.3934
1947.35 -74.9977
1949.14 -74.606
1950.94 -74.2183
1952.74 -73.8345
1954.54 -73.4548
1956.34 -73.0791
1958.15 -72.7075
1959.96 -72.3401
1961.77 -71.9768
1963.58 -71.6178
1965.39 -71.263
1967.2 -70.9125
1969.02 -70.5663
1970.84 -70.2244
1972.66 -69.887
1974.48 -69.5539
1976.3 -69.2254
1978.12 -68.9013
1979.95 -68.5817
1981.78 -68.2668
1983.61 -67.9564
1985.44 -67.6506
1987.27 -67.3496
1989.1 -67.0532
1990.94 -66.7616
1992.78 -66.4747
1994.62 -66.1927
1996.46 -65.9155
1998.3 -65.6432
2000.14 -65.3757
2001.98 -65.1132
2003.83 -64.8557
2005.68 -64.6032
2007.53 -64.3557
2009.38 -64.1133
2011.23 -63.876
2013.08 -63.6438
2014.94 -63.4168
2016.79 -63.195
2018.65 -62.9783
2020.51 -62.767
2022.37 -62.5608
2024.23 -62.36
2026.09 -62.1645
2027.95 -61.9744
2029.81 -61.7896
2031.68 -61.6103
2033.54 -61.4364
2035.41 -61.2679
2037.28 -61.1049
2039.15 -60.9474
2041.02 -60.7954
2042.89 -60.649
2044.76 -60.5081
2046.63 -60.3728
2048.51 -60.2432
2050.38 -60.1191
2052.25 -60.0007
2054.13 -59.8879
2056.01 -59.7808
2057.88 -59.6794
2059.76 -59.5837
2061.64 -59.4937
2063.52 -59.4095
2065.4 -59.331
2067.28 -59.2583
2069.16 -59.1913
2071.04 -59.1301
2072.92 -59.0747
2074.8 -59.0251
2076.68 -58.9813
2078.56 -58.9433
2080.44 -58.9111
2082.32 -58.8848
2084.21 -58.8642
2086.09 -58.8495
2087.97 -58.8407
2089.85 -58.8376
2091.73 -58.8404
2093.62 -58.849
2095.5 -58.8634
2097.38 -58.8837
2099.26 -58.9098
2101.15 -58.9417
2103.03 -58.9794
2104.91 -59.023
2106.79 -59.0723
2108.67 -59.1275
2110.55 -59.1884
2112.43 -59.2552
2114.31 -59.3277
2116.19 -59.406
2118.07 -59.4901
2119.95 -59.5799
2121.82 -59.6754
2123.7 -59.7767
2125.58 -59.8836
2127.45 -59.9963
2129.33 -60.1146
2131.2 -60.2386
2133.08 -60.3682
2134.95 -60.5035
2136.82 -60.6443
2138.69 -60.7908
2140.56 -60.9428
2142.43 -61.1003
2144.3 -61.2634
2146.17 -61.4319
2148.03 -61.606
2149.9 -61.7855
2151.76 -61.9704
2153.63 -62.1607
2155.49 -62.3564
2157.35 -62.5575
2159.21 -62.7638
2161.07 -62.9755
2162.93 -63.1925
2164.78 -63.4147
2166.64 -63.6421
2168.49 -63.8747
2170.34 -64.1124
2172.19 -64.3553
2174.04 -64.6033
2175.89 -64.8563
2177.74 -65.1144
2179.58 -65.3775
2181.43 -65.6455
2183.27 -65.9185
2185.11 -66.1964
2186.95 -66.4792
2188.79 -66.7668
2190.62 -67.0592
2192.46 -67.3564
2194.29 -67.6583
2196.12 -67.9649
2197.95 -68.2762
2199.78 -68.5921
2201.61 -68.9127
2203.43 -69.2378
2205.26 -69.5674
2207.08 -69.9015
2208.9 -69.5722
2210.72 -69.2473
2212.55 -68.9269
2214.37 -68.6111
2216.2 -68.2998
2218.03 -67.9931
2219.86 -67.6911
2221.7 -67.3938
2223.53 -67.1011
2225.37 -66.8132
2227.2 -66.5301
2229.04 -66.2518
2230.88 -65.9783
2232.73 -65.7097
2234.57 -65.4461
2236.41 -65.1873
2238.26 -64.9335
2240.11 -64.6848
2241.96 -64.441
2243.81 -64.2023
2245.66 -63.9687
2247.51 -63.7403
2249.37 -63.517
2251.22 -63.2988
2253.08 -63.0859
2254.94 -62.8782
2256.8 -62.6758
2258.66 -62.4787
2260.52 -62.2869
2262.38 -62.1004
2264.25 -61.9193
2266.11 -61.7437
2267.98 -61.5734
2269.84 -61.4085
2271.71 -61.2492
2273.58 -61.0953
2275.45 -60.9469
2277.32 -60.8041
2279.19 -60.6668
2281.06 -60.5351
2282.94 -60.409
2284.81 -60.2884
2286.68 -60.1735
2288.56 -60.0643
2290.44 -59.9607
2292.31 -59.8628
2294.19 -59.7705
2296.07 -59.684
2297.94 -59.6032
2299.82 -59.5281
2301.7 -59.4587
2303.58 -59.3951
2305.46 -59.3373
2307.34 -59.2852
2309.22 -59.2389
2311.1 -59.1983
2312.98 -59.1636
2314.86 -59.1347
2316.74 -59.1115
2318.63 -59.0942
2320.51 -59.0826
2322.39 -59.0769
2324.27 -59.077
2326.15 -59.0771
2328.03 -59.0772
2329.92 -59.0772
2331.8 -59.0773
2333.68 -59.0774
2335.56 -59.0775
2337.44 -59.0776
2339.32 -59.0776
2341.21 -59.0777
2343.09 -59.0778
2344.97 -59.0779
2346.85 -59.078
2348.73 -59.078
2350.61 -59.0781
2352.49 -59.0782
2354.38 -59.0783
2356.26 -59.0784
2358.14 -59.0784
2360.02 -59.0785
2361.9 -59.0786
2363.78 -59.0787
2365.67 -59.0788
2367.55 -59.0788
2369.43 -59.0789
2371.31 -59.079
2373.19 -59.0791
2375.07 -59.0792
2376.96 -59.0792
2378.84 -59.0793
2380.72 -59.0794
2382.6 -59.0795
2384.48 -59.0796
2386.36 -59.0796
2388.24 -59.0797
2390.13 -59.0798
2392.01 -59.0799
2393.89 -59.08
2395.77 -59.08
2397.65 -59.0801
2399.53 -59.0802
2401.42 -59.0803
2403.3 -59.0804
2405.18 -59.0804
2407.06 -59.0805
2408.94 -59.0806
2410.82 -59.0807
2412.71 -59.0808
2414.59 -59.0808
2416.47 -59.0809
2418.35 -59.081
2420.23 -59.0811
2422.11 -59.0812
2424 -59.0812
2425.88 -59.0813
2427.76 -59.0814
2429.64 -59.0815
2431.52 -59.0816
2433.4 -59.0816
2435.28 -59.0817
2437.17 -59.0818
2439.05 -59.0819
2440.93 -59.082
2442.81 -59.082
2444.69 -59.0821
2446.57 -59.0822
2448.46 -59.0823
2450.34 -59.0824
2452.22 -59.0824
2454.1 -59.0825
2455.98 -59.0826
2457.86 -59.0827
2459.75 -59.0828
2461.63 -59.0828
2463.51 -59.0829
2465.39 -59.083
2467.27 -59.0831
2469.15 -59.0832
2471.03 -59.0832
2472.92 -59.0833
2474.8 -59.0834
2476.68 -59.0835
2478.56 -59.0836
2480.44 -59.0836
2482.32 -59.0837
2484.21 -59.0838
2486.09 -59.0839
2487.97 -59.084
2489.85 -59.084
2491.73 -59.0841
2493.61 -59.0842
2495.5 -59.0843
2497.38 -59.0844
2499.26 -59.0844
2501.14 -59.0845
2503.02 -59.0846
2504.9 -59.0847
2506.79 -59.0848
2508.67 -59.0848
2510.55 -59.0849
2512.43 -59.085
2514.31 -59.0851
2516.19 -59.0852
2518.07 -59.0852
2519.96 -59.0853
2521.84 -59.0854
2523.72 -59.0855
2525.6 -59.0856
2527.48 -59.0856
2529.36 -59.0857
2531.25 -59.0858
2533.13 -59.0859
2535.01 -59.086
2536.89 -59.086
2538.77 -59.0861
2540.65 -59.0862
2542.54 -59.0863
2544.42 -59.0864
2546.3 -59.0864
2548.18 -59.0865
2550.06 -59.0866
2551.94 -59.0867
2553.82 -59.0868
2555.71 -59.0868
2557.59 -59.0869
2559.47 -59.087
2561.35 -59.0871
2563.23 -59.0872
2565.11 -59.0872
2567 -59.0873
2568.88 -59.0874
2570.76 -59.0875
2572.64 -59.0876
2574.52 -59.0876
2576.4 -59.0877
2578.29 -59.0878
2580.17 -59.0879
2582.05 -59.088
2583.93 -59.088
2585.81 -59.0881
2587.69 -59.0882
2589.58 -59.0883
2591.46 -59.0884
2593.34 -59.0884
2595.22 -59.0885
2597.1 -59.0886
2598.98 -59.0887
2600.86 -59.0888
2602.75 -59.0888
2604.63 -59.0889
2606.51 -59.089
2608.39 -59.0891
2610.27 -59.0891
2612.15 -59.0892
2614.04 -59.0893
2615.92 -59.0894
2617.8 -59.0894
2619.68 -59.0895
2621.56 -59.0896
2623.44 -59.0897
2625.33 -59.0898
2627.21 -59.0898
2629.09 -59.0899
2630.97 -59.09
2632.85 -59.0901
2634.73 -59.0901
2636.61 -59.0902
2638.5 -59.0903
2640.38 -59.0904
2642.26 -59.0904
2644.14 -59.0905
2646.02 -59.0906
2647.9 -59.0907
2649.79 -59.0907
2651.67 -59.0908
2653.55 -59.0909
2655.43 -59.091
2657.31 -59.091
2659.19 -59.0911
2661.08 -59.0912
2662.96 -59.0913
2664.84 -59.0914
2666.72 -59.0914
2668.6 -59.0915
2670.48 -59.0916
2672.37 -59.0917
2674.25 -59.0917
2676.13 -59.0918
2678.01 -59.0919
2679.89 -59.092
2681.77 -59.092
2683.65 -59.0921
2685.54 -59.0922
2687.42 -59.0923
2689.3 -59.0923
2691.18 -59.0924
2693.06 -59.0925
2694.94 -59.0926
2696.83 -59.0927
2698.71 -59.0927
2700.59 -59.0928
2702.47 -59.0929
2704.35 -59.093
2706.23 -59.093
2708.12 -59.0931
2710 -59.0932
2711.88 -59.0933
2713.76 -59.0933
2715.64 -59.0934
2717.52 -59.0935
2719.41 -59.0936
2721.29 -59.0936
2723.17 -59.0937
2725.05 -59.0938
2726.93 -59.0939
2728.81 -59.0939
2730.69 -59.094
2732.58 -59.0941
2734.46 -59.0942
2736.34 -59.0943
2738.22 -59.0943
2740.1 -59.0944
2741.98 -59.0945
2743.87 -59.0946
2745.75 -59.0946
2747.63 -59.0947
2749.51 -59.0948
2751.39 -59.0949
2753.27 -59.0949
2755.16 -59.095
2757.04 -59.0951
2758.92 -59.0952
2760.8 -59.0952
2762.68 -59.0953
2764.56 -59.0954
2766.44 -59.0955
2768.33 -59.0956
2770.21 -59.0956
2772.09 -59.0957
2773.97 -59.0958
2775.85 -59.0959
2777.73 -59.0959
2779.62 -59.096
2781.5 -59.0961
2783.38 -59.0962
2785.26 -59.0962
2787.14 -59.0963
2789.02 -59.0964
2790.91 -59.0965
2792.79 -59.0965
2794.67 -59.0966
2796.55 -59.0967
2798.43 -59.0968
2800.31 -59.0968
2802.2 -59.0969
2804.08 -59.097
2805.96 -59.0971
2807.84 -59.0972
2809.72 -59.0972
2811.6 -59.0973
2813.48 -59.0974
2815.37 -59.0975
2817.25 -59.0975
2819.13 -59.0976
2821.01 -59.0977
2822.89 -59.0978
2824.77 -59.0978
2826.66 -59.0979
2828.54 -59.098
2830.42 -59.0981
2832.3 -59.0981
2834.18 -59.0982
2836.06 -59.0983
2837.95 -59.0984
2839.83 -59.0984
2841.71 -59.0985
2843.59 -59.0986
2845.47 -59.0987
2847.35 -59.0988
2849.23 -59.0988
2851.12 -59.0989
2853 -59.099
2854.88 -59.0991
2856.76 -59.0991
2858.64 -59.0992
2860.52 -59.0993
2862.41 -59.0994
2864.29 -59.0994
2866.17 -59.0995
2868.05 -59.0996
2869.93 -59.0997
2871.81 -59.0997
2873.7 -59.0998
2875.58 -59.0999
2877.46 -59.1
2879.34 -59.1001
2881.22 -59.1001
2883.1 -59.1002
2884.99 -59.1003
2886.87 -59.1004
2888.75 -59.1004
2890.63 -59.1005
2892.51 -59.1006
2894.39 -59.1007
2896.27 -59.1007
2898.16 -59.1008
2900.04 -59.1009
2901.92 -59.101
2903.8 -59.101
2905.68 -59.1011
2907.56 -59.1012
2909.45 -59.1013
2911.33 -59.1013
2913.21 -59.1014
2915.09 -59.1015
2916.97 -59.1016
2918.85 -59.1017
2920.74 -59.1017
2922.62 -59.1018
2924.5 -59.1019
2926.38 -59.102
2928.26 -59.102
2930.14 -59.1021
2932.02 -59.1022
2933.91 -59.1023
2935.79 -59.1023
2937.67 -59.1024
2939.55 -59.1025
2941.43 -59.1026
2943.31 -59.1026
2945.2 -59.1027
2947.08 -59.1028
2948.96 -59.1029
2950.84 -59.103
2952.72 -59.103
2954.6 -59.1031
2956.49 -59.1032
2958.37 -59.1033
2960.25 -59.1033
2962.13 -59.1034
2964.01 -59.1035
2965.89 -59.1036
2967.78 -59.1036
2969.66 -59.1037
2971.54 -59.1038
2973.42 -59.1039
2975.3 -59.1039
2977.18 -59.104
2979.06 -59.1041
2980.95 -59.1042
2982.83 -59.1042
2984.71 -59.1043
2986.59 -59.1044
2988.47 -59.1045
2990.35 -59.1046
2992.24 -59.1046
2994.12 -59.1047
2996 -59.1048
2997.88 -59.1049
2999.76 -59.1049
3001.64 -59.105
3003.53 -59.1051
3005.41 -59.1052
3007.29 -59.1052
3009.17 -59.1053
3011.05 -59.1054
3012.93 -59.1055
3014.81 -59.1055
3016.7 -59.1056
3018.58 -59.1057
3020.46 -59.1058
3022.34 -59.1059
3024.22 -59.1059
3026.1 -59.106
3027.99 -59.1061
3029.87 -59.1062
3031.75 -59.1062
3033.63 -59.1063
3035.51 -59.1064
3037.39 -59.1065
3039.28 -59.1065
3041.16 -59.1066
3043.04 -59.1067
3044.92 -59.1068
3046.8 -59.1068
3048.68 -59.1069
3050.57 -59.107
3052.45 -59.1071
3054.33 -59.1071
3056.21 -59.1072
3058.09 -59.1073
3059.97 -59.1074
3061.85 -59.1075
3063.74 -59.1075
3065.62 -59.1076
3067.5 -59.1077
3069.38 -59.1078
3071.26 -59.1078
3073.14 -59.1079
3075.03 -59.108
3076.91 -59.1081
3078.79 -59.1081
3080.67 -59.1082
3082.55 -59.1083
3084.43 -59.1084
3086.32 -59.1084
3088.2 -59.1085
3090.08 -59.1086
3091.96 -59.1087
3093.84 -59.1087
3095.72 -59.1088
3097.6 -59.1089
3099.49 -59.109
3101.37 -59.1091
3103.25 -59.1091
3105.13 -59.1092
3107.01 -59.1093
3108.89 -59.1094
3110.78 -59.1094
3112.66 -59.1095
3114.54 -59.1096
3116.42 -59.1097
3118.3 -59.1097
3120.18 -59.1098
3122.07 -59.1099
3123.95 -59.11
3125.83 -59.11
3127.71 -59.1101
3129.59 -59.1102
3131.47 -59.1103
3133.36 -59.1104
3135.24 -59.1104
3137.12 -59.1105
3139 -59.1106
3140.88 -59.1107
3142.76 -59.1107
3144.64 -59.1108
3146.53 -59.1109
3148.41 -59.111
3150.29 -59.111
3152.17 -59.1111
3154.05 -59.1112
3155.93 -59.1113
3157.82 -59.1113
3159.7 -59.1114
3161.58 -59.1115
3163.46 -59.1116
3165.34 -59.1116
3167.22 -59.1117
3169.11 -59.1118
3170.99 -59.1119
3172.87 -59.112
3174.75 -59.112
3176.63 -59.1121
3178.51 -59.1122
3180.4 -59.1123
3182.28 -59.1123
3184.16 -59.1124
3186.04 -59.1125
3187.92 -59.1126
3189.8 -59.1126
3191.68 -59.1127
3193.57 -59.1128
3195.45 -59.1129
3197.33 -59.1129
3199.21 -59.113
3201.09 -59.1131
3202.97 -59.1132
3204.86 -59.1133
3206.74 -59.1133
3208.62 -59.1134
3210.5 -59.1135
3212.38 -59.1136
3214.26 -59.1136
3216.15 -59.1137
3218.03 -59.1138
3219.91 -59.1139
3221.79 -59.1139
3223.67 -59.114
3225.55 -59.1141
3227.43 -59.1142
3229.32 -59.1142
3231.2 -59.1143
3233.08 -59.1144
3234.96 -59.1145
3236.84 -59.1145
3238.72 -59.1146
3240.61 -59.1147
3242.49 -59.1148
3244.37 -59.1149
3246.25 -59.1149
3248.13 -59.115
3250.01 -59.1151
3251.9 -59.1152
3253.78 -59.1152
3255.66 -59.1153
3257.54 -59.1154
3259.42 -59.1155
3261.3 -59.1155
3263.19 -59.1156
3265.07 -59.1157
3266.95 -59.1158
3268.83 -59.1158
3270.71 -59.1159
3272.59 -59.116
3274.47 -59.1161
3276.36 -59.1161
3278.24 -59.1162
3280.12 -59.1163
3282 -59.1164
3283.88 -59.1165
3285.76 -59.1165
3287.65 -59.1166
3289.53 -59.1167
3291.41 -59.1168
3293.29 -59.1168
3295.17 -59.1169
3297.05 -59.117
3298.94 -59.1171
3300.82 -59.1171
3302.7 -59.1172
3304.58 -59.1173
3306.46 -59.1174
3308.34 -59.1174
3310.22 -59.1175
3312.11 -59.1176
3313.99 -59.1177
3315.87 -59.1178
3317.75 -59.1178
3319.63 -59.1179
3321.51 -59.118
3323.4 -59.1181
3325.28 -59.1181
3327.16 -59.1182
3329.04 -59.1183
3330.92 -59.1184
3332.8 -59.1184
3334.69 -59.1185
3336.57 -59.1186
3338.45 -59.1186
3340.33 -59.1187
3342.21 -59.1188
3344.09 -59.1189
3345.98 -59.1189
3347.86 -59.119
3349.74 -59.1191
3351.62 -59.1192
3353.5 -59.1192
3355.38 -59.1193
3357.26 -59.1194
3359.15 -59.1194
3361.03 -59.1195
3362.91 -59.1196
3364.79 -59.1197
3366.67 -59.1197
3368.55 -59.1198
3370.44 -59.1199
3372.32 -59.12
3374.2 -59.12
3376.08 -59.1201
3377.96 -59.1202
3379.84 -59.1202
3381.73 -59.1203
3383.61 -59.1204
3385.49 -59.1205
3387.37 -59.1205
3389.25 -59.1206
3391.13 -59.1207
3393.01 -59.1208
3394.9 -59.1208
3396.78 -59.1209
3398.66 -59.121
3400.54 -59.121
3402.42 -59.1211
3404.3 -59.1212
3406.19 -59.1213
3408.07 -59.1213
3409.95 -59.1214
3411.83 -59.1215
3413.71 -59.1215
3415.59 -59.1216
3417.48 -59.1217
3419.36 -59.1218
3421.24 -59.1218
3423.12 -59.1219
3425 -59.122
3426.88 -59.1221
3428.77 -59.1221
3430.65 -59.1222
3432.53 -59.1223
3434.41 -59.1223
3436.29 -59.1224
3438.17 -59.1225
3440.05 -59.1226
3441.94 -59.1226
3443.82 -59.1227
3445.7 -59.1228
3447.58 -59.1229
3449.46 -59.1229
3451.34 -59.123
3453.23 -59.1231
3455.11 -59.1231
3456.99 -59.1232
3458.87 -59.1233
3460.75 -59.1234
3462.63 -59.1234
3464.52 -59.1235
3466.4 -59.1236
3468.28 -59.1236
3470.16 -59.1237
3472.04 -59.1238
3473.92 -59.1239
3475.8 -59.1239
3477.69 -59.124
3479.57 -59.1241
3481.45 -59.1242
3483.33 -59.1242
3485.21 -59.1243
3487.09 -59.1244
3488.98 -59.1244
3490.86 -59.1245
3492.74 -59.1246
3494.62 -59.1247
3496.5 -59.1247
3498.38 -59.1248
3500.27 -59.1249
3502.15 -59.125
3504.03 -59.125
3505.91 -59.1251
3507.79 -59.1252
3509.67 -59.1252
3511.56 -59.1253
3513.44 -59.1254
3515.32 -59.1255
3517.2 -59.1255
3519.08 -59.1256
3520.96 -59.1257
3522.84 -59.1258
3524.73 -59.1258
3526.61 -59.1259
3528.49 -59.126
3530.37 -59.126
3532.25 -59.1261
3534.13 -59.1262
3536.02 -59.1263
3537.9 -59.1263
3539.78 -59.1264
3541.66 -59.1265
3543.54 -59.1265
3545.42 -59.1266
3547.31 -59.1267
3549.19 -59.1268
3551.07 -59.1268
3552.95 -59.1269
3554.83 -59.127
3556.71 -59.1271
3558.59 -59.1271
3560.48 -59.1272
3562.36 -59.1273
3564.24 -59.1273
3566.12 -59.1274
3568 -59.1275
3569.88 -59.1276
3571.77 -59.1276
3573.65 -59.1277
3575.53 -59.1278
3577.41 -59.1279
3579.29 -59.1279
3581.17 -59.128
3583.06 -59.1281
3584.94 -59.1281
3586.82 -59.1282
3588.7 -59.1283
3590.58 -59.1284
3592.46 -59.1284
3594.34 -59.1285
3596.22 -59.1286
3598.11 -59.1287
3599.99 -59.1287
3601.87 -59.1288
3603.75 -59.1289
3605.63 -59.1289
3607.51 -59.129
3609.39 -59.1291
3611.28 -59.1292
3613.16 -59.1292
3615.04 -59.1293
3616.92 -59.1294
3618.8 -59.1294
3620.68 -59.1295
3622.56 -59.1296
3624.45 -59.1297
3626.33 -59.1297
3628.21 -59.1298
3630.09 -59.1299
3631.97 -59.13
3633.85 -59.13
3635.73 -59.1301
3637.61 -59.1302
3639.5 -59.1302
3641.38 -59.1303
3643.26 -59.1304
3645.14 -59.1305
3647.02 -59.1305
3648.9 -59.1306
3650.78 -59.1307
3652.67 -59.1308
3654.55 -59.1308
3656.43 -59.1309
3658.31 -59.131
3660.19 -59.131
3662.07 -59.1311
3663.95 -59.1312
3665.83 -59.1313
3667.72 -59.1313
3669.6 -59.1314
3671.48 -59.1315
3673.36 -59.1315
3675.24 -59.1316
3677.12 -59.1317
3679 -59.1318
3680.89 -59.1318
3682.77 -59.1319
3684.65 -59.132
3686.53 -59.1321
3688.41 -59.1321
3690.29 -59.1322
3692.17 -59.1323
3694.05 -59.1323
3695.94 -59.1324
3697.82 -59.1325
3699.7 -59.1326
3701.58 -59.1326
3703.46 -59.1327
3705.34 -59.1328
3707.22 -59.1329
3709.11 -59.1329
3710.99 -59.133
3712.87 -59.1331
3714.75 -59.1331
3716.63 -59.1332
3718.51 -59.1333
3720.39 -59.1334
3722.28 -59.1334
3724.16 -59.1335
3726.04 -59.1336
3727.92 -59.1337
3729.8 -59.1337
3731.68 -59.1338
3733.56 -59.1339
3735.44 -59.1339
3737.33 -59.134
3739.21 -59.1341
3741.09 -59.1342
3742.97 -59.1342
3744.85 -59.1343
