250 -600
251.48 -599.196
252.96 -598.393
254.441 -597.589
255.921 -596.785
257.401 -595.981
258.881 -595.178
260.362 -594.374
261.842 -593.57
263.322 -592.767
264.802 -591.963
266.282 -591.159
267.763 -590.356
269.243 -589.552
270.723 -588.749
272.203 -587.945
273.684 -587.141
275.164 -586.338
276.644 -585.534
278.124 -584.73
279.605 -583.927
281.085 -583.123
282.565 -582.319
284.045 -581.516
285.526 -580.712
287.006 -579.908
288.486 -579.105
289.966 -578.301
291.447 -577.497
292.927 -576.694
294.407 -575.89
295.887 -575.086
297.368 -574.283
298.848 -573.479
300.328 -572.676
301.809 -571.872
303.289 -571.068
304.769 -570.265
306.249 -569.461
307.73 -568.657
309.21 -567.854
310.69 -567.05
312.171 -566.246
313.651 -565.443
315.131 -564.639
316.611 -563.835
318.092 -563.032
319.572 -562.228
321.052 -561.425
322.533 -560.621
324.013 -559.817
325.493 -559.014
326.974 -558.21
328.454 -557.407
329.934 -556.603
331.415 -555.799
332.895 -554.996
334.375 -554.192
335.856 -553.389
337.336 -552.585
338.816 -551.782
340.297 -550.978
341.777 -550.174
343.258 -549.371
344.738 -548.567
346.218 -547.764
347.699 -546.96
349.179 -546.156
350.66 -545.353
352.14 -544.549
353.62 -543.746
355.101 -542.942
356.581 -542.138
358.062 -541.335
359.542 -540.531
361.022 -539.728
362.503 -538.924
363.983 -538.121
365.464 -537.317
366.944 -536.514
368.424 -535.71
369.905 -534.907
371.385 -534.103
372.866 -533.3
374.346 -532.496
375.827 -531.693
377.307 -530.889
378.788 -530.086
380.268 -529.282
381.749 -528.479
383.229 -527.675
384.71 -526.871
386.19 -526.068
387.671 -525.264
389.151 -524.461
390.632 -523.657
392.112 -522.854
393.593 -522.051
395.073 -521.247
396.554 -520.444
398.034 -519.64
399.515 -518.837
400.995 -518.033
402.476 -517.23
403.956 -516.426
405.437 -515.623
406.918 -514.819
408.398 -514.016
409.879 -513.212
411.359 -512.409
412.84 -511.605
414.32 -510.802
415.801 -509.999
417.282 -509.195
418.762 -508.392
420.243 -507.588
421.724 -506.785
423.204 -505.982
424.685 -505.178
426.165 -504.375
427.646 -503.571
429.127 -502.768
430.607 -501.965
432.088 -501.161
433.569 -500.358
435.05 -499.554
436.53 -498.751
438.011 -497.948
439.492 -497.144
440.972 -496.341
442.453 -495.538
443.934 -494.734
445.415 -493.931
446.895 -493.128
448.376 -492.324
449.857 -491.521
451.338 -490.718
452.818 -489.914
454.299 -489.111
455.78 -488.308
457.261 -487.504
458.742 -486.701
460.223 -485.898
461.703 -485.095
463.184 -484.291
464.665 -483.488
466.146 -482.685
467.627 -481.882
469.108 -481.078
470.589 -480.275
472.069 -479.472
473.55 -478.669
475.031 -477.865
476.512 -477.062
477.993 -476.259
479.474 -475.456
480.955 -474.653
482.436 -473.849
483.917 -473.046
485.398 -472.243
486.879 -471.44
488.36 -470.637
489.841 -469.834
491.322 -469.03
492.803 -468.227
494.284 -467.424
495.765 -466.621
497.246 -465.818
498.728 -465.015
500.209 -464.212
501.69 -463.409
503.171 -462.605
504.652 -461.802
506.133 -460.999
507.614 -460.196
509.095 -459.393
510.577 -458.59
512.058 -457.787
513.539 -456.984
515.02 -456.181
516.502 -455.378
517.983 -454.575
519.464 -453.772
520.945 -452.969
522.427 -452.166
523.908 -451.363
525.389 -450.56
526.871 -449.757
528.352 -448.954
529.833 -448.151
531.315 -447.348
532.796 -446.546
534.278 -445.743
535.759 -444.94
537.241 -444.137
538.722 -443.334
540.204 -442.531
541.685 -441.728
543.167 -440.925
544.648 -440.123
546.13 -439.32
547.611 -438.517
549.093 -437.714
550.574 -436.911
552.056 -436.109
553.538 -435.306
555.019 -434.503
556.501 -433.7
557.983 -432.898
559.464 -432.095
560.946 -431.292
562.428 -430.49
563.91 -429.687
565.391 -428.884
566.873 -428.082
568.355 -427.279
569.837 -426.476
571.319 -425.674
572.801 -424.871
574.283 -424.069
575.765 -423.266
577.246 -422.463
578.728 -421.661
580.21 -420.858
581.692 -420.056
583.174 -419.253
584.657 -418.451
586.139 -417.648
587.621 -416.846
589.103 -416.044
590.585 -415.241
592.067 -414.439
593.549 -413.636
595.032 -412.834
596.514 -412.032
597.996 -411.229
599.478 -410.427
600.961 -409.625
602.443 -408.822
603.925 -408.02
605.408 -407.218
606.89 -406.416
608.373 -405.613
609.855 -404.811
611.338 -404.009
612.82 -403.207
614.303 -402.405
615.785 -401.602
617.268 -400.8
618.751 -399.998
620.233 -399.196
621.716 -398.394
623.199 -397.592
624.682 -396.79
626.164 -395.988
627.647 -395.186
629.13 -394.384
630.613 -393.582
632.096 -392.78
633.579 -391.978
635.062 -391.176
636.545 -390.375
638.028 -389.573
639.511 -388.771
640.994 -387.969
642.477 -387.167
643.961 -386.366
645.444 -385.564
646.927 -384.762
648.41 -383.961
649.894 -383.159
651.377 -382.357
652.86 -381.556
654.344 -380.754
655.827 -379.953
657.311 -379.151
658.794 -378.35
660.278 -377.548
661.762 -376.747
663.245 -375.945
664.729 -375.144
666.213 -374.343
667.697 -373.541
669.181 -372.74
670.664 -371.939
672.148 -371.137
673.632 -370.336
675.116 -369.535
676.601 -368.734
678.085 -367.933
679.569 -367.132
681.053 -366.331
682.537 -365.53
684.022 -364.729
685.506 -363.928
686.99 -363.127
688.475 -362.326
689.959 -361.525
691.444 -360.724
692.929 -359.923
694.413 -359.123
695.898 -358.322
697.383 -357.521
698.867 -356.72
700.352 -355.92
701.837 -355.119
703.322 -354.319
704.807 -353.518
706.292 -352.718
707.778 -351.917
709.263 -351.117
710.748 -350.316
712.233 -349.516
713.719 -348.716
715.204 -347.915
716.69 -347.115
718.175 -346.315
719.661 -345.515
721.147 -344.715
722.633 -343.915
724.118 -343.115
725.604 -342.315
727.09 -341.515
728.576 -340.715
730.062 -339.915
731.549 -339.115
733.035 -338.316
734.521 -337.516
736.007 -336.716
737.494 -335.917
738.98 -335.117
740.467 -334.317
741.954 -333.518
743.44 -332.719
744.927 -331.919
746.414 -331.12
747.901 -330.321
749.388 -329.521
750.875 -328.722
752.362 -327.923
753.85 -327.124
755.337 -326.325
756.824 -325.526
758.312 -324.727
759.8 -323.928
761.287 -323.13
762.775 -322.331
764.263 -321.532
765.751 -320.734
767.239 -319.935
768.727 -319.137
770.215 -318.338
771.704 -317.54
773.192 -316.742
774.681 -315.943
776.169 -315.145
777.658 -314.347
779.147 -313.549
780.636 -312.751
782.125 -311.953
783.614 -311.155
785.103 -310.357
786.592 -309.56
788.082 -308.762
789.571 -307.965
791.061 -307.167
792.55 -306.37
794.04 -305.572
795.53 -304.775
797.02 -303.978
798.51 -303.181
800.001 -302.384
801.491 -301.587
802.982 -300.79
804.472 -299.993
805.963 -299.196
807.454 -298.4
808.945 -297.603
810.436 -296.806
811.927 -296.01
813.419 -295.214
814.91 -294.417
816.402 -293.621
817.894 -292.825
819.386 -292.029
820.878 -291.233
822.37 -290.438
823.862 -289.642
825.355 -288.846
826.847 -288.051
828.34 -287.255
829.833 -286.46
831.326 -285.665
832.819 -284.87
834.312 -284.075
835.806 -283.28
837.299 -282.485
838.793 -281.69
840.287 -280.895
841.781 -280.101
843.275 -279.307
844.77 -278.512
846.264 -277.718
847.759 -276.924
849.254 -276.13
850.749 -275.336
852.244 -274.542
853.739 -273.749
855.235 -272.955
856.731 -272.162
858.226 -271.369
859.723 -270.575
861.219 -269.782
862.715 -268.989
864.212 -268.197
865.709 -267.404
867.206 -266.611
868.703 -265.819
870.2 -265.027
871.698 -264.235
873.196 -263.443
874.694 -262.651
876.192 -261.859
877.69 -261.067
879.189 -260.276
880.688 -259.485
882.187 -258.694
883.686 -257.903
885.185 -257.112
886.685 -256.321
888.185 -255.53
889.685 -254.74
891.185 -253.95
892.686 -253.16
894.187 -252.37
895.688 -251.58
897.189 -250.79
898.69 -250.001
900.192 -249.211
901.694 -248.422
903.196 -247.633
904.699 -246.845
906.201 -246.056
907.704 -245.268
909.207 -244.479
910.711 -243.691
912.215 -242.903
913.719 -242.116
915.223 -241.328
916.728 -240.541
918.232 -239.754
919.737 -238.967
921.243 -238.18
922.749 -237.393
924.255 -236.607
925.761 -235.821
927.267 -235.035
928.774 -234.249
930.281 -233.464
931.789 -232.678
933.296 -231.893
934.805 -231.108
936.313 -230.324
937.822 -229.539
939.331 -228.755
940.84 -227.971
942.35 -227.187
943.86 -226.404
945.37 -225.62
946.881 -224.837
948.392 -224.054
949.903 -223.272
951.415 -222.489
952.927 -221.707
954.439 -220.926
955.952 -220.144
957.465 -219.363
958.979 -218.582
960.493 -217.801
962.007 -217.02
963.522 -216.24
965.037 -215.46
966.552 -214.681
968.068 -213.901
969.584 -213.122
971.101 -212.343
972.618 -211.565
974.135 -210.786
975.653 -210.009
977.172 -209.231
978.69 -208.454
980.21 -207.677
981.729 -206.9
983.249 -206.124
984.77 -205.348
986.291 -204.572
987.812 -203.796
989.334 -203.021
990.856 -202.247
992.379 -201.472
993.902 -200.698
995.426 -199.925
996.95 -199.151
998.475 -198.378
1000 -197.606
1001.53 -196.833
1003.05 -196.062
1004.58 -195.29
1006.11 -194.519
1007.63 -193.748
1009.16 -192.978
1010.69 -192.208
1012.22 -191.439
1013.75 -190.669
1015.28 -189.901
1016.81 -189.133
1018.34 -188.365
1019.88 -187.597
1021.41 -186.83
1022.94 -186.064
1024.48 -185.298
1026.01 -184.532
1027.55 -183.767
1029.08 -183.002
1030.62 -182.238
1032.15 -181.474
1033.69 -180.71
1035.23 -179.948
1036.77 -179.185
1038.31 -178.423
1039.85 -177.662
1041.39 -176.901
1042.93 -176.141
1044.47 -175.381
1046.02 -174.622
1047.56 -173.863
1049.11 -173.105
1050.65 -172.347
1052.2 -171.59
1053.74 -170.833
1055.29 -170.077
1056.84 -169.322
1058.39 -168.567
1059.94 -167.813
1061.49 -167.059
1063.04 -166.306
1064.59 -165.554
1066.14 -164.802
1067.69 -164.051
1069.25 -163.3
1070.8 -162.55
1072.36 -161.801
1073.92 -161.053
1075.47 -160.305
1077.03 -159.557
1078.59 -158.811
1080.15 -158.065
1081.71 -157.32
1083.27 -156.575
1084.84 -155.832
1086.4 -155.089
1087.96 -154.346
1089.53 -153.605
1091.1 -152.864
1092.66 -152.124
1094.23 -151.385
1095.8 -150.647
1097.37 -149.909
1098.94 -149.172
1100.51 -148.436
1102.09 -147.701
1103.66 -146.967
1105.24 -146.234
1106.81 -145.501
1108.39 -144.769
1109.97 -144.039
1111.55 -143.309
1113.13 -142.58
1114.71 -141.852
1116.29 -141.125
1117.87 -140.398
1119.46 -139.673
1121.04 -138.949
1122.63 -138.226
1124.22 -137.503
1125.81 -136.782
1127.4 -136.062
1128.99 -135.343
1130.58 -134.625
1132.18 -133.908
1133.77 -133.192
1135.37 -132.477
1136.97 -131.763
1138.57 -131.05
1140.17 -130.339
1141.77 -129.628
1143.37 -128.919
1144.98 -128.211
1146.58 -127.504
1148.19 -126.799
1149.8 -126.094
1151.41 -125.391
1153.02 -124.689
1154.63 -123.989
1156.24 -123.289
1157.86 -122.591
1159.47 -121.895
1161.09 -121.199
1162.71 -120.505
1164.33 -119.813
1165.95 -119.122
1167.58 -118.432
1169.2 -117.744
1170.83 -117.057
1172.46 -116.371
1174.09 -115.688
1175.72 -115.005
1177.35 -114.324
1178.98 -113.645
1180.62 -112.968
1182.26 -112.292
1183.9 -111.617
1185.54 -110.944
1187.18 -110.273
1188.82 -109.604
1190.47 -108.936
1192.12 -108.27
1193.77 -107.606
1195.42 -106.944
1197.07 -106.283
1198.73 -105.624
1200.38 -104.967
1202.04 -104.312
1203.7 -103.659
1205.36 -103.008
1207.02 -102.359
1208.69 -101.712
1210.36 -101.066
1212.02 -100.423
1213.7 -99.7821
1215.37 -99.143
1217.04 -98.5061
1218.72 -97.8713
1220.4 -97.2387
1222.08 -96.6084
1223.76 -95.9802
1225.44 -95.3543
1227.13 -94.7308
1228.82 -94.1095
1230.51 -93.4906
1232.2 -92.8741
1233.89 -92.26
1235.59 -91.6484
1237.29 -91.0393
1238.99 -90.4326
1240.69 -89.8286
1242.4 -89.2271
1244.1 -88.6282
1245.81 -88.032
1247.52 -87.4385
1249.23 -86.8477
1250.95 -86.2597
1252.67 -85.6744
1254.39 -85.092
1256.11 -84.5125
1257.83 -83.9358
1259.56 -83.3622
1261.29 -82.7915
1263.02 -82.2238
1264.75 -81.6592
1266.49 -81.0976
1268.22 -80.5393
1269.96 -79.9841
1271.7 -79.4321
1273.45 -78.8834
1275.19 -78.338
1276.94 -77.7959
1278.69 -77.2572
1280.45 -76.722
1282.2 -76.1902
1283.96 -75.662
1285.72 -75.1373
1287.49 -74.6162
1289.25 -74.0987
1291.02 -73.585
1292.79 -73.0749
1294.56 -72.5687
1296.33 -72.0663
1298.11 -71.5678
1299.89 -71.0732
1301.67 -70.5825
1303.46 -70.0959
1305.24 -69.6133
1307.03 -69.1349
1308.82 -68.6606
1310.62 -68.1905
1312.41 -67.7247
1314.21 -67.2632
1316.01 -66.806
1317.82 -66.3532
1319.62 -65.9049
1321.43 -65.4611
1323.24 -65.0218
1325.05 -65.4663
1326.86 -65.9153
1328.67 -66.3689
1330.47 -66.8269
1332.27 -67.2894
1334.07 -67.7563
1335.86 -68.2275
1337.66 -68.703
1339.45 -69.1827
1341.24 -69.6667
1343.02 -70.1547
1344.81 -70.6469
1346.59 -71.1431
1348.37 -71.6433
1350.14 -72.1474
1351.92 -72.6555
1353.69 -73.1674
1355.46 -73.6831
1357.23 -74.2026
1358.99 -74.7258
1360.75 -75.2527
1362.51 -75.7831
1364.27 -76.3172
1366.02 -76.8548
1367.78 -77.3959
1369.53 -77.9405
1371.28 -78.4884
1373.02 -79.0397
1374.76 -79.5944
1376.51 -80.1523
1378.24 -80.7134
1379.98 -81.2778
1381.71 -81.8453
1383.45 -82.4159
1385.18 -82.9896
1386.9 -83.5663
1388.63 -84.1461
1390.35 -84.7287
1392.07 -85.3143
1393.79 -85.9028
1395.51 -86.4942
1397.22 -87.0883
1398.93 -87.6852
1400.64 -88.2848
1402.35 -88.8872
1404.05 -89.4922
1405.76 -90.0998
1407.46 -89.4955
1409.16 -88.8938
1410.87 -88.2948
1412.58 -87.6984
1414.29 -87.1048
1416 -86.5138
1417.72 -85.9257
1419.44 -85.3404
1421.16 -84.7579
1422.88 -84.1783
1424.61 -83.6016
1426.33 -83.0279
1428.06 -82.4572
1429.79 -81.8895
1431.53 -81.3249
1433.26 -80.7635
1435 -80.2052
1436.74 -79.65
1438.48 -79.0982
1440.23 -78.5496
1441.98 -78.0043
1443.73 -77.4624
1445.48 -76.9239
1447.23 -76.3889
1448.99 -75.8573
1450.75 -75.3293
1452.51 -74.8049
1454.27 -74.2841
1456.04 -73.767
1457.81 -73.2536
1459.58 -72.7439
1461.35 -72.2381
1463.13 -71.7361
1464.91 -71.238
1466.69 -70.7439
1468.47 -70.2537
1470.25 -69.7676
1472.04 -69.2856
1473.83 -68.8077
1475.62 -68.334
1477.42 -67.8645
1479.22 -67.3994
1481.02 -66.9385
1482.82 -66.4821
1484.62 -66.03
1486.43 -65.5825
1488.24 -65.1395
1490.05 -64.701
1491.86 -64.2672
1493.68 -63.8381
1495.5 -63.4137
1497.32 -62.9941
1499.14 -62.5793
1500.97 -62.1695
1502.8 -61.7645
1504.63 -61.3645
1506.46 -60.9696
1508.29 -60.5798
1510.13 -60.1951
1511.97 -59.8156
1513.81 -59.4413
1515.66 -59.0724
1517.5 -58.7088
1519.35 -58.3505
1521.2 -57.9977
1523.05 -57.6505
1524.91 -57.3087
1526.77 -56.9726
1528.63 -56.6421
1530.49 -56.3173
1532.35 -55.9982
1534.22 -55.6849
1536.08 -55.3775
1537.95 -55.076
1539.82 -54.7803
1541.7 -54.4907
1543.57 -54.2071
1545.45 -53.9296
1547.33 -53.6582
1549.21 -53.3929
1551.09 -53.1339
1552.97 -52.8811
1554.86 -52.6347
1556.75 -52.3945
1558.64 -52.1607
1560.53 -51.9334
1562.42 -51.7125
1564.31 -51.4981
1566.21 -51.2903
1568.1 -51.089
1570 -50.8943
1571.9 -50.7063
1573.8 -50.525
1575.71 -50.3504
1577.61 -50.1825
1579.51 -50.0214
1581.42 -49.8671
1583.33 -49.7196
1585.23 -49.5791
1587.14 -49.4454
1589.05 -49.3186
1590.96 -49.1988
1592.87 -49.0859
1594.79 -48.9801
1596.7 -48.8812
1598.61 -48.7894
1600.53 -48.7046
1602.44 -48.6269
1604.36 -48.5563
1606.28 -48.4928
1608.19 -48.4363
1610.11 -48.3871
1612.03 -48.3449
1613.94 -48.3099
1615.86 -48.282
1617.78 -48.2613
1619.7 -48.2477
1621.62 -48.2413
1623.54 -48.2421
1625.45 -48.2501
1627.37 -48.2652
1629.29 -48.2875
1631.21 -48.3169
1633.13 -48.3535
1635.04 -48.3973
1636.96 -48.4482
1638.88 -48.5062
1640.8 -48.5714
1642.71 -48.6436
1644.63 -48.7229
1646.54 -48.8094
1648.46 -48.9028
1650.37 -49.0034
1652.28 -49.1109
1654.19 -49.2255
1656.1 -49.347
1658.01 -49.4756
1659.92 -49.611
1661.83 -49.7534
1663.74 -49.9026
1665.64 -50.0587
1667.55 -50.2217
1669.45 -50.3914
1671.36 -50.5679
1673.26 -50.7512
1675.16 -50.9412
1677.05 -51.1378
1678.95 -51.3411
1680.85 -51.5509
1682.74 -51.7674
1684.63 -51.9903
1686.53 -52.2198
1688.41 -52.4557
1690.3 -52.698
1692.19 -52.9467
1694.07 -53.2017
1695.96 -53.463
1697.84 -53.7305
1699.72 -54.0042
1701.59 -54.2841
1703.47 -54.5701
1705.34 -54.8621
1707.21 -55.1602
1709.08 -55.4642
1710.95 -55.7742
1712.82 -56.09
1714.68 -56.4116
1716.54 -56.739
1718.4 -57.0722
1720.26 -57.411
1722.11 -57.7555
1723.97 -58.1055
1725.82 -58.461
1727.67 -58.8221
1729.51 -59.1885
1731.36 -59.5604
1733.2 -59.9375
1735.04 -59.5661
1736.88 -59.2
1738.73 -58.8392
1740.58 -58.4838
1742.43 -58.1338
1744.28 -57.7893
1746.14 -57.4504
1747.99 -57.117
1749.85 -56.7893
1751.71 -56.4672
1753.58 -56.1509
1755.44 -55.8404
1757.31 -55.5357
1759.18 -55.2369
1761.05 -54.944
1762.92 -54.6571
1764.8 -54.3761
1766.67 -54.1013
1768.55 -53.8325
1770.43 -53.5699
1772.32 -53.3135
1774.2 -53.0633
1776.09 -52.8194
1777.97 -52.5819
1779.86 -52.3506
1781.75 -52.1258
1783.64 -51.9075
1785.54 -51.6956
1787.43 -51.4902
1789.33 -51.2913
1791.23 -51.0991
1793.12 -50.9135
1795.02 -50.7345
1796.93 -50.5623
1798.83 -50.3967
1800.73 -50.2379
1802.64 -50.0859
1804.54 -49.9407
1806.45 -49.8023
1808.36 -49.6708
1810.27 -49.5462
1812.18 -49.4286
1814.09 -49.3178
1816 -49.214
1817.91 -49.1172
1819.83 -49.0274
1821.74 -48.9446
1823.66 -48.8689
1825.57 -48.8002
1827.49 -48.7385
1829.4 -48.684
1831.32 -48.6365
1833.23 -48.5961
1835.15 -48.5628
1837.07 -48.5367
1838.99 -48.5176
1840.9 -48.5057
1842.82 -48.5009
1844.74 -48.5033
1846.66 -48.5128
1848.57 -48.5294
1850.49 -48.5531
1852.41 -48.584
1854.32 -48.622
1856.24 -48.6671
1858.16 -48.7192
1860.07 -48.7785
1861.99 -48.8449
1863.9 -48.9183
1865.82 -48.9988
1867.73 -49.0863
1869.64 -49.1809
1871.56 -49.2824
1873.47 -49.391
1875.38 -49.5065
1877.29 -49.6289
1879.2 -49.7583
1881.1 -49.8946
1883.01 -50.0377
1884.92 -50.1877
1886.82 -50.3445
1888.73 -50.5081
1890.63 -50.6785
1892.53 -50.8556
1894.43 -51.0394
1896.33 -51.2299
1898.23 -51.427
1900.12 -51.6307
1902.02 -51.841
1903.91 -52.0578
1905.8 -52.2811
1907.69 -52.5108
1909.58 -52.747
1911.47 -52.9895
1913.35 -53.2384
1915.23 -53.4935
1917.12 -53.7549
1919 -54.0225
1920.87 -54.2962
1922.75 -54.5761
1924.62 -54.8621
1926.5 -55.154
1928.37 -55.452
1930.24 -55.7559
1932.1 -56.0656
1933.97 -56.3813
1935.83 -56.7027
1937.69 -57.0298
1939.55 -57.3626
1941.41 -57.7011
1943.26 -58.0452
1945.11 -58.3949
1946.96 -58.75
1948.81 -59.1106
1950.66 -59.4766
1952.5 -59.8479
1954.34 -60.2245
1956.18 -60.6064
1958.02 -60.9935
1959.85 -61.3857
1961.68 -61.783
1963.51 -62.1853
1965.34 -62.5927
1967.16 -63.005
1968.99 -63.4221
1970.81 -63.8442
1972.63 -64.271
1974.44 -64.7025
1976.26 -65.1388
1978.07 -65.5796
1979.87 -66.0251
1981.68 -66.4751
1983.48 -66.9296
1985.29 -67.3885
1987.08 -67.8518
1988.88 -68.3195
1990.68 -68.7914
1992.47 -69.2676
1994.26 -69.748
1996.04 -70.2325
1997.83 -70.7211
1999.61 -71.2138
2001.39 -71.7104
2003.17 -72.211
2004.94 -72.7156
2006.72 -73.224
2008.49 -73.7362
2010.25 -74.2521
2012.02 -74.7718
2013.78 -75.2952
2015.54 -75.8222
2017.3 -76.3527
2019.06 -76.8869
2020.81 -77.4245
2022.56 -77.9656
2024.31 -78.5101
2026.06 -79.0579
2027.8 -79.6091
2029.54 -80.1636
2031.28 -80.7214
2033.02 -81.2823
2034.76 -81.8464
2036.49 -82.4136
2038.22 -82.9839
2039.95 -83.5573
2041.67 -84.1336
2043.4 -84.7129
2045.12 -85.2952
2046.84 -85.8803
2048.56 -86.4683
2050.27 -87.0591
2051.98 -87.6527
2053.69 -88.2491
2055.4 -88.8481
2057.11 -89.4498
2058.81 -90.0542
2060.52 -90.6611
2062.22 -91.2707
2063.91 -91.8827
2065.61 -92.4973
2067.3 -93.1143
2068.99 -93.7338
2070.68 -94.3557
2072.37 -94.9799
2074.06 -95.6065
2075.74 -96.2354
2077.42 -96.8666
2079.1 -97.5
2080.78 -98.1356
2082.46 -98.7735
2084.13 -99.4135
2085.8 -100.056
2087.47 -100.7
2089.14 -101.346
2090.81 -101.995
2092.47 -102.645
2094.13 -103.297
2095.79 -103.952
2097.45 -104.608
2099.11 -105.266
2100.77 -105.926
2102.42 -106.588
2104.07 -107.252
2105.72 -107.918
2107.37 -108.585
2109.02 -109.254
2110.66 -109.925
2112.31 -110.598
2113.95 -111.272
2115.59 -111.948
2117.23 -112.626
2118.86 -113.305
2120.5 -113.986
2122.13 -114.669
2123.76 -115.353
2125.39 -116.038
2127.02 -116.726
2128.65 -117.414
2130.27 -118.104
2131.9 -118.796
2133.52 -119.489
2135.14 -120.184
2136.76 -120.879
2138.38 -121.577
2140 -122.275
2141.61 -122.975
2143.23 -123.677
2144.84 -124.379
2146.45 -125.083
2148.06 -125.789
2149.67 -126.495
2151.27 -127.203
2152.88 -127.912
2154.48 -128.622
2156.09 -129.333
2157.69 -130.046
2159.29 -130.76
2160.89 -131.475
2162.49 -132.191
2164.08 -132.908
2165.68 -133.626
2167.27 -134.346
2168.86 -135.066
2170.46 -135.788
2172.05 -136.51
2173.64 -137.234
2175.22 -137.959
2176.81 -138.684
2178.4 -139.411
2179.98 -140.139
2181.56 -140.867
2183.15 -141.597
2184.73 -142.327
2186.31 -143.059
2187.89 -143.791
2189.46 -144.525
2191.04 -145.259
2192.62 -145.994
2194.19 -146.73
2195.77 -147.467
2197.34 -148.204
2198.91 -148.943
2200.48 -149.682
2202.05 -150.422
2203.62 -151.163
2205.19 -151.905
2206.75 -152.648
2208.32 -153.391
2209.88 -154.135
2211.45 -154.88
2213.01 -155.626
2214.57 -156.372
2216.13 -157.119
2217.69 -157.867
2219.25 -158.616
2220.81 -159.365
2222.37 -160.115
2223.93 -160.866
2225.48 -161.617
2227.04 -162.369
2228.59 -163.121
2230.15 -163.875
2231.7 -164.629
2233.25 -165.383
2234.8 -166.138
2236.35 -166.894
2237.9 -167.651
2239.45 -168.408
2241 -169.165
2242.54 -169.924
2244.09 -170.682
2245.64 -171.442
2247.18 -172.202
2248.72 -172.962
2250.27 -173.723
2251.81 -174.485
2253.35 -175.247
2254.89 -176.01
2256.43 -176.773
2257.97 -177.537
2259.51 -178.301
2261.05 -179.066
2262.59 -179.831
2264.13 -180.597
2265.66 -181.363
2267.2 -182.13
2268.74 -182.897
2270.27 -183.664
2271.8 -184.433
2273.34 -185.201
2274.87 -185.97
2276.4 -186.74
2277.94 -187.51
2279.47 -188.28
2281 -189.051
2282.53 -189.822
2284.06 -190.594
2285.59 -191.366
2287.11 -192.138
2288.64 -192.911
2290.17 -193.684
2291.7 -194.458
2293.22 -195.232
2294.75 -196.006
2296.27 -196.781
2297.8 -197.556
2299.32 -198.332
2300.84 -199.108
2302.37 -199.884
2303.89 -200.661
2305.41 -201.438
2306.93 -202.215
2308.45 -202.993
2309.97 -203.771
2311.5 -204.549
2313.01 -205.328
2314.53 -206.107
2316.05 -206.886
2317.57 -207.666
2319.09 -208.446
2320.61 -209.226
2322.12 -210.007
2323.64 -210.788
2325.16 -211.569
2326.67 -212.351
2328.19 -213.133
2329.7 -213.915
2331.22 -214.697
2332.73 -215.48
2334.25 -216.263
2335.76 -217.046
2337.27 -217.829
2338.78 -218.613
2340.3 -219.397
2341.81 -220.182
2343.32 -220.966
2344.83 -221.751
2346.34 -222.536
2347.85 -223.322
2349.36 -224.107
2350.87 -224.893
2352.38 -225.679
2353.89 -226.466
2355.4 -227.252
2356.91 -228.039
2358.41 -228.826
2359.92 -229.613
2361.43 -230.401
2362.94 -231.188
2364.44 -231.976
2365.95 -232.765
2367.46 -233.553
2368.96 -234.342
2370.47 -235.13
2371.97 -235.919
2373.48 -236.709
2374.98 -237.498
2376.49 -238.288
2377.99 -239.077
2379.49 -239.867
2381 -240.658
2382.5 -241.448
2384 -242.239
2385.5 -243.029
2387.01 -243.82
2388.51 -244.611
2390.01 -245.403
2391.51 -246.194
2393.01 -246.986
2394.51 -247.778
2396.01 -248.57
2397.52 -249.362
2399.02 -250.154
2400.52 -250.947
2402.02 -251.74
2403.51 -252.532
2405.01 -253.325
2406.51 -254.119
2408.01 -254.912
2409.51 -255.705
2411.01 -256.499
2412.51 -257.293
2414 -258.087
2415.5 -258.881
2417 -259.675
2418.5 -260.47
2419.99 -261.264
2421.49 -262.059
2422.99 -262.854
2424.48 -263.649
2425.98 -264.444
2427.48 -265.239
2428.97 -266.034
2430.47 -266.83
2431.96 -267.625
2433.46 -268.421
2434.95 -269.217
2436.45 -270.013
2437.94 -270.809
2439.44 -271.605
2440.93 -272.402
2442.43 -273.198
2443.92 -273.995
2445.41 -274.791
2446.91 -275.588
2448.4 -276.385
2449.89 -277.182
2451.39 -277.979
2452.88 -278.777
2454.37 -279.574
2455.87 -280.371
2457.36 -281.169
2458.85 -281.967
2460.34 -282.765
2461.84 -283.563
2463.33 -284.361
2464.82 -285.159
2466.31 -285.957
2467.8 -286.755
2469.29 -287.554
2470.78 -288.352
2472.28 -289.151
2473.77 -289.949
2475.26 -290.748
2476.75 -291.547
2478.24 -292.346
2479.73 -293.145
2481.22 -293.944
2482.71 -294.744
2484.2 -295.543
2485.69 -296.342
2487.18 -297.142
2488.67 -297.941
2490.16 -298.741
2491.65 -299.541
2493.14 -300.341
2494.62 -301.14
2496.11 -301.94
2497.6 -302.741
2499.09 -303.541
2500.58 -304.341
2502.07 -305.141
2503.56 -305.941
2505.04 -306.742
2506.53 -307.542
2508.02 -308.343
2509.51 -309.144
2511 -309.944
2512.48 -310.745
2513.97 -311.546
2515.46 -312.347
2516.95 -313.148
2518.43 -313.949
2519.92 -314.75
2521.41 -315.551
2522.89 -316.353
2524.38 -317.154
2525.87 -317.955
2527.35 -318.757
2528.84 -319.558
2530.33 -320.36
2531.81 -321.161
2533.3 -321.963
2534.79 -322.765
2536.27 -323.567
2537.76 -324.369
2539.25 -325.171
2540.73 -325.972
2542.22 -326.775
2543.7 -327.577
2545.19 -328.379
2546.67 -329.181
2548.16 -329.983
2549.65 -330.785
2551.13 -331.588
2552.62 -332.39
2554.1 -333.193
2555.59 -333.995
2557.07 -334.798
2558.56 -335.6
2560.04 -336.403
2561.53 -337.206
2563.01 -338.008
2564.49 -338.811
2565.98 -339.614
2567.46 -340.417
2568.95 -341.22
2570.43 -342.023
2571.92 -342.826
2573.4 -343.629
2574.89 -344.432
2576.37 -345.235
2577.85 -346.038
2579.34 -346.841
2580.82 -347.645
2582.31 -348.448
2583.79 -349.251
2585.27 -350.055
2586.76 -350.858
2588.24 -351.662
2589.72 -352.465
2591.21 -353.269
2592.69 -354.072
2594.17 -354.876
2595.66 -355.679
2597.14 -356.483
2598.62 -357.287
2600.11 -358.091
2601.59 -358.894
2603.07 -359.698
2604.56 -360.502
2606.04 -361.306
2607.52 -362.11
2609 -362.914
2610.49 -363.718
2611.97 -364.522
2613.45 -365.326
2614.94 -366.13
2616.42 -366.934
2617.9 -367.738
2619.38 -368.542
2620.87 -369.347
2622.35 -370.151
2623.83 -370.955
2625.31 -371.759
2626.8 -372.564
2628.28 -373.368
2629.76 -374.172
2631.24 -374.977
2632.72 -375.781
2634.21 -376.586
2635.69 -377.39
2637.17 -378.195
2638.65 -378.999
2640.13 -379.804
2641.62 -380.608
2643.1 -381.413
2644.58 -382.218
2646.06 -383.022
2647.54 -383.827
2649.02 -384.632
2650.51 -385.437
2651.99 -386.241
2653.47 -387.046
2654.95 -387.851
2656.43 -388.656
2657.91 -389.461
2659.4 -390.265
2660.88 -391.07
2662.36 -391.875
2663.84 -392.68
2665.32 -393.485
2666.8 -394.29
2668.28 -395.095
2669.76 -395.9
2671.25 -396.705
2672.73 -397.51
2674.21 -398.315
2675.69 -399.121
2677.17 -399.926
2678.65 -400.731
2680.13 -401.536
2681.61 -402.341
2683.09 -403.146
2684.57 -403.952
2686.06 -404.757
2687.54 -405.562
2689.02 -406.367
2690.5 -407.173
2691.98 -407.978
2693.46 -408.783
2694.94 -409.589
2696.42 -410.394
2697.9 -411.2
2699.38 -412.005
2700.86 -412.81
2702.34 -413.616
2703.82 -414.421
2705.3 -415.227
2706.79 -416.032
2708.27 -416.838
2709.75 -417.643
2711.23 -418.449
2712.71 -419.254
2714.19 -420.06
2715.67 -420.865
2717.15 -421.671
2718.63 -422.476
2720.11 -423.282
2721.59 -424.088
2723.07 -424.893
2724.55 -425.699
2726.03 -426.505
2727.51 -427.31
2728.99 -428.116
2730.47 -428.922
2731.95 -429.727
2733.43 -430.533
2734.91 -431.339
2736.39 -432.145
2737.87 -432.95
2739.35 -433.756
2740.83 -434.562
2742.31 -435.368
2743.79 -436.174
2745.27 -436.979
2746.75 -437.785
2748.23 -438.591
2749.71 -439.397
2751.19 -440.203
2752.67 -441.009
2754.15 -441.815
2755.63 -442.621
2757.11 -443.427
2758.59 -444.232
2760.07 -445.038
2761.55 -445.844
2763.03 -446.65
2764.51 -447.456
2765.99 -448.262
2767.47 -449.068
2768.95 -449.874
2770.43 -450.68
2771.91 -451.486
2773.39 -452.292
2774.87 -453.098
2776.35 -453.904
2777.83 -454.71
2779.31 -455.517
2780.79 -456.323
2782.26 -457.129
2783.74 -457.935
2785.22 -458.741
2786.7 -459.547
2788.18 -460.353
2789.66 -461.159
2791.14 -461.965
2792.62 -462.771
2794.1 -463.578
2795.58 -464.384
2797.06 -465.19
2798.54 -465.996
2800.02 -466.802
2801.5 -467.608
2802.98 -468.415
2804.46 -469.221
2805.94 -470.027
2807.42 -470.833
2808.9 -471.639
2810.37 -472.446
2811.85 -473.252
2813.33 -474.058
2814.81 -474.864
2816.29 -475.671
2817.77 -476.477
2819.25 -477.283
2820.73 -478.09
2822.21 -478.896
2823.69 -479.702
2825.17 -480.508
2826.65 -481.315
2828.13 -482.121
2829.6 -482.927
2831.08 -483.734
2832.56 -484.54
2834.04 -485.346
2835.52 -486.153
2837 -486.959
2838.48 -487.765
2839.96 -488.572
2841.44 -489.378
2842.92 -490.184
2844.4 -490.991
2845.88 -491.797
2847.35 -492.603
2848.83 -493.41
2850.31 -494.216
2851.79 -495.023
2853.27 -495.829
2854.75 -496.635
2856.23 -497.442
2857.71 -498.248
2859.19 -499.055
2860.67 -499.861
2862.14 -500.668
2863.62 -501.474
2865.1 -502.28
2866.58 -503.087
2868.06 -503.893
2869.54 -504.7
2871.02 -505.506
2872.5 -506.313
2873.98 -507.119
2875.46 -507.926
2876.93 -508.732
2878.41 -509.539
2879.89 -510.345
2881.37 -511.152
2882.85 -511.958
2884.33 -512.765
2885.81 -513.571
2887.29 -514.378
2888.77 -515.184
2890.25 -515.991
2891.72 -516.797
2893.2 -517.604
2894.68 -518.41
2896.16 -519.217
2897.64 -520.023
2899.12 -520.83
2900.6 -521.636
2902.08 -522.443
2903.56 -523.249
2905.03 -524.056
2906.51 -524.862
2907.99 -525.669
2909.47 -526.476
2910.95 -527.282
2912.43 -528.089
2913.91 -528.895
2915.39 -529.702
2916.86 -530.508
2918.34 -531.315
2919.82 -532.122
2921.3 -532.928
2922.78 -533.735
2924.26 -534.541
2925.74 -535.348
2927.22 -536.154
2928.69 -536.961
2930.17 -537.768
2931.65 -538.574
2933.13 -539.381
2934.61 -540.187
2936.09 -540.994
2937.57 -541.801
2939.05 -542.607
2940.52 -543.414
2942 -544.221
2943.48 -545.027
2944.96 -545.834
2946.44 -546.641
2947.92 -547.447
2949.4 -548.254
2950.88 -549.06
2952.35 -549.867
2953.83 -550.674
2955.31 -551.48
2956.79 -552.287
2958.27 -553.094
2959.75 -553.9
2961.23 -554.707
2962.71 -555.514
2964.18 -556.32
2965.66 -557.127
2967.14 -557.933
2968.62 -558.74
2970.1 -559.547
2971.58 -560.353
2973.06 -561.16
2974.54 -561.967
2976.01 -562.773
2977.49 -563.58
2978.97 -564.387
2980.45 -565.194
2981.93 -566
2983.41 -566.807
2984.89 -567.614
2986.37 -568.42
2987.84 -569.227
2989.32 -570.034
2990.8 -570.84
2992.28 -571.647
2993.76 -572.454
2995.24 -573.261
2996.72 -574.067
2998.19 -574.874
2999.67 -575.681
3001.15 -576.487
3002.63 -577.294
3004.11 -578.101
3005.59 -578.907
3007.06 -579.714
3008.54 -580.521
3010.02 -581.328
3011.5 -582.134
3012.98 -582.941
3014.46 -583.748
3015.94 -584.554
3017.41 -585.361
3018.89 -586.168
3020.37 -586.974
3021.85 -587.781
3023.33 -588.588
3024.81 -589.395
3026.29 -590.201
3027.76 -591.008
3029.24 -591.815
3030.72 -592.621
3032.2 -593.428
3033.68 -594.235
3035.16 -595.042
3036.64 -595.849
3038.11 -596.655
3039.59 -597.462
3041.07 -598.269
3042.55 -599.076
3044.03 -599.882
3045.51 -600.689
3046.98 -601.496
3048.46 -602.303
3049.94 -603.109
3051.42 -603.916
3052.9 -604.723
3054.38 -605.53
3055.86 -606.336
3057.33 -607.143
3058.81 -607.95
3060.29 -608.757
3061.77 -609.563
3063.25 -610.37
3064.73 -611.177
3066.21 -611.984
3067.68 -612.791
3069.16 -613.597
3070.64 -614.404
3072.12 -615.211
3073.6 -616.018
3075.08 -616.824
3076.56 -617.631
3078.03 -618.438
3079.51 -619.245
3080.99 -620.051
3082.47 -620.858
3083.95 -621.665
3085.43 -622.472
3086.9 -623.278
3088.38 -624.085
3089.86 -624.892
3091.34 -625.699
3092.82 -626.505
3094.3 -627.312
3095.78 -628.119
3097.25 -628.926
3098.73 -629.733
3100.21 -630.539
3101.69 -631.346
3103.17 -632.153
3104.65 -632.96
3106.13 -633.766
3107.6 -634.573
3109.08 -635.38
3110.56 -636.187
3112.04 -636.993
3113.52 -637.8
3115 -638.607
3116.48 -639.414
3117.95 -640.22
3119.43 -641.027
3120.91 -641.834
3122.39 -642.641
3123.87 -643.448
3125.35 -644.254
3126.82 -645.061
3128.3 -645.868
3129.78 -646.675
3131.26 -647.482
3132.74 -648.288
3134.22 -649.095
3135.7 -649.902
3137.17 -650.709
3138.65 -651.516
3140.13 -652.323
3141.61 -653.129
3143.09 -653.936
3144.57 -654.743
3146.05 -655.55
3147.52 -656.357
3149 -657.163
3150.48 -657.97
3151.96 -658.777
3153.44 -659.584
3154.92 -660.391
3156.4 -661.198
3157.87 -662.004
3159.35 -662.811
3160.83 -663.618
3162.31 -664.425
3163.79 -665.232
3165.27 -666.039
3166.74 -666.845
3168.22 -667.652
3169.7 -668.459
3171.18 -669.266
3172.66 -670.073
3174.14 -670.879
3175.62 -671.686
3177.09 -672.493
3178.57 -673.3
3180.05 -674.107
3181.53 -674.914
3183.01 -675.72
3184.49 -676.527
3185.97 -677.334
3187.44 -678.141
3188.92 -678.948
3190.4 -679.755
3191.88 -680.561
3193.36 -681.368
3194.84 -682.175
3196.31 -682.982
3197.79 -683.789
3199.27 -684.595
3200.75 -685.402
3202.23 -686.209
3203.71 -687.016
3205.19 -687.823
3206.66 -688.63
3208.14 -689.436
3209.62 -690.243
3211.1 -691.05
3212.58 -691.857
3214.06 -692.664
3215.54 -693.471
3217.01 -694.277
3218.49 -695.084
3219.97 -695.891
3221.45 -696.698
3222.93 -697.505
3224.41 -698.311
3225.89 -699.118
3227.36 -699.925
3228.84 -700.732
3230.32 -701.539
3231.8 -702.346
3233.28 -703.152
3234.76 -703.959
3236.23 -704.766
3237.71 -705.573
3239.19 -706.38
3240.67 -707.187
3242.15 -707.993
3243.63 -708.8
3245.11 -709.607
3246.58 -710.414
3248.06 -711.221
3249.54 -712.027
3251.02 -712.834
3252.5 -713.641
3253.98 -714.448
3255.46 -715.255
3256.93 -716.062
3258.41 -716.868
3259.89 -717.675
3261.37 -718.482
3262.85 -719.289
3264.33 -720.096
3265.81 -720.903
3267.28 -721.709
3268.76 -722.516
3270.24 -723.323
3271.72 -724.13
3273.2 -724.937
3274.68 -725.743
3276.15 -726.55
3277.63 -727.357
3279.11 -728.164
3280.59 -728.971
3282.07 -729.778
3283.55 -730.584
3285.03 -731.391
3286.5 -732.198
3287.98 -733.005
3289.46 -733.812
3290.94 -734.619
3292.42 -735.425
3293.9 -736.232
3295.38 -737.039
3296.85 -737.846
3298.33 -738.653
3299.81 -739.459
3301.29 -740.266
3302.77 -741.073
3304.25 -741.88
3305.73 -742.687
3307.2 -743.494
3308.68 -744.3
3310.16 -745.107
3311.64 -745.914
3313.12 -746.721
3314.6 -747.528
3316.07 -748.335
3317.55 -749.141
3319.03 -749.948
3320.51 -750.755
3321.99 -751.562
3323.47 -752.369
3324.95 -753.175
3326.42 -753.982
3327.9 -754.789
3329.38 -755.596
3330.86 -756.403
3332.34 -757.21
3333.82 -758.016
3335.3 -758.823
3336.77 -759.63
3338.25 -760.437
3339.73 -761.244
3341.21 -762.051
3342.69 -762.857
3344.17 -763.664
3345.65 -764.471
3347.12 -765.278
3348.6 -766.085
3350.08 -766.891
3351.56 -767.698
3353.04 -768.505
3354.52 -769.312
3355.99 -770.119
3357.47 -770.926
3358.95 -771.732
3360.43 -772.539
3361.91 -773.346
3363.39 -774.153
3364.87 -774.96
3366.34 -775.767
3367.82 -776.573
3369.3 -777.38
3370.78 -778.187
3372.26 -778.994
3373.74 -779.801
3375.22 -780.607
3376.69 -781.414
3378.17 -782.221
3379.65 -783.028
3381.13 -783.835
3382.61 -784.642
3384.09 -785.448
3385.56 -786.255
3387.04 -787.062
3388.52 -787.869
3390 -788.676
3391.48 -789.483
3392.96 -790.289
3394.44 -791.096
3395.91 -791.903
3397.39 -792.71
3398.87 -793.517
3400.35 -794.323
3401.83 -795.13
3403.31 -795.937
3404.79 -796.744
3406.26 -797.551
3407.74 -798.358
