250 -600
251.507 -599.248
253.015 -598.497
254.522 -597.745
256.029 -596.994
257.537 -596.242
259.044 -595.491
260.551 -594.739
262.059 -593.988
263.566 -593.236
265.074 -592.485
266.581 -591.733
268.088 -590.982
269.596 -590.23
271.103 -589.479
272.611 -588.727
274.118 -587.976
275.625 -587.224
277.133 -586.473
278.64 -585.721
280.147 -584.969
281.655 -584.218
283.162 -583.466
284.67 -582.715
286.177 -581.963
287.684 -581.212
289.192 -580.46
290.699 -579.709
292.207 -578.957
293.714 -578.206
295.221 -577.454
296.729 -576.703
298.236 -575.951
299.744 -575.2
301.251 -574.448
302.759 -573.697
304.266 -572.945
305.773 -572.194
307.281 -571.443
308.788 -570.691
310.296 -569.94
311.803 -569.188
313.311 -568.437
314.818 -567.685
316.326 -566.934
317.833 -566.182
319.34 -565.431
320.848 -564.679
322.355 -563.928
323.863 -563.176
325.37 -562.425
326.878 -561.674
328.385 -560.922
329.893 -560.171
331.4 -559.419
332.908 -558.668
334.415 -557.916
335.923 -557.165
337.43 -556.413
338.938 -555.662
340.445 -554.91
341.953 -554.159
343.46 -553.408
344.968 -552.656
346.475 -551.905
347.983 -551.153
349.49 -550.402
350.998 -549.651
352.505 -548.899
354.013 -548.148
355.52 -547.396
357.028 -546.645
358.535 -545.894
360.043 -545.142
361.55 -544.391
363.058 -543.639
364.565 -542.888
366.073 -542.137
367.581 -541.385
369.088 -540.634
370.596 -539.882
372.103 -539.131
373.611 -538.38
375.118 -537.628
376.626 -536.877
378.134 -536.126
379.641 -535.374
381.149 -534.623
382.656 -533.872
384.164 -533.12
385.672 -532.369
387.179 -531.617
388.687 -530.866
390.194 -530.115
391.702 -529.363
393.21 -528.612
394.717 -527.861
396.225 -527.109
397.733 -526.358
399.24 -525.607
400.748 -524.855
402.256 -524.104
403.763 -523.353
405.271 -522.602
406.779 -521.85
408.286 -521.099
409.794 -520.348
411.302 -519.596
412.809 -518.845
414.317 -518.094
415.825 -517.343
417.332 -516.591
418.84 -515.84
420.348 -515.089
421.856 -514.337
423.363 -513.586
424.871 -512.835
426.379 -512.084
427.887 -511.332
429.394 -510.581
430.902 -509.83
432.41 -509.079
433.918 -508.328
435.425 -507.576
436.933 -506.825
438.441 -506.074
439.949 -505.323
441.457 -504.572
442.964 -503.82
444.472 -503.069
445.98 -502.318
447.488 -501.567
448.996 -500.816
450.504 -500.064
452.011 -499.313
453.519 -498.562
455.027 -497.811
456.535 -497.06
458.043 -496.309
459.551 -495.558
461.059 -494.806
462.566 -494.055
464.074 -493.304
465.582 -492.553
467.09 -491.802
468.598 -491.051
470.106 -490.3
471.614 -489.549
473.122 -488.798
474.63 -488.046
476.138 -487.295
477.646 -486.544
479.154 -485.793
480.662 -485.042
482.17 -484.291
483.678 -483.54
485.186 -482.789
486.694 -482.038
488.202 -481.287
489.71 -480.536
491.218 -479.785
492.726 -479.034
494.234 -478.283
495.742 -477.532
497.25 -476.781
498.759 -476.03
500.267 -475.279
501.775 -474.528
503.283 -473.777
504.791 -473.026
506.299 -472.275
507.807 -471.524
509.316 -470.773
510.824 -470.023
512.332 -469.272
513.84 -468.521
515.348 -467.77
516.857 -467.019
518.365 -466.268
519.873 -465.517
521.381 -464.766
522.89 -464.016
524.398 -463.265
525.906 -462.514
527.415 -461.763
528.923 -461.012
530.431 -460.261
531.94 -459.511
533.448 -458.76
534.956 -458.009
536.465 -457.258
537.973 -456.508
539.481 -455.757
540.99 -455.006
542.498 -454.255
544.007 -453.505
545.515 -452.754
547.024 -452.003
548.532 -451.253
550.041 -450.502
551.549 -449.751
553.058 -449.001
554.566 -448.25
556.075 -447.499
557.583 -446.749
559.092 -445.998
560.601 -445.248
562.109 -444.497
563.618 -443.746
565.126 -442.996
566.635 -442.245
568.144 -441.495
569.652 -440.744
571.161 -439.994
572.67 -439.243
574.179 -438.493
575.687 -437.742
577.196 -436.992
578.705 -436.241
580.214 -435.491
581.723 -434.74
583.231 -433.99
584.74 -433.24
586.249 -432.489
587.758 -431.739
589.267 -430.988
590.776 -430.238
592.285 -429.488
593.794 -428.737
595.303 -427.987
596.812 -427.237
598.321 -426.486
599.83 -425.736
601.339 -424.986
602.848 -424.236
604.357 -423.486
605.866 -422.735
607.375 -421.985
608.884 -421.235
610.394 -420.485
611.903 -419.735
613.412 -418.984
614.921 -418.234
616.43 -417.484
617.94 -416.734
619.449 -415.984
620.958 -415.234
622.468 -414.484
623.977 -413.734
625.487 -412.984
626.996 -412.234
628.505 -411.484
630.015 -410.734
631.524 -409.984
633.034 -409.234
634.543 -408.484
636.053 -407.735
637.563 -406.985
639.072 -406.235
640.582 -405.485
642.092 -404.735
643.601 -403.986
645.111 -403.236
646.621 -402.486
648.13 -401.736
649.64 -400.987
651.15 -400.237
652.66 -399.487
654.17 -398.738
655.68 -397.988
657.19 -397.239
658.7 -396.489
660.21 -395.74
661.72 -394.99
663.23 -394.241
664.74 -393.491
666.25 -392.742
667.76 -391.992
669.27 -391.243
670.781 -390.493
672.291 -389.744
673.801 -388.995
675.311 -388.245
676.822 -387.496
678.332 -386.747
679.843 -385.998
681.353 -385.249
682.863 -384.499
684.374 -383.75
685.885 -383.001
687.395 -382.252
688.906 -381.503
690.416 -380.754
691.927 -380.005
693.438 -379.256
694.949 -378.507
696.459 -377.758
697.97 -377.009
699.481 -376.26
700.992 -375.511
702.503 -374.763
704.014 -374.014
705.525 -373.265
707.036 -372.516
708.547 -371.768
710.059 -371.019
711.57 -370.27
713.081 -369.522
714.592 -368.773
716.104 -368.025
717.615 -367.276
719.126 -366.528
720.638 -365.779
722.149 -365.031
723.661 -364.283
725.173 -363.534
726.684 -362.786
728.196 -362.038
729.708 -361.29
731.22 -360.542
732.731 -359.793
734.243 -359.045
735.755 -358.297
737.267 -357.549
738.779 -356.801
740.291 -356.053
741.804 -355.305
743.316 -354.558
744.828 -353.81
746.34 -353.062
747.853 -352.314
749.365 -351.566
750.878 -350.819
752.39 -350.071
753.903 -349.324
755.415 -348.576
756.928 -347.829
758.441 -347.081
759.954 -346.334
761.466 -345.587
762.979 -344.839
764.492 -344.092
766.005 -343.345
767.519 -342.598
769.032 -341.85
770.545 -341.103
772.058 -340.356
773.572 -339.609
775.085 -338.863
776.599 -338.116
778.112 -337.369
779.626 -336.622
781.139 -335.875
782.653 -335.129
784.167 -334.382
785.681 -333.636
787.195 -332.889
788.709 -332.143
790.223 -331.396
791.737 -330.65
793.252 -329.904
794.766 -329.157
796.28 -328.411
797.795 -327.665
799.31 -326.919
800.824 -326.173
802.339 -325.427
803.854 -324.681
805.369 -323.936
806.884 -323.19
808.399 -322.444
809.914 -321.699
811.429 -320.953
812.944 -320.208
814.46 -319.462
815.975 -318.717
817.491 -317.972
819.006 -317.226
820.522 -316.481
822.038 -315.736
823.554 -314.991
825.07 -314.246
826.586 -313.501
828.102 -312.757
829.619 -312.012
831.135 -311.267
832.651 -310.523
834.168 -309.778
835.685 -309.034
837.202 -308.289
838.718 -307.545
840.235 -306.801
841.753 -306.057
843.27 -305.313
844.787 -304.569
846.304 -303.825
847.822 -303.081
849.34 -302.338
850.857 -301.594
852.375 -300.851
853.893 -300.107
855.411 -299.364
856.929 -298.621
858.448 -297.877
859.966 -297.134
861.485 -296.391
863.003 -295.648
864.522 -294.906
866.041 -294.163
867.56 -293.42
869.079 -292.678
870.599 -291.935
872.118 -291.193
873.638 -290.451
875.157 -289.709
876.677 -288.967
878.197 -288.225
879.717 -287.483
881.237 -286.741
882.757 -286
884.278 -285.258
885.799 -284.517
887.319 -283.776
888.84 -283.035
890.361 -282.294
891.882 -281.553
893.404 -280.812
894.925 -280.071
896.447 -279.331
897.969 -278.59
899.49 -277.85
901.013 -277.11
902.535 -276.37
904.057 -275.63
905.58 -274.89
907.102 -274.15
908.625 -273.41
910.148 -272.671
911.672 -271.932
913.195 -271.192
914.719 -270.453
916.242 -269.715
917.766 -268.976
919.29 -268.237
920.815 -267.499
922.339 -266.76
923.864 -266.022
925.388 -265.284
926.913 -264.546
928.438 -263.808
929.964 -263.071
931.489 -262.333
933.015 -261.596
934.541 -260.859
936.067 -260.122
937.593 -259.385
939.12 -258.648
940.647 -257.911
942.174 -257.175
943.701 -256.439
945.228 -255.703
946.756 -254.967
948.283 -254.231
949.811 -253.496
951.34 -252.76
952.868 -252.025
954.397 -251.29
955.925 -250.555
957.455 -249.821
958.984 -249.086
960.513 -248.352
962.043 -247.618
963.573 -246.884
965.104 -246.15
966.634 -245.417
968.165 -244.683
969.696 -243.95
971.227 -243.217
972.759 -242.484
974.29 -241.752
975.822 -241.02
977.355 -240.288
978.887 -239.556
980.42 -238.824
981.953 -238.092
983.486 -237.361
985.02 -236.63
986.554 -235.899
988.088 -235.169
989.622 -234.438
991.157 -233.708
992.692 -232.978
994.227 -232.249
995.763 -231.519
997.299 -230.79
998.835 -230.061
1000.37 -229.333
1001.91 -228.604
1003.45 -227.876
1004.98 -227.148
1006.52 -226.42
1008.06 -225.693
1009.6 -224.966
1011.14 -224.239
1012.67 -223.512
1014.21 -222.786
1015.75 -222.06
1017.29 -221.334
1018.83 -220.609
1020.37 -219.883
1021.92 -219.159
1023.46 -218.434
1025 -217.71
1026.54 -216.985
1028.08 -216.262
1029.63 -215.538
1031.17 -214.815
1032.71 -214.092
1034.26 -213.37
1035.8 -212.648
1037.35 -211.926
1038.89 -211.204
1040.44 -210.483
1041.98 -209.762
1043.53 -209.041
1045.08 -208.321
1046.62 -207.601
1048.17 -206.882
1049.72 -206.163
1051.27 -205.444
1052.82 -204.725
1054.36 -204.007
1055.91 -203.29
1057.46 -202.572
1059.01 -201.855
1060.57 -201.139
1062.12 -200.422
1063.67 -199.707
1065.22 -198.991
1066.77 -198.276
1068.33 -197.561
1069.88 -196.847
1071.43 -196.133
1072.99 -195.42
1074.54 -194.707
1076.1 -193.994
1077.66 -193.282
1079.21 -192.571
1080.77 -191.859
1082.33 -191.148
1083.89 -190.438
1085.45 -189.728
1087 -189.019
1088.56 -188.31
1090.12 -187.601
1091.69 -186.893
1093.25 -186.186
1094.81 -185.479
1096.37 -184.772
1097.93 -184.066
1099.5 -183.36
1101.06 -182.655
1102.63 -181.951
1104.19 -181.247
1105.76 -180.543
1107.33 -179.84
1108.89 -179.138
1110.46 -178.436
1112.03 -177.734
1113.6 -177.034
1115.17 -176.333
1116.74 -175.634
1118.31 -174.935
1119.88 -174.236
1121.45 -173.538
1123.03 -172.841
1124.6 -172.144
1126.17 -171.448
1127.75 -170.753
1129.32 -170.058
1130.9 -169.364
1132.48 -168.67
1134.06 -167.977
1135.63 -167.285
1137.21 -166.593
1138.79 -165.902
1140.37 -165.212
1141.96 -164.522
1143.54 -163.834
1145.12 -163.145
1146.7 -162.458
1148.29 -161.771
1149.87 -161.085
1151.46 -160.4
1153.05 -159.715
1154.63 -159.031
1156.22 -158.348
1157.81 -157.666
1159.4 -156.985
1160.99 -156.304
1162.58 -155.624
1164.18 -154.945
1165.77 -154.267
1167.36 -153.589
1168.96 -152.912
1170.56 -152.237
1172.15 -151.562
1173.75 -150.888
1175.35 -150.214
1176.95 -149.542
1178.55 -148.871
1180.15 -148.2
1181.75 -147.531
1183.35 -146.862
1184.96 -146.194
1186.56 -145.527
1188.17 -144.862
1189.78 -144.197
1191.39 -143.533
1192.99 -142.87
1194.6 -142.208
1196.22 -141.547
1197.83 -140.887
1199.44 -140.229
1201.05 -139.571
1202.67 -138.914
1204.29 -138.259
1205.9 -137.604
1207.52 -136.951
1209.14 -136.298
1210.76 -135.647
1212.38 -134.997
1214.01 -134.348
1215.63 -133.701
1217.25 -133.054
1218.88 -132.409
1220.51 -131.765
1222.14 -131.122
1223.76 -130.48
1225.4 -129.84
1227.03 -129.201
1228.66 -128.563
1230.29 -127.926
1231.93 -127.291
1233.57 -126.657
1235.2 -126.025
1236.84 -125.394
1238.48 -124.764
1240.13 -124.136
1241.77 -123.509
1243.41 -122.883
1245.06 -122.259
1246.7 -121.636
1248.35 -121.015
1250 -120.396
1251.65 -119.777
1253.3 -119.161
1254.96 -118.546
1256.61 -117.932
1258.27 -117.32
1259.93 -116.71
1261.58 -116.101
1263.24 -115.494
1264.91 -114.889
1266.57 -114.285
1268.23 -113.684
1269.9 -113.083
1271.57 -112.485
1273.24 -111.888
1274.91 -111.293
1276.58 -110.7
1278.25 -110.109
1279.93 -109.519
1281.6 -108.932
1283.28 -108.346
1284.96 -107.762
1286.64 -107.18
1288.32 -106.601
1290.01 -106.023
1291.69 -105.447
1293.38 -104.873
1295.07 -104.301
1296.76 -103.731
1298.45 -103.164
1300.14 -102.598
1301.84 -102.035
1303.53 -101.474
1305.23 -100.915
1306.93 -100.358
1308.63 -99.8035
1310.34 -99.2513
1312.04 -98.7014
1313.75 -98.1538
1315.46 -97.6085
1317.17 -97.0657
1318.88 -96.5252
1320.59 -95.9872
1322.31 -95.4517
1324.02 -94.9186
1325.74 -94.3881
1327.46 -93.8601
1329.18 -93.3347
1330.91 -92.8119
1332.63 -92.2917
1334.36 -91.7742
1336.09 -91.2594
1337.82 -90.7473
1339.55 -90.238
1341.29 -89.7314
1343.02 -89.2277
1344.76 -88.7268
1346.5 -88.2288
1348.24 -87.7336
1349.98 -87.2415
1351.73 -86.7523
1353.48 -86.2661
1355.22 -85.7829
1356.98 -85.3028
1358.73 -84.8258
1360.48 -84.352
1362.24 -83.8813
1364 -83.4138
1365.76 -82.9495
1367.52 -82.4885
1369.28 -82.0308
1371.05 -81.5764
1372.81 -81.1254
1374.58 -80.6778
1376.35 -80.2337
1378.13 -79.793
1379.9 -79.3558
1381.68 -78.9222
1383.46 -78.4921
1385.24 -78.0657
1387.02 -77.6429
1388.8 -77.2237
1390.59 -76.8083
1392.38 -76.3967
1394.16 -75.9888
1395.96 -75.5848
1397.75 -75.1846
1399.54 -74.7884
1401.34 -74.396
1403.14 -74.0077
1404.94 -73.6233
1406.74 -73.243
1408.55 -72.8668
1410.35 -72.4947
1412.16 -72.1267
1413.97 -71.7629
1415.78 -71.4034
1417.59 -71.0481
1419.41 -70.6971
1421.22 -70.3504
1423.04 -70.0081
1424.86 -69.6703
1426.68 -69.3368
1428.51 -69.0079
1430.33 -68.6834
1432.16 -68.3635
1433.98 -68.0482
1435.81 -67.7375
1437.65 -67.4315
1439.48 -67.1301
1441.31 -66.8335
1443.15 -66.5416
1444.99 -66.2545
1446.83 -65.9723
1448.67 -65.6949
1450.51 -65.4224
1452.35 -65.1548
1454.2 -64.8922
1456.05 -64.6346
1457.89 -64.382
1459.74 -64.1345
1461.59 -63.892
1463.45 -63.6547
1465.3 -63.4225
1467.15 -63.1955
1469.01 -62.9737
1470.87 -62.7571
1472.73 -62.5458
1474.59 -62.3398
1476.45 -62.1391
1478.31 -61.9438
1480.17 -61.7538
1482.04 -61.5693
1483.9 -61.3901
1485.77 -61.2165
1487.64 -61.0482
1489.51 -60.8855
1491.38 -60.7284
1493.25 -60.5767
1495.12 -60.4306
1496.99 -60.2901
1498.86 -60.1553
1500.74 -60.026
1502.61 -60.161
1504.48 -60.3015
1506.36 -60.4478
1508.23 -60.5996
1510.1 -60.757
1511.97 -60.9199
1513.83 -61.0884
1515.7 -61.2624
1517.57 -61.4419
1519.43 -61.6268
1521.3 -61.8172
1523.16 -62.013
1525.02 -62.2142
1526.88 -62.4207
1528.74 -62.6326
1530.6 -62.8498
1532.46 -63.0723
1534.31 -63.3
1536.17 -63.5329
1538.02 -63.771
1539.87 -64.0143
1541.72 -64.2627
1543.57 -64.5162
1545.42 -64.7748
1547.27 -65.0384
1549.11 -65.307
1550.96 -65.5806
1552.8 -65.8591
1554.64 -66.1425
1556.48 -66.4307
1558.31 -66.7239
1560.15 -67.0218
1561.98 -67.3245
1563.81 -67.6319
1565.65 -67.944
1567.47 -68.2607
1569.3 -68.5821
1571.13 -68.9081
1572.95 -69.2386
1574.77 -69.5737
1576.59 -69.9132
1578.41 -69.5785
1580.24 -69.2482
1582.06 -68.9223
1583.89 -68.601
1585.71 -68.2843
1587.54 -67.9722
1589.37 -67.6646
1591.21 -67.3618
1593.04 -67.0637
1594.87 -66.7703
1596.71 -66.4816
1598.55 -66.1978
1600.39 -65.9188
1602.23 -65.6447
1604.07 -65.3755
1605.92 -65.1112
1607.76 -64.8519
1609.61 -64.5976
1611.46 -64.3483
1613.31 -64.1041
1615.16 -63.8649
1617.01 -63.6309
1618.87 -63.4021
1620.72 -63.1784
1622.58 -62.96
1624.44 -62.7468
1626.3 -62.5389
1628.16 -62.3362
1630.02 -62.1389
1631.88 -61.947
1633.74 -61.7604
1635.61 -61.5792
1637.47 -61.4035
1639.34 -61.2332
1641.21 -61.0684
1643.08 -60.9091
1644.95 -60.7553
1646.82 -60.6071
1648.69 -60.4644
1650.56 -60.3273
1652.44 -60.1958
1654.31 -60.07
1656.18 -59.9498
1658.06 -59.8352
1659.94 -59.7263
1661.81 -59.6232
1663.69 -59.5257
1665.57 -59.4339
1667.45 -59.3479
1669.33 -59.2677
1671.21 -59.1932
1673.09 -59.1245
1674.97 -59.0615
1676.85 -59.0044
1678.73 -58.9531
1680.61 -58.9075
1682.49 -58.8678
1684.37 -58.834
1686.26 -58.8059
1688.14 -58.7837
1690.02 -58.7673
1691.9 -58.7568
1693.79 -58.7521
1695.67 -58.7533
1697.55 -58.7603
1699.43 -58.7732
1701.32 -58.7919
1703.2 -58.8164
1705.08 -58.8468
1706.96 -58.883
1708.84 -58.9251
1710.72 -58.9729
1712.61 -59.0266
1714.49 -59.0861
1716.37 -59.1514
1718.25 -59.2225
1720.13 -59.2994
1722.01 -59.382
1723.89 -59.4704
1725.76 -59.5646
1727.64 -59.6644
1729.52 -59.77
1731.39 -59.8813
1733.27 -59.9983
1735.14 -59.8871
1737.02 -59.7815
1738.9 -59.6815
1740.78 -59.5873
1742.65 -59.4989
1744.53 -59.4161
1746.41 -59.3391
1748.29 -59.2679
1750.17 -59.2024
1752.05 -59.1427
1753.93 -59.0888
1755.81 -59.0407
1757.69 -58.9984
1759.57 -58.9619
1761.46 -58.9312
1763.34 -58.9063
1765.22 -58.8873
1767.1 -58.8741
1768.98 -58.8667
1770.87 -58.8651
1772.75 -58.8695
1774.63 -58.8797
1776.51 -58.8957
1778.4 -58.9175
1780.28 -58.9452
1782.16 -58.9787
1784.04 -59.018
1785.92 -59.0632
1787.8 -59.1141
1789.68 -59.1709
1791.56 -59.2334
1793.44 -59.3017
1795.32 -59.3758
1797.2 -59.4556
1799.08 -59.5413
1800.96 -59.6326
1802.84 -59.7297
1804.71 -59.8324
1806.59 -59.9409
1808.46 -60.0551
1810.34 -60.1749
1812.21 -60.3004
1814.09 -60.4315
1815.96 -60.5683
1817.83 -60.7106
1819.7 -60.8585
1821.57 -61.0119
1823.44 -61.1709
1825.31 -61.3354
1827.18 -61.5054
1829.04 -61.6809
1830.91 -61.8618
1832.77 -62.0481
1834.63 -62.2398
1836.5 -62.4369
1838.36 -62.6394
1840.22 -62.8471
1842.07 -63.0601
1843.93 -63.2784
1845.79 -63.502
1847.64 -63.7307
1849.49 -63.9646
1851.35 -64.2037
1853.2 -64.4479
1855.05 -64.6971
1856.89 -64.9514
1858.74 -65.2108
1860.58 -65.4751
1862.43 -65.7444
1864.27 -66.0186
1866.11 -66.2977
1867.95 -66.5817
1869.79 -66.8705
1871.62 -67.1641
1873.46 -67.4624
1875.29 -67.7655
1877.12 -68.0733
1878.95 -68.3857
1880.78 -68.7028
1882.6 -69.0244
1884.43 -69.3506
1886.25 -69.6813
1888.07 -70.0165
1889.89 -70.3561
1891.71 -70.7002
1893.52 -71.0486
1895.34 -71.4014
1897.15 -71.7584
1898.96 -72.1198
1900.77 -72.4853
1902.58 -72.8551
1904.38 -73.229
1906.19 -73.6071
1907.99 -73.9892
1909.79 -74.3754
1911.59 -74.7655
1913.38 -75.1597
1915.18 -75.5578
1916.97 -75.9598
1918.76 -76.3657
1920.55 -76.7754
1922.34 -77.1889
1924.12 -77.6062
1925.91 -78.0272
1927.69 -78.4519
1929.47 -78.8802
1931.25 -79.3122
1933.02 -79.7477
1934.8 -80.1868
1936.57 -80.6294
1938.34 -81.0755
1940.11 -81.525
1941.87 -81.9779
1943.64 -82.4342
1945.4 -82.8939
1947.16 -83.3568
1948.92 -83.8231
1950.68 -84.2925
1952.44 -84.7652
1954.19 -85.2411
1955.94 -85.72
1957.69 -86.2021
1959.44 -86.6873
1961.19 -87.1755
1962.93 -87.6667
1964.68 -88.1609
1966.42 -88.658
1968.16 -89.1581
1969.89 -89.661
1971.63 -90.1668
1973.36 -90.6754
1975.09 -91.1868
1976.83 -91.7009
1978.55 -92.2178
1980.28 -92.7373
1982.01 -93.2596
1983.73 -93.7845
1985.45 -94.312
1987.17 -94.842
1988.89 -95.3746
1990.6 -95.9098
1992.32 -96.4474
1994.03 -96.9876
1995.74 -97.5301
1997.45 -98.0751
1999.16 -98.6224
2000.86 -99.1722
2002.57 -99.7242
2004.27 -100.279
2005.97 -100.835
2007.67 -101.394
2009.37 -101.955
2011.07 -102.519
2012.76 -103.084
2014.45 -103.652
2016.14 -104.221
2017.83 -104.793
2019.52 -105.367
2021.21 -105.943
2022.89 -106.521
2024.58 -107.101
2026.26 -107.683
2027.94 -108.267
2029.62 -108.853
2031.29 -109.441
2032.97 -110.031
2034.64 -110.623
2036.31 -111.216
2037.99 -111.811
2039.66 -112.409
2041.32 -113.007
2042.99 -113.608
2044.66 -114.211
2046.32 -114.815
2047.98 -115.421
2049.64 -116.028
2051.3 -116.637
2052.96 -117.248
2054.62 -117.861
2056.27 -118.475
2057.93 -119.09
2059.58 -119.708
2061.23 -120.326
2062.88 -120.947
2064.53 -121.569
2066.18 -122.192
2067.82 -122.817
2069.47 -123.443
2071.11 -124.071
2072.75 -124.7
2074.39 -125.331
2076.03 -125.963
2077.67 -126.596
2079.31 -127.231
2080.94 -127.867
2082.58 -128.504
2084.21 -129.143
2085.84 -129.783
2087.47 -130.424
2089.1 -131.067
2090.73 -131.711
2092.36 -132.356
2093.99 -133.002
2095.61 -133.65
2097.24 -134.298
2098.86 -134.948
2100.48 -135.599
2102.1 -136.252
2103.72 -136.905
2105.34 -137.559
2106.96 -138.215
2108.57 -138.872
2110.19 -139.53
2111.8 -140.188
2113.42 -140.848
2115.03 -141.509
2116.64 -142.171
2118.25 -142.835
2119.86 -143.499
2121.47 -144.164
2123.07 -144.83
2124.68 -145.497
2126.28 -146.165
2127.89 -146.834
2129.49 -147.504
2131.09 -148.175
2132.7 -148.847
2134.3 -149.519
2135.9 -150.193
2137.49 -150.867
2139.09 -151.543
2140.69 -152.219
2142.28 -152.896
2143.88 -153.574
2145.47 -154.253
2147.07 -154.933
2148.66 -155.613
2150.25 -156.295
2151.84 -156.977
2153.43 -157.66
2155.02 -158.343
2156.61 -159.028
2158.2 -159.713
2159.78 -160.399
2161.37 -161.086
2162.95 -161.773
2164.54 -162.461
2166.12 -163.15
2167.7 -163.84
2169.29 -164.53
2170.87 -165.221
2172.45 -165.913
2174.03 -166.606
2175.61 -167.299
2177.18 -167.992
2178.76 -168.687
2180.34 -169.382
2181.91 -170.078
2183.49 -170.774
2185.06 -171.471
2186.64 -172.169
2188.21 -172.867
2189.78 -173.566
2191.36 -174.265
2192.93 -174.965
2194.5 -175.666
2196.07 -176.367
2197.64 -177.069
2199.21 -177.771
2200.77 -178.474
2202.34 -179.178
2203.91 -179.882
2205.48 -180.586
2207.04 -181.292
2208.61 -181.997
2210.17 -182.703
2211.73 -183.41
2213.3 -184.117
2214.86 -184.825
2216.42 -185.533
2217.98 -186.242
2219.54 -186.951
2221.11 -187.661
2222.67 -188.371
2224.22 -189.082
2225.78 -189.793
2227.34 -190.504
2228.9 -191.216
2230.46 -191.929
2232.01 -192.642
2233.57 -193.355
2235.13 -194.069
2236.68 -194.783
2238.24 -195.498
2239.79 -196.213
2241.34 -196.929
2242.9 -197.644
2244.45 -198.361
2246 -199.078
2247.55 -199.795
2249.1 -200.512
2250.66 -201.23
2252.21 -201.949
2253.76 -202.667
2255.3 -203.386
2256.85 -204.106
2258.4 -204.826
2259.95 -205.546
2261.5 -206.266
2263.05 -206.987
2264.59 -207.708
2266.14 -208.43
2267.69 -209.152
2269.23 -209.874
2270.78 -210.597
2272.32 -211.32
2273.87 -212.043
2275.41 -212.767
2276.95 -213.491
2278.5 -214.215
2280.04 -214.94
2281.58 -215.665
2283.12 -216.39
2284.67 -217.115
2286.21 -217.841
2287.75 -218.567
2289.29 -219.294
2290.83 -220.02
2292.37 -220.747
2293.91 -221.475
2295.45 -222.202
2296.99 -222.93
2298.53 -223.658
2300.06 -224.387
2301.6 -225.115
2303.14 -225.844
2304.68 -226.573
2306.21 -227.303
2307.75 -228.033
2309.29 -228.762
2310.82 -229.493
2312.36 -230.223
2313.9 -230.954
2315.43 -231.685
2316.97 -232.416
2318.5 -233.148
2320.03 -233.879
2321.57 -234.611
2323.1 -235.343
2324.64 -236.076
2326.17 -236.808
2327.7 -237.541
2329.23 -238.274
2330.77 -239.007
2332.3 -239.741
2333.83 -240.475
2335.36 -241.209
2336.89 -241.943
2338.42 -242.677
2339.95 -243.412
2341.48 -244.146
2343.02 -244.881
2344.55 -245.616
2346.07 -246.352
2347.6 -247.087
2349.13 -247.823
2350.66 -248.559
2352.19 -249.295
2353.72 -250.031
2355.25 -250.768
2356.78 -251.505
2358.3 -252.241
2359.83 -252.978
2361.36 -253.716
2362.89 -254.453
2364.41 -255.191
2365.94 -255.928
2367.47 -256.666
2368.99 -257.404
2370.52 -258.142
2372.05 -258.881
2373.57 -259.619
2375.1 -260.358
2376.62 -261.097
2378.15 -261.836
2379.67 -262.575
2381.2 -263.314
2382.72 -264.054
2384.25 -264.793
2385.77 -265.533
2387.29 -266.273
2388.82 -267.013
2390.34 -267.753
2391.86 -268.494
2393.39 -269.234
2394.91 -269.975
2396.43 -270.716
2397.96 -271.457
2399.48 -272.198
2401 -272.939
2402.52 -273.68
2404.05 -274.421
2405.57 -275.163
2407.09 -275.905
2408.61 -276.646
2410.13 -277.388
2411.65 -278.13
2413.17 -278.873
2414.7 -279.615
2416.22 -280.357
2417.74 -281.1
2419.26 -281.843
2420.78 -282.585
2422.3 -283.328
2423.82 -284.071
2425.34 -284.814
2426.86 -285.558
2428.38 -286.301
2429.9 -287.044
2431.42 -287.788
2432.94 -288.531
2434.45 -289.275
2435.97 -290.019
2437.49 -290.763
2439.01 -291.507
2440.53 -292.251
2442.05 -292.996
2443.57 -293.74
2445.08 -294.484
2446.6 -295.229
2448.12 -295.974
2449.64 -296.718
2451.16 -297.463
2452.67 -298.208
2454.19 -298.953
2455.71 -299.698
2457.23 -300.443
2458.74 -301.189
2460.26 -301.934
2461.78 -302.68
2463.29 -303.425
2464.81 -304.171
2466.33 -304.916
2467.84 -305.662
2469.36 -306.408
2470.88 -307.154
2472.39 -307.9
2473.91 -308.646
2475.42 -309.392
2476.94 -310.139
2478.45 -310.885
2479.97 -311.631
2481.49 -312.378
2483 -313.124
2484.52 -313.871
2486.03 -314.618
2487.55 -315.365
2489.06 -316.112
2490.58 -316.858
2492.09 -317.605
2493.61 -318.353
2495.12 -319.1
2496.64 -319.847
2498.15 -320.594
2499.66 -321.342
2501.18 -322.089
2502.69 -322.836
2504.21 -323.584
2505.72 -324.332
2507.24 -325.079
2508.75 -325.827
2510.26 -326.575
2511.78 -327.322
2513.29 -328.07
2514.8 -328.818
2516.32 -329.566
2517.83 -330.314
2519.34 -331.063
2520.86 -331.811
2522.37 -332.559
2523.88 -333.307
2525.4 -334.056
2526.91 -334.804
2528.42 -335.553
2529.94 -336.301
2531.45 -337.05
2532.96 -337.798
2534.47 -338.547
2535.99 -339.296
2537.5 -340.044
2539.01 -340.793
2540.52 -341.542
2542.04 -342.291
2543.55 -343.04
2545.06 -343.789
2546.57 -344.538
2548.09 -345.287
2549.6 -346.037
2551.11 -346.786
2552.62 -347.535
2554.13 -348.284
2555.65 -349.034
2557.16 -349.783
2558.67 -350.533
2560.18 -351.282
2561.69 -352.031
2563.2 -352.781
2564.71 -353.531
2566.23 -354.28
2567.74 -355.03
2569.25 -355.78
2570.76 -356.529
2572.27 -357.279
2573.78 -358.029
2575.29 -358.779
2576.8 -359.529
2578.32 -360.279
2579.83 -361.029
2581.34 -361.779
2582.85 -362.529
2584.36 -363.279
2585.87 -364.029
2587.38 -364.779
2588.89 -365.53
2590.4 -366.28
2591.91 -367.03
2593.42 -367.78
2594.93 -368.531
2596.44 -369.281
2597.95 -370.032
2599.46 -370.782
2600.97 -371.533
2602.48 -372.283
2603.99 -373.034
2605.51 -373.784
2607.02 -374.535
2608.53 -375.286
2610.04 -376.036
2611.55 -376.787
2613.06 -377.538
2614.57 -378.288
2616.08 -379.039
2617.58 -379.79
2619.09 -380.541
2620.6 -381.292
2622.11 -382.043
2623.62 -382.794
2625.13 -383.545
2626.64 -384.296
2628.15 -385.047
2629.66 -385.798
2631.17 -386.549
2632.68 -387.3
2634.19 -388.051
2635.7 -388.802
2637.21 -389.553
2638.72 -390.304
2640.23 -391.056
2641.74 -391.807
2643.25 -392.558
2644.76 -393.309
2646.27 -394.061
2647.77 -394.812
2649.28 -395.563
2650.79 -396.315
2652.3 -397.066
2653.81 -397.818
2655.32 -398.569
2656.83 -399.32
2658.34 -400.072
2659.85 -400.823
2661.36 -401.575
2662.86 -402.327
2664.37 -403.078
2665.88 -403.83
2667.39 -404.581
2668.9 -405.333
2670.41 -406.085
2671.92 -406.836
2673.43 -407.588
2674.93 -408.34
2676.44 -409.091
2677.95 -409.843
2679.46 -410.595
2680.97 -411.347
2682.48 -412.099
2683.99 -412.85
2685.49 -413.602
2687 -414.354
2688.51 -415.106
2690.02 -415.858
2691.53 -416.61
2693.04 -417.362
2694.55 -418.114
2696.05 -418.866
2697.56 -419.618
2699.07 -420.37
2700.58 -421.122
2702.09 -421.874
2703.59 -422.626
2705.1 -423.378
2706.61 -424.13
2708.12 -424.882
2709.63 -425.634
2711.14 -426.386
2712.64 -427.138
2714.15 -427.89
2715.66 -428.643
2717.17 -429.395
2718.68 -430.147
2720.18 -430.899
2721.69 -431.651
2723.2 -432.404
2724.71 -433.156
2726.22 -433.908
2727.72 -434.66
2729.23 -435.413
2730.74 -436.165
2732.25 -436.917
2733.76 -437.67
2735.26 -438.422
2736.77 -439.174
2738.28 -439.927
2739.79 -440.679
2741.29 -441.431
2742.8 -442.184
2744.31 -442.936
2745.82 -443.689
2747.33 -444.441
2748.83 -445.193
2750.34 -445.946
2751.85 -446.698
2753.36 -447.451
2754.86 -448.203
2756.37 -448.956
2757.88 -449.708
2759.39 -450.461
2760.89 -451.213
2762.4 -451.966
2763.91 -452.719
2765.42 -453.471
2766.92 -454.224
2768.43 -454.976
2769.94 -455.729
2771.45 -456.481
2772.95 -457.234
2774.46 -457.987
2775.97 -458.739
2777.48 -459.492
2778.98 -460.245
2780.49 -460.997
2782 -461.75
2783.51 -462.503
2785.01 -463.255
2786.52 -464.008
2788.03 -464.761
2789.54 -465.513
2791.04 -466.266
2792.55 -467.019
2794.06 -467.772
2795.56 -468.524
2797.07 -469.277
2798.58 -470.03
2800.09 -470.783
2801.59 -471.535
2803.1 -472.288
2804.61 -473.041
2806.12 -473.794
2807.62 -474.547
2809.13 -475.299
2810.64 -476.052
2812.15 -476.805
2813.65 -477.558
2815.16 -478.311
2816.67 -479.064
2818.17 -479.816
2819.68 -480.569
2821.19 -481.322
2822.69 -482.075
2824.2 -482.828
2825.71 -483.581
2827.22 -484.334
2828.72 -485.087
2830.23 -485.84
2831.74 -486.592
2833.24 -487.345
2834.75 -488.098
2836.26 -488.851
2837.77 -489.604
2839.27 -490.357
2840.78 -491.11
2842.29 -491.863
2843.79 -492.616
2845.3 -493.369
2846.81 -494.122
2848.31 -494.875
2849.82 -495.628
2851.33 -496.381
2852.84 -497.134
2854.34 -497.887
2855.85 -498.64
2857.36 -499.393
2858.86 -500.146
2860.37 -500.899
2861.88 -501.652
2863.38 -502.405
2864.89 -503.158
2866.4 -503.911
2867.9 -504.664
2869.41 -505.417
2870.92 -506.17
2872.42 -506.923
2873.93 -507.677
2875.44 -508.43
2876.95 -509.183
2878.45 -509.936
2879.96 -510.689
2881.47 -511.442
2882.97 -512.195
2884.48 -512.948
2885.99 -513.701
2887.49 -514.454
2889 -515.208
2890.51 -515.961
2892.01 -516.714
2893.52 -517.467
2895.03 -518.22
2896.53 -518.973
2898.04 -519.726
2899.55 -520.479
2901.05 -521.233
2902.56 -521.986
2904.07 -522.739
2905.58 -523.492
2907.08 -524.245
2908.59 -524.998
2910.1 -525.752
2911.6 -526.505
2913.11 -527.258
2914.62 -528.011
2916.12 -528.764
2917.63 -529.517
2919.14 -530.271
2920.64 -531.024
2922.15 -531.777
2923.66 -532.53
2925.16 -533.283
2926.67 -534.037
2928.18 -534.79
2929.68 -535.543
2931.19 -536.296
2932.7 -537.05
2934.2 -537.803
2935.71 -538.556
2937.21 -539.309
2938.72 -540.063
2940.23 -540.816
2941.73 -541.569
2943.24 -542.322
2944.75 -543.076
2946.25 -543.829
2947.76 -544.582
2949.27 -545.335
2950.77 -546.088
2952.28 -546.842
2953.79 -547.595
2955.29 -548.348
2956.8 -549.102
2958.31 -549.855
2959.81 -550.608
2961.32 -551.361
2962.83 -552.115
2964.33 -552.868
2965.84 -553.621
2967.35 -554.375
2968.85 -555.128
2970.36 -555.881
2971.87 -556.634
2973.37 -557.388
2974.88 -558.141
2976.39 -558.894
2977.89 -559.648
2979.4 -560.401
2980.91 -561.154
2982.41 -561.908
2983.92 -562.661
2985.43 -563.414
2986.93 -564.167
2988.44 -564.921
2989.95 -565.674
2991.45 -566.427
2992.96 -567.181
2994.47 -567.934
2995.97 -568.687
2997.48 -569.441
2998.99 -570.194
3000.49 -570.947
3002 -571.701
3003.5 -572.454
3005.01 -573.207
3006.52 -573.961
3008.02 -574.714
3009.53 -575.468
3011.04 -576.221
3012.54 -576.974
3014.05 -577.728
3015.56 -578.481
3017.06 -579.234
3018.57 -579.988
3020.08 -580.741
3021.58 -581.494
3023.09 -582.248
3024.6 -583.001
3026.1 -583.754
3027.61 -584.508
3029.12 -585.261
3030.62 -586.015
3032.13 -586.768
3033.64 -587.521
3035.14 -588.275
3036.65 -589.028
3038.15 -589.781
3039.66 -590.535
3041.17 -591.288
3042.67 -592.041
3044.18 -592.795
3045.69 -593.548
3047.19 -594.302
3048.7 -595.055
3050.21 -595.808
3051.71 -596.562
3053.22 -597.315
3054.72 -598.069
3056.23 -598.822
3057.74 -599.575
3059.24 -600.329
3060.75 -601.082
3062.26 -601.836
3063.76 -602.589
3065.27 -603.343
3066.77 -604.096
3068.28 -604.849
3069.79 -605.603
3071.29 -606.356
3072.8 -607.11
3074.31 -607.863
3075.81 -608.616
3077.32 -609.37
3078.83 -610.123
3080.33 -610.877
3081.84 -611.63
3083.34 -612.384
3084.85 -613.137
3086.36 -613.89
3087.86 -614.644
3089.37 -615.397
3090.88 -616.151
3092.38 -616.904
3093.89 -617.657
3095.4 -618.411
3096.9 -619.164
3098.41 -619.918
3099.91 -620.671
3101.42 -621.425
3102.93 -622.178
3104.43 -622.931
3105.94 -623.685
3107.45 -624.438
3108.95 -625.192
3110.46 -625.945
3111.97 -626.698
3113.47 -627.452
3114.98 -628.205
3116.48 -628.959
3117.99 -629.712
3119.5 -630.466
3121 -631.219
3122.51 -631.972
3124.02 -632.726
3125.52 -633.479
3127.03 -634.233
3128.54 -634.986
3130.04 -635.74
3131.55 -636.493
3133.05 -637.246
3134.56 -638
3136.07 -638.753
3137.57 -639.507
3139.08 -640.26
3140.59 -641.014
3142.09 -641.767
3143.6 -642.521
3145.1 -643.274
3146.61 -644.028
3148.12 -644.781
3149.62 -645.535
3151.13 -646.288
3152.64 -647.042
3154.14 -647.795
3155.65 -648.548
3157.16 -649.302
3158.66 -650.055
3160.17 -650.809
3161.67 -651.562
3163.18 -652.316
3164.69 -653.069
3166.19 -653.823
3167.7 -654.576
3169.21 -655.33
3170.71 -656.083
3172.22 -656.837
3173.73 -657.59
3175.23 -658.344
3176.74 -659.097
3178.24 -659.851
3179.75 -660.604
3181.26 -661.358
3182.76 -662.111
3184.27 -662.865
3185.78 -663.618
3187.28 -664.372
3188.79 -665.125
3190.3 -665.878
3191.8 -666.632
3193.31 -667.385
3194.81 -668.139
3196.32 -668.892
3197.83 -669.646
3199.33 -670.399
3200.84 -671.153
3202.35 -671.906
3203.85 -672.66
3205.36 -673.413
3206.87 -674.167
3208.37 -674.92
3209.88 -675.674
3211.38 -676.427
3212.89 -677.181
3214.4 -677.934
3215.9 -678.688
3217.41 -679.441
3218.92 -680.195
3220.42 -680.948
3221.93 -681.702
3223.44 -682.455
3224.94 -683.208
3226.45 -683.962
3227.95 -684.715
3229.46 -685.469
3230.97 -686.222
3232.47 -686.976
3233.98 -687.729
3235.49 -688.483
3236.99 -689.236
3238.5 -689.99
3240 -690.743
3241.51 -691.497
3243.02 -692.25
3244.52 -693.004
3246.03 -693.757
3247.54 -694.511
3249.04 -695.264
3250.55 -696.018
3252.06 -696.771
3253.56 -697.525
3255.07 -698.278
3256.57 -699.032
3258.08 -699.785
3259.59 -700.539
3261.09 -701.292
3262.6 -702.045
3264.11 -702.799
3265.61 -703.552
3267.12 -704.306
3268.63 -705.059
3270.13 -705.813
3271.64 -706.566
3273.14 -707.32
3274.65 -708.073
3276.16 -708.827
3277.66 -709.58
3279.17 -710.334
3280.68 -711.087
3282.18 -711.841
3283.69 -712.594
3285.2 -713.348
3286.7 -714.101
3288.21 -714.855
3289.71 -715.608
3291.22 -716.362
3292.73 -717.115
3294.23 -717.869
3295.74 -718.622
3297.25 -719.375
3298.75 -720.129
3300.26 -720.882
3301.77 -721.636
3303.27 -722.389
3304.78 -723.143
3306.28 -723.896
3307.79 -724.65
3309.3 -725.403
3310.8 -726.157
3312.31 -726.91
3313.82 -727.664
3315.32 -728.417
3316.83 -729.171
3318.33 -729.924
3319.84 -730.678
3321.35 -731.431
3322.85 -732.185
3324.36 -732.938
3325.87 -733.692
3327.37 -734.445
3328.88 -735.199
3330.39 -735.952
3331.89 -736.706
3333.4 -737.459
3334.9 -738.212
3336.41 -738.966
3337.92 -739.719
3339.42 -740.473
3340.93 -741.226
3342.44 -741.98
3343.94 -742.733
3345.45 -743.487
3346.96 -744.24
3348.46 -744.994
3349.97 -745.747
3351.47 -746.501
3352.98 -747.254
3354.49 -748.008
3355.99 -748.761
3357.5 -749.515
3359.01 -750.268
3360.51 -751.022
3362.02 -751.775
3363.53 -752.529
3365.03 -753.282
3366.54 -754.036
3368.04 -754.789
3369.55 -755.542
3371.06 -756.296
3372.56 -757.049
3374.07 -757.803
3375.58 -758.556
3377.08 -759.31
3378.59 -760.063
3380.1 -760.817
3381.6 -761.57
3383.11 -762.324
3384.61 -763.077
3386.12 -763.831
3387.63 -764.584
3389.13 -765.338
3390.64 -766.091
3392.15 -766.845
3393.65 -767.598
3395.16 -768.352
3396.67 -769.105
3398.17 -769.859
3399.68 -770.612
3401.18 -771.366
3402.69 -772.119
3404.2 -772.872
3405.7 -773.626
3407.21 -774.379
3408.72 -775.133
3410.22 -775.886
3411.73 -776.64
3413.23 -777.393
3414.74 -778.147
3416.25 -778.9
3417.75 -779.654
3419.26 -780.407
3420.77 -781.161
3422.27 -781.914
3423.78 -782.668
3425.29 -783.421
