250 -600
251.507 -599.248
253.015 -598.497
254.522 -597.745
256.029 -596.994
257.537 -596.242
259.044 -595.491
260.551 -594.739
262.059 -593.988
263.566 -593.236
265.074 -592.485
266.581 -591.733
268.088 -590.982
269.596 -590.23
271.103 -589.479
272.611 -588.727
274.118 -587.976
275.625 -587.224
277.133 -586.473
278.64 -585.721
280.147 -584.969
281.655 -584.218
283.162 -583.466
284.67 -582.715
286.177 -581.963
287.684 -581.212
289.192 -580.46
290.699 -579.709
292.207 -578.957
293.714 -578.206
295.221 -577.454
296.729 -576.703
298.236 -575.951
299.744 -575.2
301.251 -574.448
302.759 -573.697
304.266 -572.945
305.773 -572.194
307.281 -571.443
308.788 -570.691
310.296 -569.94
311.803 -569.188
313.311 -568.437
314.818 -567.685
316.326 -566.934
317.833 -566.182
319.34 -565.431
320.848 -564.679
322.355 -563.928
323.863 -563.176
325.37 -562.425
326.878 -561.674
328.385 -560.922
329.893 -560.171
331.4 -559.419
332.908 -558.668
334.415 -557.916
335.923 -557.165
337.43 -556.413
338.938 -555.662
340.445 -554.91
341.953 -554.159
343.46 -553.408
344.968 -552.656
346.475 -551.905
347.983 -551.153
349.49 -550.402
350.998 -549.651
352.505 -548.899
354.013 -548.148
355.52 -547.396
357.028 -546.645
358.535 -545.894
360.043 -545.142
361.55 -544.391
363.058 -543.639
364.565 -542.888
366.073 -542.137
367.581 -541.385
369.088 -540.634
370.596 -539.882
372.103 -539.131
373.611 -538.38
375.118 -537.628
376.626 -536.877
378.134 -536.126
379.641 -535.374
381.149 -534.623
382.656 -533.872
384.164 -533.12
385.672 -532.369
387.179 -531.617
388.687 -530.866
390.194 -530.115
391.702 -529.363
393.21 -528.612
394.717 -527.861
396.225 -527.109
397.733 -526.358
399.24 -525.607
400.748 -524.855
402.256 -524.104
403.763 -523.353
405.271 -522.602
406.779 -521.85
408.286 -521.099
409.794 -520.348
411.302 -519.596
412.809 -518.845
414.317 -518.094
415.825 -517.343
417.332 -516.591
418.84 -515.84
420.348 -515.089
421.856 -514.337
423.363 -513.586
424.871 -512.835
426.379 -512.084
427.887 -511.332
429.394 -510.581
430.902 -509.83
432.41 -509.079
433.918 -508.328
435.425 -507.576
436.933 -506.825
438.441 -506.074
439.949 -505.323
441.457 -504.572
442.964 -503.82
444.472 -503.069
445.98 -502.318
447.488 -501.567
448.996 -500.816
450.504 -500.064
452.011 -499.313
453.519 -498.562
455.027 -497.811
456.535 -497.06
458.043 -496.309
459.551 -495.558
461.059 -494.806
462.566 -494.055
464.074 -493.304
465.582 -492.553
467.09 -491.802
468.598 -491.051
470.106 -490.3
471.614 -489.549
473.122 -488.798
474.63 -488.046
476.138 -487.295
477.646 -486.544
479.154 -485.793
480.662 -485.042
482.17 -484.291
483.678 -483.54
485.186 -482.789
486.694 -482.038
488.202 -481.287
489.71 -480.536
491.218 -479.785
492.726 -479.034
494.234 -478.283
495.742 -477.532
497.25 -476.781
498.759 -476.03
500.267 -475.279
501.775 -474.528
503.283 -473.777
504.791 -473.026
506.299 -472.275
507.807 -471.524
509.316 -470.773
510.824 -470.023
512.332 -469.272
513.84 -468.521
515.348 -467.77
516.857 -467.019
518.365 -466.268
519.873 -465.517
521.381 -464.766
522.89 -464.016
524.398 -463.265
525.906 -462.514
527.415 -461.763
528.923 -461.012
530.431 -460.261
531.94 -459.511
533.448 -458.76
534.956 -458.009
536.465 -457.258
537.973 -456.508
539.481 -455.757
540.99 -455.006
542.498 -454.255
544.007 -453.505
545.515 -452.754
547.024 -452.003
548.532 -451.253
550.041 -450.502
551.549 -449.751
553.058 -449.001
554.566 -448.25
556.075 -447.499
557.583 -446.749
559.092 -445.998
560.601 -445.248
562.109 -444.497
563.618 -443.746
565.126 -442.996
566.635 -442.245
568.144 -441.495
569.652 -440.744
571.161 -439.994
572.67 -439.243
574.179 -438.493
575.687 -437.742
577.196 -436.992
578.705 -436.241
580.214 -435.491
581.723 -434.74
583.231 -433.99
584.74 -433.24
586.249 -432.489
587.758 -431.739
589.267 -430.988
590.776 -430.238
592.285 -429.488
593.794 -428.737
595.303 -427.987
596.812 -427.237
598.321 -426.486
599.83 -425.736
601.339 -424.986
602.848 -424.236
604.357 -423.486
605.866 -422.735
607.375 -421.985
608.884 -421.235
610.394 -420.485
611.903 -419.735
613.412 -418.984
614.921 -418.234
616.43 -417.484
617.94 -416.734
619.449 -415.984
620.958 -415.234
622.468 -414.484
623.977 -413.734
625.487 -412.984
626.996 -412.234
628.505 -411.484
630.015 -410.734
631.524 -409.984
633.034 -409.234
634.543 -408.484
636.053 -407.735
637.563 -406.985
639.072 -406.235
640.582 -405.485
642.092 -404.735
643.601 -403.986
645.111 -403.236
646.621 -402.486
648.13 -401.736
649.64 -400.987
651.15 -400.237
652.66 -399.487
654.17 -398.738
655.68 -397.988
657.19 -397.239
658.7 -396.489
660.21 -395.74
661.72 -394.99
663.23 -394.241
664.74 -393.491
666.25 -392.742
667.76 -391.992
669.27 -391.243
670.781 -390.493
672.291 -389.744
673.801 -388.995
675.311 -388.245
676.822 -387.496
678.332 -386.747
679.843 -385.998
681.353 -385.249
682.863 -384.499
684.374 -383.75
685.885 -383.001
687.395 -382.252
688.906 -381.503
690.416 -380.754
691.927 -380.005
693.438 -379.256
694.949 -378.507
696.459 -377.758
697.97 -377.009
699.481 -376.26
700.992 -375.511
702.503 -374.763
704.014 -374.014
705.525 -373.265
707.036 -372.516
708.547 -371.768
710.059 -371.019
711.57 -370.27
713.081 -369.522
714.592 -368.773
716.104 -368.025
717.615 -367.276
719.126 -366.528
720.638 -365.779
722.149 -365.031
723.661 -364.283
725.173 -363.534
726.684 -362.786
728.196 -362.038
729.708 -361.29
731.22 -360.542
732.731 -359.793
734.243 -359.045
735.755 -358.297
737.267 -357.549
738.779 -356.801
740.291 -356.053
741.804 -355.305
743.316 -354.558
744.828 -353.81
746.34 -353.062
747.853 -352.314
749.365 -351.566
750.878 -350.819
752.39 -350.071
753.903 -349.324
755.415 -348.576
756.928 -347.829
758.441 -347.081
759.954 -346.334
761.466 -345.587
762.979 -344.839
764.492 -344.092
766.005 -343.345
767.519 -342.598
769.032 -341.85
770.545 -341.103
772.058 -340.356
773.572 -339.609
775.085 -338.863
776.599 -338.116
778.112 -337.369
779.626 -336.622
781.139 -335.875
782.653 -335.129
784.167 -334.382
785.681 -333.636
787.195 -332.889
788.709 -332.143
790.223 -331.396
791.737 -330.65
793.252 -329.904
794.766 -329.157
796.28 -328.411
797.795 -327.665
799.31 -326.919
800.824 -326.173
802.339 -325.427
803.854 -324.681
805.369 -323.936
806.884 -323.19
808.399 -322.444
809.914 -321.699
811.429 -320.953
812.944 -320.208
814.46 -319.462
815.975 -318.717
817.491 -317.972
819.006 -317.226
820.522 -316.481
822.038 -315.736
823.554 -314.991
825.07 -314.246
826.586 -313.501
828.102 -312.757
829.619 -312.012
831.135 -311.267
832.651 -310.523
834.168 -309.778
835.685 -309.034
837.202 -308.289
838.718 -307.545
840.235 -306.801
841.753 -306.057
843.27 -305.313
844.787 -304.569
846.304 -303.825
847.822 -303.081
849.34 -302.338
850.857 -301.594
852.375 -300.851
853.893 -300.107
855.411 -299.364
856.929 -298.621
858.448 -297.877
859.966 -297.134
861.485 -296.391
863.003 -295.648
864.522 -294.906
866.041 -294.163
867.56 -293.42
869.079 -292.678
870.599 -291.935
872.118 -291.193
873.638 -290.451
875.157 -289.709
876.677 -288.967
878.197 -288.225
879.717 -287.483
881.237 -286.741
882.757 -286
884.278 -285.258
885.799 -284.517
887.319 -283.776
888.84 -283.035
890.361 -282.294
891.882 -281.553
893.404 -280.812
894.925 -280.071
896.447 -279.331
897.969 -278.59
899.49 -277.85
901.013 -277.11
902.535 -276.37
904.057 -275.63
905.58 -274.89
907.102 -274.15
908.625 -273.41
910.148 -272.671
911.672 -271.932
913.195 -271.192
914.719 -270.453
916.242 -269.715
917.766 -268.976
919.29 -268.237
920.815 -267.499
922.339 -266.76
923.864 -266.022
925.388 -265.284
926.913 -264.546
928.438 -263.808
929.964 -263.071
931.489 -262.333
933.015 -261.596
934.541 -260.859
936.067 -260.122
937.593 -259.385
939.12 -258.648
940.647 -257.911
942.174 -257.175
943.701 -256.439
945.228 -255.703
946.756 -254.967
948.283 -254.231
949.811 -253.496
951.34 -252.76
952.868 -252.025
954.397 -251.29
955.925 -250.555
957.455 -249.821
958.984 -249.086
960.513 -248.352
962.043 -247.618
963.573 -246.884
965.104 -246.15
966.634 -245.417
968.165 -244.683
969.696 -243.95
971.227 -243.217
972.759 -242.484
974.29 -241.752
975.822 -241.02
977.355 -240.288
978.887 -239.556
980.42 -238.824
981.953 -238.092
983.486 -237.361
985.02 -236.63
986.554 -235.899
988.088 -235.169
989.622 -234.438
991.157 -233.708
992.692 -232.978
994.227 -232.249
995.763 -231.519
997.299 -230.79
998.835 -230.061
1000.37 -229.333
1001.91 -228.604
1003.45 -227.876
1004.98 -227.148
1006.52 -226.42
1008.06 -225.693
1009.6 -224.966
1011.14 -224.239
1012.67 -223.512
1014.21 -222.786
1015.75 -222.06
1017.29 -221.334
1018.83 -220.609
1020.37 -219.883
1021.92 -219.159
1023.46 -218.434
1025 -217.71
1026.54 -216.985
1028.08 -216.262
1029.63 -215.538
1031.17 -214.815
1032.71 -214.092
1034.26 -213.37
1035.8 -212.648
1037.35 -211.926
1038.89 -211.204
1040.44 -210.483
1041.98 -209.762
1043.53 -209.041
1045.08 -208.321
1046.62 -207.601
1048.17 -206.882
1049.72 -206.163
1051.27 -205.444
1052.82 -204.725
1054.36 -204.007
1055.91 -203.29
1057.46 -202.572
1059.01 -201.855
1060.57 -201.139
1062.12 -200.422
1063.67 -199.707
1065.22 -198.991
1066.77 -198.276
1068.33 -197.561
1069.88 -196.847
1071.43 -196.133
1072.99 -195.42
1074.54 -194.707
1076.1 -193.994
1077.66 -193.282
1079.21 -192.571
1080.77 -191.859
1082.33 -191.148
1083.89 -190.438
1085.45 -189.728
1087 -189.019
1088.56 -188.31
1090.12 -187.601
1091.69 -186.893
1093.25 -186.186
1094.81 -185.479
1096.37 -184.772
1097.93 -184.066
1099.5 -183.36
1101.06 -182.655
1102.63 -181.951
1104.19 -181.247
1105.76 -180.543
1107.33 -179.84
1108.89 -179.138
1110.46 -178.436
1112.03 -177.734
1113.6 -177.034
1115.17 -176.333
1116.74 -175.634
1118.31 -174.935
1119.88 -174.236
1121.45 -173.538
1123.03 -172.841
1124.6 -172.144
1126.17 -171.448
1127.75 -170.753
1129.32 -170.058
1130.9 -169.364
1132.48 -168.67
1134.06 -167.977
1135.63 -167.285
1137.21 -166.593
1138.79 -165.902
1140.37 -165.212
1141.96 -164.522
1143.54 -163.834
1145.12 -163.145
1146.7 -162.458
1148.29 -161.771
1149.87 -161.085
1151.46 -160.4
1153.05 -159.715
1154.63 -159.031
1156.22 -158.348
1157.81 -157.666
1159.4 -156.985
1160.99 -156.304
1162.58 -155.624
1164.18 -154.945
1165.77 -154.267
1167.36 -153.589
1168.96 -152.912
1170.56 -152.237
1172.15 -151.562
1173.75 -150.888
1175.35 -150.214
1176.95 -149.542
1178.55 -148.871
1180.15 -148.2
1181.75 -147.531
1183.35 -146.862
1184.96 -146.194
1186.56 -145.527
1188.17 -144.862
1189.78 -144.197
1191.39 -143.533
1192.99 -142.87
1194.6 -142.208
1196.22 -141.547
1197.83 -140.887
1199.44 -140.229
1201.05 -139.571
1202.67 -138.914
1204.29 -138.259
1205.9 -137.604
1207.52 -136.951
1209.14 -136.298
1210.76 -135.647
1212.38 -134.997
1214.01 -134.348
1215.63 -133.701
1217.25 -133.054
1218.88 -132.409
1220.51 -131.765
1222.14 -131.122
1223.76 -130.48
1225.4 -129.84
1227.03 -129.201
1228.66 -128.563
1230.29 -127.926
1231.93 -127.291
1233.57 -126.657
1235.2 -126.025
1236.84 -125.394
1238.48 -124.764
1240.13 -124.136
1241.77 -123.509
1243.41 -122.883
1245.06 -122.259
1246.7 -121.636
1248.35 -121.015
1250 -120.396
1251.65 -119.777
1253.3 -119.161
1254.96 -118.546
1256.61 -117.932
1258.27 -117.32
1259.93 -116.71
1261.58 -116.101
1263.24 -115.494
1264.91 -114.889
1266.57 -114.285
1268.23 -113.684
1269.9 -113.083
1271.57 -112.485
1273.24 -111.888
1274.91 -111.293
1276.58 -110.7
1278.25 -110.109
1279.93 -109.519
1281.6 -108.932
1283.28 -108.346
1284.96 -107.762
1286.64 -107.18
1288.32 -106.601
1290.01 -106.023
1291.69 -105.447
1293.38 -104.873
1295.07 -104.301
1296.76 -103.731
1298.45 -103.164
1300.14 -102.598
1301.84 -102.035
1303.53 -101.474
1305.23 -100.915
1306.93 -100.358
1308.63 -99.8035
1310.34 -99.2513
1312.04 -98.7014
1313.75 -98.1538
1315.46 -97.6085
1317.17 -97.0657
1318.88 -96.5252
1320.59 -95.9872
1322.31 -95.4517
1324.02 -94.9186
1325.74 -94.3881
1327.46 -93.8601
1329.18 -93.3347
1330.91 -92.8119
1332.63 -92.2917
1334.36 -91.7742
1336.09 -91.2594
1337.82 -90.7473
1339.55 -90.238
1341.29 -89.7314
1343.02 -89.2277
1344.76 -88.7268
1346.5 -88.2288
1348.24 -87.7336
1349.98 -87.2415
1351.73 -86.7523
1353.48 -86.2661
1355.22 -85.7829
1356.98 -85.3028
1358.73 -84.8258
1360.48 -84.352
1362.24 -83.8813
1364 -83.4138
1365.76 -82.9495
1367.52 -82.4885
1369.28 -82.0308
1371.05 -81.5764
1372.81 -81.1254
1374.58 -80.6778
1376.35 -80.2337
1378.13 -79.793
1379.9 -79.3558
1381.68 -78.9222
1383.46 -78.4921
1385.24 -78.0657
1387.02 -77.6429
1388.8 -77.2237
1390.59 -76.8083
1392.38 -76.3967
1394.16 -75.9888
1395.96 -75.5848
1397.75 -75.1846
1399.54 -74.7884
1401.34 -74.396
1403.14 -74.0077
1404.94 -73.6233
1406.74 -73.243
1408.55 -72.8668
1410.35 -72.4947
1412.16 -72.1267
1413.97 -71.7629
1415.78 -71.4034
1417.59 -71.0481
1419.41 -70.6971
1421.22 -70.3504
1423.04 -70.0081
1424.86 -69.6703
1426.68 -69.3368
1428.51 -69.0079
1430.33 -68.6834
1432.16 -68.3635
1433.98 -68.0482
1435.81 -67.7375
1437.65 -67.4315
1439.48 -67.1301
1441.31 -66.8335
1443.15 -66.5416
1444.99 -66.2545
1446.83 -65.9723
1448.67 -65.6949
1450.51 -65.4224
1452.35 -65.1548
1454.2 -64.8922
1456.05 -64.6346
1457.89 -64.382
1459.74 -64.1345
1461.59 -63.892
1463.45 -63.6547
1465.3 -63.4225
1467.15 -63.1955
1469.01 -62.9737
1470.87 -62.7571
1472.73 -62.5458
1474.59 -62.3398
1476.45 -62.1391
1478.31 -61.9438
1480.17 -61.7538
1482.04 -61.5693
1483.9 -61.3901
1485.77 -61.2165
1487.64 -61.0482
1489.51 -60.8855
1491.38 -60.7284
1493.25 -60.5767
1495.12 -60.4306
1496.99 -60.2901
1498.86 -60.1553
1500.74 -60.026
1502.61 -59.9024
1504.49 -59.7844
1506.36 -59.6722
1508.24 -59.5656
1510.12 -59.4648
1511.99 -59.3696
1513.87 -59.2802
1515.75 -59.1966
1517.63 -59.1188
1519.51 -59.0467
1521.39 -58.9804
1523.27 -58.9199
1525.15 -58.8652
1527.04 -58.8164
1528.92 -58.7733
1530.8 -58.7362
1532.68 -58.7048
1534.57 -58.6793
1536.45 -58.6597
1538.33 -58.6458
1540.21 -58.6379
1542.1 -58.6358
1543.98 -58.6396
1545.86 -58.6494
1547.75 -58.6649
1549.63 -58.6864
1551.51 -58.7137
1553.39 -58.7468
1555.28 -58.7858
1557.16 -58.8306
1559.04 -58.8812
1560.92 -58.9377
1562.8 -59
1564.68 -59.0681
1566.56 -59.142
1568.44 -59.2217
1570.32 -59.3072
1572.2 -59.3984
1574.08 -59.4954
1575.96 -59.5981
1577.83 -59.7066
1579.71 -59.8207
1581.58 -59.9406
1583.46 -60.0661
1585.33 -60.1973
1587.21 -60.3341
1589.08 -60.4765
1590.95 -60.6246
1592.82 -60.7782
1594.69 -60.9374
1596.56 -61.1021
1598.43 -61.2723
1600.29 -61.448
1602.16 -61.6292
1604.02 -61.8158
1605.89 -62.0079
1607.75 -62.2053
1609.61 -62.4081
1611.47 -62.6163
1613.33 -62.8297
1615.19 -63.0485
1617.04 -63.2725
1618.9 -63.5017
1620.75 -63.7361
1622.61 -63.9757
1624.46 -64.2204
1626.31 -64.4703
1628.15 -64.7252
1630 -64.9851
1631.85 -65.2501
1633.69 -65.52
1635.53 -65.7949
1637.37 -66.0747
1639.21 -66.3594
1641.05 -66.6489
1642.89 -66.9433
1644.72 -67.2424
1646.56 -67.5462
1648.39 -67.8548
1650.22 -68.1681
1652.04 -68.4859
1653.87 -68.8084
1655.7 -69.1355
1657.52 -69.4671
1659.34 -69.8032
1661.16 -70.1438
1662.98 -70.4887
1664.8 -70.8381
1666.61 -71.1918
1668.42 -71.5499
1670.23 -71.9122
1672.04 -72.2788
1673.85 -72.6496
1675.66 -73.0245
1677.46 -73.4036
1679.26 -73.7868
1681.06 -74.174
1682.86 -74.5653
1684.66 -74.9606
1686.45 -74.5697
1688.25 -74.1827
1690.05 -73.7998
1691.85 -73.4209
1693.66 -73.046
1695.46 -72.6753
1697.27 -72.3087
1699.08 -71.9463
1700.89 -71.5881
1702.7 -71.2341
1704.52 -70.8845
1706.33 -70.5391
1708.15 -70.1981
1709.97 -69.8615
1711.79 -69.5294
1713.62 -69.2017
1715.44 -68.8784
1717.27 -68.5598
1719.09 -68.2457
1720.92 -67.9362
1722.75 -67.6313
1724.59 -67.3311
1726.42 -67.0357
1728.26 -66.7449
1730.09 -66.459
1731.93 -66.1779
1733.77 -65.9016
1735.62 -65.6301
1737.46 -65.3636
1739.3 -65.1021
1741.15 -64.8455
1743 -64.5939
1744.85 -64.3473
1746.7 -64.1058
1748.55 -63.8694
1750.4 -63.6382
1752.26 -63.4121
1754.11 -63.1912
1755.97 -62.9755
1757.83 -62.765
1759.69 -62.5598
1761.55 -62.36
1763.41 -62.1654
1765.27 -61.9762
1767.13 -61.7924
1769 -61.614
1770.87 -61.441
1772.73 -61.2735
1774.6 -61.1114
1776.47 -60.9549
1778.34 -60.8038
1780.21 -60.6584
1782.08 -60.5184
1783.95 -60.3841
1785.83 -60.2553
1787.7 -60.1322
1789.58 -60.0147
1791.45 -59.9029
1793.33 -59.7968
1795.2 -59.6963
1797.08 -59.6015
1798.96 -59.5125
1800.84 -59.4292
1802.72 -59.3516
1804.6 -59.2798
1806.48 -59.2138
1808.36 -59.1535
1810.24 -59.099
1812.12 -59.0504
1814 -59.0075
1815.88 -58.9704
1817.76 -58.9391
1819.64 -58.9137
1821.53 -58.8941
1823.41 -58.8803
1825.29 -58.8723
1827.17 -58.8702
1829.05 -58.8739
1830.94 -58.8835
1832.82 -58.8989
1834.7 -58.9201
1836.58 -58.9471
1838.47 -58.98
1840.35 -59.0187
1842.23 -59.0632
1844.11 -59.1135
1845.99 -59.1696
1847.87 -59.2315
1849.75 -59.2992
1851.63 -59.3727
1853.51 -59.4519
1855.39 -59.5369
1857.26 -59.6276
1859.14 -59.724
1861.02 -59.8262
1862.9 -59.9341
1864.77 -59.8319
1866.65 -59.7355
1868.53 -59.6447
1870.4 -59.5597
1872.28 -59.4804
1874.16 -59.4068
1876.04 -59.339
1877.92 -59.277
1879.8 -59.2207
1881.68 -59.1702
1883.56 -59.1255
1885.44 -59.0866
1887.32 -59.0535
1889.21 -59.0262
1891.09 -59.0047
1892.97 -58.989
1894.85 -58.9792
1896.73 -58.9751
1898.61 -58.9769
1900.5 -58.9846
1902.38 -58.9981
1904.26 -59.0174
1906.14 -59.0425
1908.02 -59.0734
1909.9 -59.1101
1911.79 -59.1527
1913.67 -59.201
1915.55 -59.2552
1917.43 -59.3151
1919.31 -59.3807
1921.19 -59.4522
1923.07 -59.5294
1924.94 -59.6124
1926.82 -59.701
1928.7 -59.7954
1930.58 -59.8956
1932.45 -60.0014
1934.33 -60.1128
1936.2 -60.23
1938.08 -60.3528
1939.95 -60.4812
1941.82 -60.6153
1943.69 -60.7549
1945.56 -60.9001
1947.43 -61.0508
1949.3 -61.2071
1951.17 -61.3689
1953.04 -61.5362
1954.91 -61.709
1956.77 -61.8872
1958.63 -62.0708
1960.5 -62.2598
1962.36 -62.4542
1964.22 -62.6539
1966.08 -62.859
1967.94 -63.0693
1969.8 -63.2849
1971.65 -63.5057
1973.51 -63.7318
1975.36 -63.963
1977.21 -64.1994
1979.06 -64.4409
1980.91 -64.6874
1982.76 -64.9391
1984.61 -65.1958
1986.45 -65.4574
1988.3 -65.7241
1990.14 -65.9956
1991.98 -66.2721
1993.82 -66.5534
1995.66 -66.8396
1997.49 -67.1306
1999.33 -67.4263
2001.16 -67.7268
2002.99 -68.032
2004.82 -68.3418
2006.65 -68.6563
2008.48 -68.9753
2010.3 -69.299
2012.13 -69.6271
2013.95 -69.9598
2015.77 -70.2969
2017.59 -70.6384
2019.4 -70.9843
2021.22 -71.3346
2023.03 -71.6891
2024.84 -72.048
2026.65 -72.4111
2028.46 -72.7784
2030.27 -73.1498
2032.07 -73.5254
2033.87 -73.9051
2035.67 -74.2888
2037.47 -74.6766
2039.27 -75.0684
2041.06 -75.4641
2042.86 -75.8637
2044.65 -76.2672
2046.44 -76.6746
2048.23 -77.0858
2050.01 -77.5007
2051.8 -77.9194
2053.58 -78.3417
2055.36 -78.7678
2057.14 -79.1974
2058.92 -79.6307
2060.69 -80.0675
2062.46 -80.5079
2064.24 -80.9517
2066.01 -81.399
2067.77 -81.8497
2069.54 -82.3039
2071.3 -82.7613
2073.07 -83.2221
2074.83 -83.6862
2076.58 -84.1535
2078.34 -84.624
2080.1 -85.0977
2081.85 -85.5746
2083.6 -86.0546
2085.35 -86.5376
2087.1 -87.0238
2088.84 -87.5129
2090.58 -88.005
2092.33 -88.5001
2094.07 -88.9982
2095.81 -89.4991
2097.54 -90.0028
2099.28 -90.5094
2101.01 -91.0189
2102.74 -91.531
2104.47 -92.0459
2106.2 -92.5636
2107.92 -93.0839
2109.65 -93.6068
2111.37 -94.1324
2113.09 -94.6606
2114.81 -95.1913
2116.53 -95.7246
2118.24 -96.2604
2119.96 -96.7987
2121.67 -97.3394
2123.38 -97.8825
2125.09 -98.4281
2126.79 -98.976
2128.5 -99.5263
2130.2 -100.079
2131.9 -100.634
2133.6 -101.191
2135.3 -101.75
2137 -102.312
2138.69 -102.876
2140.39 -103.441
2142.08 -104.01
2143.77 -104.58
2145.46 -105.152
2147.15 -105.726
2148.83 -106.303
2150.52 -106.881
2152.2 -107.462
2153.88 -108.044
2155.56 -108.628
2157.24 -109.215
2158.91 -109.803
2160.59 -110.393
2162.26 -110.985
2163.93 -111.578
2165.6 -112.174
2167.27 -112.771
2168.94 -113.37
2170.61 -113.971
2172.27 -114.574
2173.93 -115.178
2175.6 -115.784
2177.26 -116.392
2178.92 -117.001
2180.57 -117.612
2182.23 -118.225
2183.88 -118.839
2185.54 -119.455
2187.19 -120.072
2188.84 -120.691
2190.49 -121.312
2192.14 -121.934
2193.78 -122.557
2195.43 -123.182
2197.07 -123.808
2198.72 -124.436
2200.36 -125.065
2202 -125.696
2203.64 -126.328
2205.28 -126.961
2206.91 -127.596
2208.55 -128.232
2210.18 -128.87
2211.82 -129.508
2213.45 -130.148
2215.08 -130.79
2216.71 -131.432
2218.34 -132.076
2219.96 -132.721
2221.59 -133.367
2223.21 -134.015
2224.84 -134.663
2226.46 -135.313
2228.08 -135.964
2229.7 -136.616
2231.32 -137.27
2232.94 -137.924
2234.56 -138.58
2236.17 -139.236
2237.79 -139.894
2239.4 -140.553
2241.01 -141.212
2242.63 -141.873
2244.24 -142.535
2245.85 -143.198
2247.46 -143.862
2249.06 -144.527
2250.67 -145.193
2252.28 -145.86
2253.88 -146.528
2255.49 -147.196
2257.09 -147.866
2258.69 -148.537
2260.29 -149.208
2261.89 -149.881
2263.49 -150.554
2265.09 -151.229
2266.69 -151.904
2268.28 -152.58
2269.88 -153.257
2271.47 -153.935
2273.07 -154.613
2274.66 -155.293
2276.25 -155.973
2277.85 -156.654
2279.44 -157.336
2281.03 -158.018
2282.61 -158.702
2284.2 -159.386
2285.79 -160.071
2287.38 -160.757
2288.96 -161.443
2290.55 -162.13
2292.13 -162.818
2293.71 -163.507
2295.3 -164.196
2296.88 -164.886
2298.46 -165.577
2300.04 -166.268
2301.62 -166.961
2303.2 -167.653
2304.78 -168.347
2306.35 -169.041
2307.93 -169.736
2309.51 -170.431
2311.08 -171.127
2312.66 -171.824
2314.23 -172.521
2315.8 -173.219
2317.38 -173.918
2318.95 -174.617
2320.52 -175.316
2322.09 -176.017
2323.66 -176.718
2325.23 -177.419
2326.8 -178.121
2328.37 -178.824
2329.93 -179.527
2331.5 -180.23
2333.07 -180.935
2334.63 -181.639
2336.2 -182.345
2337.76 -183.05
2339.33 -183.757
2340.89 -184.464
2342.45 -185.171
2344.01 -185.879
2345.57 -186.587
2347.14 -187.296
2348.7 -188.005
2350.26 -188.715
2351.82 -189.425
2353.37 -190.136
2354.93 -190.847
2356.49 -191.559
2358.05 -192.271
2359.6 -192.983
2361.16 -193.696
2362.72 -194.41
2364.27 -195.124
2365.83 -195.838
2367.38 -196.553
2368.93 -197.268
2370.49 -197.983
2372.04 -198.699
2373.59 -199.415
2375.14 -200.132
2376.7 -200.849
2378.25 -201.567
2379.8 -202.285
2381.35 -203.003
2382.9 -203.721
2384.45 -204.44
2385.99 -205.16
2387.54 -205.88
2389.09 -206.6
2390.64 -207.32
2392.19 -208.041
2393.73 -208.762
2395.28 -209.484
2396.82 -210.206
2398.37 -210.928
2399.91 -211.65
2401.46 -212.373
2403 -213.096
2404.55 -213.82
2406.09 -214.544
2407.63 -215.268
2409.18 -215.992
2410.72 -216.717
2412.26 -217.442
2413.8 -218.167
2415.34 -218.893
2416.88 -219.619
2418.42 -220.345
2419.96 -221.072
2421.5 -221.798
2423.04 -222.526
2424.58 -223.253
2426.12 -223.981
2427.66 -224.709
2429.2 -225.437
2430.74 -226.165
2432.27 -226.894
2433.81 -227.623
2435.35 -228.352
2436.88 -229.082
2438.42 -229.811
2439.96 -230.541
2441.49 -231.272
2443.03 -232.002
2444.56 -232.733
2446.1 -233.464
2447.63 -234.195
2449.17 -234.926
2450.7 -235.658
2452.23 -236.39
2453.77 -237.122
2455.3 -237.854
2456.83 -238.587
2458.36 -239.32
2459.9 -240.053
2461.43 -240.786
2462.96 -241.519
2464.49 -242.253
2466.02 -242.987
2467.55 -243.721
2469.09 -244.455
2470.62 -245.19
2472.15 -245.924
2473.68 -246.659
2475.21 -247.394
2476.74 -248.129
2478.26 -248.865
2479.79 -249.6
2481.32 -250.336
2482.85 -251.072
2484.38 -251.808
2485.91 -252.545
2487.44 -253.281
2488.96 -254.018
2490.49 -254.755
2492.02 -255.492
2493.54 -256.229
2495.07 -256.966
2496.6 -257.704
2498.12 -258.442
2499.65 -259.179
2501.18 -259.918
2502.7 -260.656
2504.23 -261.394
2505.75 -262.133
2507.28 -262.871
2508.8 -263.61
2510.33 -264.349
2511.85 -265.088
2513.38 -265.827
2514.9 -266.567
2516.42 -267.306
2517.95 -268.046
2519.47 -268.786
2521 -269.526
2522.52 -270.266
2524.04 -271.006
2525.56 -271.746
2527.09 -272.487
2528.61 -273.228
2530.13 -273.968
2531.66 -274.709
2533.18 -275.45
2534.7 -276.191
2536.22 -276.933
2537.74 -277.674
2539.26 -278.416
2540.79 -279.157
2542.31 -279.899
2543.83 -280.641
2545.35 -281.383
2546.87 -282.125
2548.39 -282.867
2549.91 -283.61
2551.43 -284.352
2552.95 -285.095
2554.47 -285.838
2555.99 -286.58
2557.51 -287.323
2559.03 -288.066
2560.55 -288.809
2562.07 -289.553
2563.59 -290.296
2565.11 -291.039
2566.63 -291.783
2568.14 -292.527
2569.66 -293.27
2571.18 -294.014
2572.7 -294.758
2574.22 -295.502
2575.74 -296.246
2577.25 -296.99
2578.77 -297.735
2580.29 -298.479
2581.81 -299.224
2583.32 -299.968
2584.84 -300.713
2586.36 -301.458
2587.88 -302.202
2589.39 -302.947
2590.91 -303.692
2592.43 -304.437
2593.94 -305.183
2595.46 -305.928
2596.98 -306.673
2598.49 -307.419
2600.01 -308.164
2601.53 -308.91
2603.04 -309.655
2604.56 -310.401
2606.07 -311.147
2607.59 -311.893
2609.11 -312.639
2610.62 -313.385
2612.14 -314.131
2613.65 -314.877
2615.17 -315.623
2616.68 -316.37
2618.2 -317.116
2619.71 -317.863
2621.23 -318.609
2622.74 -319.356
2624.26 -320.102
2625.77 -320.849
2627.29 -321.596
2628.8 -322.343
2630.32 -323.09
2631.83 -323.837
2633.35 -324.584
2634.86 -325.331
2636.37 -326.078
2637.89 -326.825
2639.4 -327.573
2640.92 -328.32
2642.43 -329.068
2643.94 -329.815
2645.46 -330.563
2646.97 -331.31
2648.49 -332.058
2650 -332.805
2651.51 -333.553
2653.03 -334.301
2654.54 -335.049
2656.05 -335.797
2657.56 -336.545
2659.08 -337.293
2660.59 -338.041
2662.1 -338.789
2663.62 -339.537
2665.13 -340.286
2666.64 -341.034
2668.15 -341.782
2669.67 -342.531
2671.18 -343.279
2672.69 -344.027
2674.2 -344.776
2675.72 -345.525
2677.23 -346.273
2678.74 -347.022
2680.25 -347.771
2681.77 -348.519
2683.28 -349.268
2684.79 -350.017
2686.3 -350.766
2687.81 -351.515
2689.33 -352.264
2690.84 -353.013
2692.35 -353.762
2693.86 -354.511
2695.37 -355.26
2696.88 -356.009
2698.4 -356.759
2699.91 -357.508
2701.42 -358.257
2702.93 -359.006
2704.44 -359.756
2705.95 -360.505
2707.46 -361.255
2708.97 -362.004
2710.49 -362.754
2712 -363.503
2713.51 -364.253
2715.02 -365.003
2716.53 -365.752
2718.04 -366.502
2719.55 -367.252
2721.06 -368.001
2722.57 -368.751
2724.08 -369.501
2725.59 -370.251
2727.1 -371.001
2728.61 -371.751
2730.13 -372.501
2731.64 -373.251
2733.15 -374.001
2734.66 -374.751
2736.17 -375.501
2737.68 -376.251
2739.19 -377.001
2740.7 -377.751
2742.21 -378.502
2743.72 -379.252
2745.23 -380.002
2746.74 -380.752
2748.25 -381.503
2749.76 -382.253
2751.27 -383.004
2752.78 -383.754
2754.29 -384.504
2755.8 -385.255
2757.31 -386.005
2758.82 -386.756
2760.33 -387.506
2761.84 -388.257
2763.35 -389.008
2764.86 -389.758
2766.37 -390.509
2767.88 -391.259
2769.39 -392.01
2770.9 -392.761
2772.4 -393.512
2773.91 -394.262
2775.42 -395.013
2776.93 -395.764
2778.44 -396.515
2779.95 -397.266
2781.46 -398.017
2782.97 -398.767
2784.48 -399.518
2785.99 -400.269
2787.5 -401.02
2789.01 -401.771
2790.52 -402.522
2792.03 -403.273
2793.53 -404.024
2795.04 -404.775
2796.55 -405.527
2798.06 -406.278
2799.57 -407.029
2801.08 -407.78
2802.59 -408.531
2804.1 -409.282
2805.61 -410.033
2807.12 -410.785
2808.62 -411.536
2810.13 -412.287
2811.64 -413.038
2813.15 -413.79
2814.66 -414.541
2816.17 -415.292
2817.68 -416.044
2819.19 -416.795
2820.69 -417.546
2822.2 -418.298
2823.71 -419.049
2825.22 -419.801
2826.73 -420.552
2828.24 -421.304
2829.75 -422.055
2831.25 -422.807
2832.76 -423.558
2834.27 -424.31
2835.78 -425.061
2837.29 -425.813
2838.8 -426.564
2840.3 -427.316
2841.81 -428.067
2843.32 -428.819
2844.83 -429.571
2846.34 -430.322
2847.85 -431.074
2849.35 -431.826
2850.86 -432.577
2852.37 -433.329
2853.88 -434.081
2855.39 -434.832
2856.9 -435.584
2858.4 -436.336
2859.91 -437.088
2861.42 -437.839
2862.93 -438.591
2864.44 -439.343
2865.94 -440.095
2867.45 -440.847
2868.96 -441.599
2870.47 -442.35
2871.98 -443.102
2873.48 -443.854
2874.99 -444.606
2876.5 -445.358
2878.01 -446.11
2879.52 -446.862
2881.02 -447.614
2882.53 -448.366
2884.04 -449.118
2885.55 -449.869
2887.06 -450.621
2888.56 -451.373
2890.07 -452.125
2891.58 -452.877
2893.09 -453.629
2894.59 -454.381
2896.1 -455.134
2897.61 -455.886
2899.12 -456.638
2900.63 -457.39
2902.13 -458.142
2903.64 -458.894
2905.15 -459.646
2906.66 -460.398
2908.16 -461.15
2909.67 -461.902
2911.18 -462.654
2912.69 -463.407
2914.2 -464.159
2915.7 -464.911
2917.21 -465.663
2918.72 -466.415
2920.23 -467.167
2921.73 -467.92
2923.24 -468.672
2924.75 -469.424
2926.26 -470.176
2927.76 -470.928
2929.27 -471.681
2930.78 -472.433
2932.29 -473.185
2933.79 -473.937
2935.3 -474.69
2936.81 -475.442
2938.32 -476.194
2939.82 -476.946
2941.33 -477.699
2942.84 -478.451
2944.35 -479.203
2945.85 -479.956
2947.36 -480.708
2948.87 -481.46
2950.38 -482.212
2951.88 -482.965
2953.39 -483.717
2954.9 -484.47
2956.4 -485.222
2957.91 -485.974
2959.42 -486.727
2960.93 -487.479
2962.43 -488.231
2963.94 -488.984
2965.45 -489.736
2966.96 -490.489
2968.46 -491.241
2969.97 -491.993
2971.48 -492.746
2972.99 -493.498
2974.49 -494.251
2976 -495.003
2977.51 -495.756
2979.01 -496.508
2980.52 -497.26
2982.03 -498.013
2983.54 -498.765
2985.04 -499.518
2986.55 -500.27
2988.06 -501.023
2989.56 -501.775
2991.07 -502.528
2992.58 -503.28
2994.09 -504.033
2995.59 -504.785
2997.1 -505.538
2998.61 -506.29
3000.11 -507.043
3001.62 -507.795
3003.13 -508.548
3004.64 -509.3
3006.14 -510.053
3007.65 -510.805
3009.16 -511.558
3010.66 -512.311
3012.17 -513.063
3013.68 -513.816
3015.19 -514.568
3016.69 -515.321
3018.2 -516.073
3019.71 -516.826
3021.21 -517.578
3022.72 -518.331
3024.23 -519.084
3025.73 -519.836
3027.24 -520.589
3028.75 -521.341
3030.26 -522.094
3031.76 -522.847
3033.27 -523.599
3034.78 -524.352
3036.28 -525.105
3037.79 -525.857
3039.3 -526.61
3040.81 -527.362
3042.31 -528.115
3043.82 -528.868
3045.33 -529.62
3046.83 -530.373
3048.34 -531.126
3049.85 -531.878
3051.36 -532.631
3052.86 -533.384
3054.37 -534.136
3055.88 -534.889
3057.38 -535.642
3058.89 -536.394
3060.4 -537.147
3061.9 -537.9
3063.41 -538.652
3064.92 -539.405
3066.42 -540.158
3067.93 -540.91
3069.44 -541.663
3070.94 -542.416
3072.45 -543.168
3073.96 -543.921
3075.46 -544.674
3076.97 -545.427
3078.48 -546.179
3079.99 -546.932
3081.49 -547.685
3083 -548.437
3084.51 -549.19
3086.01 -549.943
3087.52 -550.696
3089.03 -551.448
3090.53 -552.201
3092.04 -552.954
3093.55 -553.707
3095.05 -554.459
3096.56 -555.212
3098.07 -555.965
3099.57 -556.718
3101.08 -557.47
3102.59 -558.223
3104.09 -558.976
3105.6 -559.729
3107.11 -560.481
3108.61 -561.234
3110.12 -561.987
3111.63 -562.74
3113.14 -563.492
3114.64 -564.245
3116.15 -564.998
3117.66 -565.75
3119.16 -566.503
3120.67 -567.256
3122.18 -568.009
3123.68 -568.762
3125.19 -569.514
3126.7 -570.267
3128.2 -571.02
3129.71 -571.773
3131.22 -572.526
3132.72 -573.279
3134.23 -574.031
3135.74 -574.784
3137.24 -575.537
3138.75 -576.29
3140.26 -577.043
3141.77 -577.795
3143.27 -578.548
3144.78 -579.301
3146.29 -580.054
3147.79 -580.807
3149.3 -581.559
3150.81 -582.312
3152.31 -583.065
3153.82 -583.818
3155.33 -584.571
3156.83 -585.323
3158.34 -586.076
3159.85 -586.829
3161.35 -587.582
3162.86 -588.335
3164.37 -589.087
3165.87 -589.84
3167.38 -590.593
3168.89 -591.346
3170.4 -592.099
3171.9 -592.852
3173.41 -593.604
3174.92 -594.357
3176.42 -595.11
3177.93 -595.863
3179.44 -596.616
3180.94 -597.369
3182.45 -598.122
3183.96 -598.874
3185.46 -599.627
3186.97 -600.38
3188.48 -601.133
3189.98 -601.886
3191.49 -602.639
3192.99 -603.392
3194.5 -604.144
3196.01 -604.897
3197.51 -605.65
3199.02 -606.403
3200.53 -607.156
3202.03 -607.909
3203.54 -608.662
3205.05 -609.415
3206.55 -610.167
3208.06 -610.92
3209.57 -611.673
3211.07 -612.426
3212.58 -613.179
3214.09 -613.932
3215.59 -614.685
3217.1 -615.438
3218.61 -616.19
3220.11 -616.943
3221.62 -617.696
3223.13 -618.449
3224.63 -619.202
3226.14 -619.955
3227.65 -620.708
3229.15 -621.46
3230.66 -622.213
3232.17 -622.966
3233.67 -623.719
3235.18 -624.472
3236.69 -625.225
3238.19 -625.978
3239.7 -626.731
3241.21 -627.483
3242.71 -628.236
3244.22 -628.989
3245.73 -629.742
3247.23 -630.495
3248.74 -631.248
3250.25 -632.001
3251.75 -632.753
3253.26 -633.506
3254.77 -634.259
3256.27 -635.012
3257.78 -635.765
3259.28 -636.518
3260.79 -637.271
3262.3 -638.024
3263.8 -638.776
3265.31 -639.529
3266.82 -640.282
3268.32 -641.035
3269.83 -641.788
3271.34 -642.541
3272.84 -643.294
3274.35 -644.047
3275.86 -644.8
3277.36 -645.553
3278.87 -646.306
3280.38 -647.059
3281.88 -647.812
3283.39 -648.565
3284.9 -649.318
3286.4 -650.07
3287.91 -650.823
3289.42 -651.576
3290.92 -652.329
3292.43 -653.082
3293.94 -653.835
3295.44 -654.588
3296.95 -655.341
3298.46 -656.094
3299.96 -656.847
3301.47 -657.6
3302.98 -658.353
3304.48 -659.106
3305.99 -659.859
3307.5 -660.611
3309 -661.364
3310.51 -662.117
3312.02 -662.87
3313.52 -663.623
3315.03 -664.376
3316.54 -665.129
3318.04 -665.882
3319.55 -666.635
3321.06 -667.388
3322.56 -668.141
3324.07 -668.894
3325.57 -669.647
3327.08 -670.4
3328.59 -671.152
3330.09 -671.905
3331.6 -672.658
3333.11 -673.411
3334.61 -674.164
3336.12 -674.917
3337.63 -675.67
3339.13 -676.423
3340.64 -677.176
3342.15 -677.929
3343.65 -678.682
3345.16 -679.435
3346.67 -680.188
3348.17 -680.941
3349.68 -681.693
3351.19 -682.446
3352.69 -683.199
3354.2 -683.952
3355.71 -684.705
3357.21 -685.458
3358.72 -686.211
3360.23 -686.964
3361.73 -687.717
3363.24 -688.47
3364.75 -689.223
3366.25 -689.976
3367.76 -690.729
3369.27 -691.482
3370.77 -692.234
3372.28 -692.987
3373.79 -693.74
3375.29 -694.493
3376.8 -695.246
3378.31 -695.999
3379.81 -696.752
3381.32 -697.505
3382.83 -698.258
3384.33 -699.011
3385.84 -699.764
3387.35 -700.517
3388.85 -701.27
3390.36 -702.023
3391.86 -702.776
3393.37 -703.528
3394.88 -704.281
3396.38 -705.034
3397.89 -705.787
3399.4 -706.54
3400.9 -707.293
3402.41 -708.046
3403.92 -708.799
3405.42 -709.552
3406.93 -710.305
3408.44 -711.058
3409.94 -711.811
3411.45 -712.564
3412.96 -713.317
3414.46 -714.069
3415.97 -714.822
3417.48 -715.575
3418.98 -716.328
3420.49 -717.081
3422 -717.834
3423.5 -718.587
3425.01 -719.34
3426.52 -720.093
3428.02 -720.846
3429.53 -721.599
3431.04 -722.352
3432.54 -723.105
3434.05 -723.858
3435.56 -724.61
3437.06 -725.363
3438.57 -726.116
3440.08 -726.869
3441.58 -727.622
3443.09 -728.375
3444.6 -729.128
3446.1 -729.881
3447.61 -730.634
3449.12 -731.387
