250 -600
251.487 -599.209
252.974 -598.419
254.462 -597.628
255.949 -596.837
257.436 -596.046
258.923 -595.256
260.41 -594.465
261.897 -593.674
263.385 -592.884
264.872 -592.093
266.359 -591.302
267.846 -590.511
269.333 -589.721
270.82 -588.93
272.308 -588.139
273.795 -587.349
275.282 -586.558
276.769 -585.767
278.256 -584.977
279.744 -584.186
281.231 -583.395
282.718 -582.604
284.205 -581.814
285.693 -581.023
287.18 -580.232
288.667 -579.442
290.154 -578.651
291.641 -577.86
293.129 -577.069
294.616 -576.279
296.103 -575.488
297.59 -574.697
299.078 -573.907
300.565 -573.116
302.052 -572.325
303.539 -571.534
305.026 -570.744
306.514 -569.953
308.001 -569.162
309.488 -568.372
310.975 -567.581
312.463 -566.79
313.95 -566
315.437 -565.209
316.925 -564.418
318.412 -563.628
319.899 -562.837
321.386 -562.046
322.874 -561.256
324.361 -560.465
325.848 -559.674
327.335 -558.884
328.823 -558.093
330.31 -557.302
331.797 -556.512
333.285 -555.721
334.772 -554.931
336.259 -554.14
337.747 -553.349
339.234 -552.559
340.721 -551.768
342.208 -550.977
343.696 -550.187
345.183 -549.396
346.671 -548.605
348.158 -547.815
349.645 -547.024
351.133 -546.233
352.62 -545.443
354.107 -544.652
355.595 -543.862
357.082 -543.071
358.569 -542.28
360.057 -541.49
361.544 -540.699
363.031 -539.909
364.519 -539.118
366.006 -538.328
367.493 -537.537
368.981 -536.746
370.468 -535.956
371.956 -535.165
373.443 -534.375
374.93 -533.584
376.418 -532.793
377.905 -532.003
379.393 -531.212
380.88 -530.422
382.368 -529.631
383.855 -528.841
385.342 -528.05
386.83 -527.259
388.317 -526.469
389.805 -525.678
391.292 -524.888
392.78 -524.097
394.267 -523.307
395.755 -522.516
397.242 -521.726
398.73 -520.935
400.217 -520.145
401.705 -519.354
403.192 -518.564
404.68 -517.773
406.167 -516.983
407.655 -516.192
409.142 -515.402
410.63 -514.611
412.117 -513.821
413.605 -513.03
415.092 -512.24
416.58 -511.449
418.067 -510.659
419.555 -509.868
421.043 -509.078
422.53 -508.287
424.018 -507.497
425.505 -506.706
426.993 -505.916
428.481 -505.126
429.968 -504.335
431.456 -503.545
432.943 -502.754
434.431 -501.964
435.919 -501.173
437.406 -500.383
438.894 -499.593
440.382 -498.802
441.869 -498.012
443.357 -497.221
444.845 -496.431
446.332 -495.641
447.82 -494.85
449.308 -494.06
450.795 -493.269
452.283 -492.479
453.771 -491.689
455.259 -490.898
456.746 -490.108
458.234 -489.318
459.722 -488.527
461.21 -487.737
462.697 -486.947
464.185 -486.156
465.673 -485.366
467.161 -484.576
468.649 -483.785
470.136 -482.995
471.624 -482.205
473.112 -481.415
474.6 -480.624
476.088 -479.834
477.576 -479.044
479.064 -478.254
480.551 -477.463
482.039 -476.673
483.527 -475.883
485.015 -475.093
486.503 -474.302
487.991 -473.512
489.479 -472.722
490.967 -471.932
492.455 -471.142
493.943 -470.351
495.431 -469.561
496.919 -468.771
498.407 -467.981
499.895 -467.191
501.383 -466.4
502.871 -465.61
504.359 -464.82
505.847 -464.03
507.335 -463.24
508.823 -462.45
510.311 -461.66
511.799 -460.87
513.288 -460.08
514.776 -459.289
516.264 -458.499
517.752 -457.709
519.24 -456.919
520.729 -456.129
522.217 -455.339
523.705 -454.549
525.193 -453.759
526.681 -452.969
528.17 -452.179
529.658 -451.389
531.146 -450.599
532.635 -449.809
534.123 -449.019
535.611 -448.229
537.1 -447.439
538.588 -446.649
540.076 -445.86
541.565 -445.07
543.053 -444.28
544.542 -443.49
546.03 -442.7
547.518 -441.91
549.007 -441.12
550.495 -440.33
551.984 -439.541
553.472 -438.751
554.961 -437.961
556.45 -437.171
557.938 -436.381
559.427 -435.592
560.915 -434.802
562.404 -434.012
563.893 -433.222
565.381 -432.433
566.87 -431.643
568.359 -430.853
569.847 -430.063
571.336 -429.274
572.825 -428.484
574.314 -427.694
575.802 -426.905
577.291 -426.115
578.78 -425.326
580.269 -424.536
581.758 -423.746
583.247 -422.957
584.736 -422.167
586.224 -421.378
587.713 -420.588
589.202 -419.799
590.691 -419.009
592.18 -418.22
593.67 -417.43
595.159 -416.641
596.648 -415.851
598.137 -415.062
599.626 -414.273
601.115 -413.483
602.604 -412.694
604.094 -411.904
605.583 -411.115
607.072 -410.326
608.561 -409.537
610.051 -408.747
611.54 -407.958
613.029 -407.169
614.519 -406.379
616.008 -405.59
617.498 -404.801
618.987 -404.012
620.477 -403.223
621.966 -402.434
623.456 -401.644
624.945 -400.855
626.435 -400.066
627.925 -399.277
629.414 -398.488
630.904 -397.699
632.394 -396.91
633.883 -396.121
635.373 -395.332
636.863 -394.543
638.353 -393.754
639.843 -392.965
641.333 -392.177
642.823 -391.388
644.313 -390.599
645.803 -389.81
647.293 -389.021
648.783 -388.233
650.273 -387.444
651.763 -386.655
653.253 -385.866
654.743 -385.078
656.234 -384.289
657.724 -383.5
659.214 -382.712
660.705 -381.923
662.195 -381.135
663.686 -380.346
665.176 -379.558
666.667 -378.769
668.157 -377.981
669.648 -377.192
671.138 -376.404
672.629 -375.616
674.12 -374.827
675.611 -374.039
677.101 -373.251
678.592 -372.463
680.083 -371.674
681.574 -370.886
683.065 -370.098
684.556 -369.31
686.047 -368.522
687.538 -367.734
689.029 -366.946
690.521 -366.158
692.012 -365.37
693.503 -364.582
694.994 -363.794
696.486 -363.006
697.977 -362.218
699.469 -361.43
700.96 -360.643
702.452 -359.855
703.943 -359.067
705.435 -358.28
706.927 -357.492
708.419 -356.704
709.911 -355.917
711.403 -355.129
712.894 -354.342
714.386 -353.554
715.879 -352.767
717.371 -351.98
718.863 -351.192
720.355 -350.405
721.847 -349.618
723.34 -348.831
724.832 -348.043
726.325 -347.256
727.817 -346.469
729.31 -345.682
730.803 -344.895
732.295 -344.108
733.788 -343.321
735.281 -342.534
736.774 -341.747
738.267 -340.961
739.76 -340.174
741.253 -339.387
742.746 -338.601
744.239 -337.814
745.733 -337.027
747.226 -336.241
748.72 -335.455
750.213 -334.668
751.707 -333.882
753.201 -333.095
754.694 -332.309
756.188 -331.523
757.682 -330.737
759.176 -329.951
760.67 -329.165
762.164 -328.379
763.658 -327.593
765.153 -326.807
766.647 -326.021
768.142 -325.235
769.636 -324.45
771.131 -323.664
772.625 -322.878
774.12 -322.093
775.615 -321.307
777.11 -320.522
778.605 -319.737
780.1 -318.951
781.596 -318.166
783.091 -317.381
784.586 -316.596
786.082 -315.811
787.578 -315.026
789.073 -314.241
790.569 -313.456
792.065 -312.671
793.561 -311.887
795.057 -311.102
796.553 -310.318
798.05 -309.533
799.546 -308.749
801.042 -307.964
802.539 -307.18
804.036 -306.396
805.533 -305.612
807.03 -304.828
808.527 -304.044
810.024 -303.26
811.521 -302.476
813.018 -301.692
814.516 -300.909
816.014 -300.125
817.511 -299.341
819.009 -298.558
820.507 -297.775
822.005 -296.991
823.504 -296.208
825.002 -295.425
826.5 -294.642
827.999 -293.859
829.498 -293.076
830.997 -292.294
832.496 -291.511
833.995 -290.729
835.494 -289.946
836.993 -289.164
838.493 -288.382
839.993 -287.599
841.492 -286.817
842.992 -286.035
844.492 -285.254
845.993 -284.472
847.493 -283.69
848.994 -282.909
850.494 -282.127
851.995 -281.346
853.496 -280.565
854.997 -279.783
856.499 -279.002
858 -278.221
859.502 -277.441
861.003 -276.66
862.505 -275.879
864.008 -275.099
865.51 -274.319
867.012 -273.538
868.515 -272.758
870.018 -271.978
871.521 -271.199
873.024 -270.419
874.527 -269.639
876.031 -268.86
877.534 -268.08
879.038 -267.301
880.542 -266.522
882.046 -265.743
883.551 -264.964
885.055 -264.186
886.56 -263.407
888.065 -262.629
889.571 -261.85
891.076 -261.072
892.582 -260.294
894.087 -259.517
895.594 -258.739
897.1 -257.961
898.606 -257.184
900.113 -256.407
901.62 -255.63
903.127 -254.853
904.634 -254.076
906.142 -253.299
907.65 -252.523
909.158 -251.747
910.666 -250.971
912.174 -250.195
913.683 -249.419
915.192 -248.643
916.701 -247.868
918.211 -247.093
919.72 -246.318
921.23 -245.543
922.741 -244.768
924.251 -243.994
925.762 -243.219
927.273 -242.445
928.784 -241.671
930.295 -240.897
931.807 -240.124
933.319 -239.35
934.832 -238.577
936.344 -237.804
937.857 -237.031
939.37 -236.259
940.884 -235.487
942.398 -234.714
943.912 -233.943
945.426 -233.171
946.941 -232.399
948.456 -231.628
949.971 -230.857
951.486 -230.086
953.002 -229.316
954.518 -228.545
956.035 -227.775
957.552 -227.005
959.069 -226.236
960.586 -225.466
962.104 -224.697
963.622 -223.928
965.141 -223.159
966.66 -222.391
968.179 -221.623
969.699 -220.855
971.219 -220.087
972.739 -219.32
974.26 -218.553
975.781 -217.786
977.302 -217.02
978.824 -216.253
980.346 -215.487
981.869 -214.722
983.392 -213.956
984.915 -213.191
986.439 -212.426
987.963 -211.662
989.487 -210.898
991.012 -210.134
992.538 -209.37
994.064 -208.607
995.59 -207.844
997.116 -207.081
998.644 -206.319
1000.17 -205.557
1001.7 -204.795
1003.23 -204.034
1004.76 -203.273
1006.29 -202.513
1007.82 -201.752
1009.35 -200.992
1010.88 -200.233
1012.41 -199.474
1013.94 -198.715
1015.47 -197.956
1017 -197.198
1018.54 -196.441
1020.07 -195.683
1021.61 -194.926
1023.14 -194.17
1024.67 -193.414
1026.21 -192.658
1027.75 -191.903
1029.28 -191.148
1030.82 -190.393
1032.36 -189.639
1033.9 -188.886
1035.44 -188.133
1036.98 -187.38
1038.52 -186.627
1040.06 -185.876
1041.6 -185.124
1043.14 -184.373
1044.68 -183.623
1046.23 -182.873
1047.77 -182.123
1049.31 -181.374
1050.86 -180.626
1052.4 -179.878
1053.95 -179.13
1055.5 -178.383
1057.04 -177.637
1058.59 -176.891
1060.14 -176.145
1061.69 -175.4
1063.24 -174.656
1064.79 -173.912
1066.34 -173.169
1067.9 -172.426
1069.45 -171.684
1071 -170.942
1072.56 -170.201
1074.11 -169.461
1075.67 -168.721
1077.22 -167.982
1078.78 -167.243
1080.34 -166.505
1081.9 -165.768
1083.46 -165.031
1085.02 -164.295
1086.58 -163.559
1088.14 -162.825
1089.7 -162.091
1091.27 -161.357
1092.83 -160.624
1094.4 -159.892
1095.96 -159.161
1097.53 -158.43
1099.1 -157.7
1100.67 -156.971
1102.24 -156.243
1103.81 -155.515
1105.38 -154.788
1106.95 -154.062
1108.52 -153.336
1110.1 -152.612
1111.67 -151.888
1113.25 -151.165
1114.82 -150.442
1116.4 -149.721
1117.98 -149
1119.56 -148.281
1121.14 -147.562
1122.72 -146.844
1124.31 -146.126
1125.89 -145.41
1127.47 -144.695
1129.06 -143.98
1130.65 -143.267
1132.23 -142.554
1133.82 -141.843
1135.41 -141.132
1137 -140.422
1138.6 -139.713
1140.19 -139.006
1141.78 -138.299
1143.38 -137.593
1144.98 -136.888
1146.57 -136.185
1148.17 -135.482
1149.77 -134.781
1151.37 -134.08
1152.98 -133.381
1154.58 -132.683
1156.19 -131.986
1157.79 -131.29
1159.4 -130.595
1161.01 -129.901
1162.62 -129.209
1164.23 -128.518
1165.84 -127.828
1167.45 -127.139
1169.07 -126.451
1170.69 -125.765
1172.3 -125.08
1173.92 -124.397
1175.54 -123.714
1177.16 -123.033
1178.79 -122.354
1180.41 -121.675
1182.04 -120.998
1183.67 -120.323
1185.29 -119.649
1186.92 -118.976
1188.56 -118.305
1190.19 -117.635
1191.82 -116.967
1193.46 -116.301
1195.1 -115.635
1196.74 -114.972
1198.38 -114.31
1200.02 -113.649
1201.66 -112.991
1203.31 -112.334
1204.95 -111.678
1206.6 -111.024
1208.25 -110.372
1209.9 -109.722
1211.56 -109.073
1213.21 -108.426
1214.87 -107.781
1216.53 -107.138
1218.19 -106.497
1219.85 -105.857
1221.51 -105.219
1223.18 -104.584
1224.84 -103.95
1226.51 -103.318
1228.18 -102.688
1229.85 -102.06
1231.53 -101.435
1233.2 -100.811
1234.88 -100.189
1236.56 -99.5699
1238.24 -98.9526
1239.92 -98.3374
1241.61 -97.7245
1243.3 -97.1138
1244.98 -96.5053
1246.67 -95.8991
1248.37 -95.2953
1250.06 -94.6938
1251.76 -94.0947
1253.46 -93.498
1255.16 -92.9037
1256.86 -92.3119
1258.56 -91.7226
1260.27 -91.1359
1261.98 -90.5517
1263.69 -89.9701
1265.4 -89.3912
1267.11 -88.8149
1268.83 -88.2414
1270.55 -87.6705
1272.27 -87.1025
1273.99 -86.5372
1275.71 -85.9748
1277.44 -85.4152
1279.17 -84.8586
1280.9 -84.3049
1282.63 -83.7542
1284.37 -83.2065
1286.1 -82.6619
1287.84 -82.1204
1289.58 -81.582
1291.33 -81.0467
1293.07 -80.5147
1294.82 -79.986
1296.57 -79.4605
1298.32 -78.9384
1300.08 -78.4196
1301.83 -77.9042
1303.59 -77.3923
1305.35 -76.8839
1307.12 -76.379
1308.88 -75.8777
1310.65 -75.38
1312.42 -74.8859
1314.19 -74.3956
1315.97 -73.909
1317.74 -73.4262
1319.52 -72.9472
1321.3 -72.4721
1323.09 -72.0009
1324.87 -71.5337
1326.66 -71.0705
1328.45 -70.6113
1330.24 -70.1562
1332.04 -69.7053
1333.84 -69.2586
1335.64 -68.8161
1337.44 -68.3778
1339.24 -67.9439
1341.05 -67.5144
1342.85 -67.0893
1344.66 -66.6686
1346.48 -66.2525
1348.29 -65.8409
1350.11 -65.4339
1351.93 -65.0315
1353.75 -65.4391
1355.56 -65.8513
1357.38 -66.2681
1359.19 -66.6895
1361 -67.1155
1362.81 -67.5459
1364.61 -67.9809
1366.42 -68.4202
1368.22 -68.8638
1370.02 -69.3118
1371.81 -69.764
1373.61 -70.2205
1375.4 -70.6811
1377.19 -71.1458
1378.98 -71.6146
1380.76 -72.0875
1382.55 -72.5643
1384.33 -73.0451
1386.11 -73.5297
1387.88 -74.0183
1389.66 -74.5106
1391.43 -75.0067
1393.2 -74.515
1394.97 -74.0269
1396.75 -73.5427
1398.53 -73.0623
1400.31 -72.5857
1402.09 -72.1131
1403.87 -71.6444
1405.66 -71.1797
1407.45 -70.719
1409.24 -70.2625
1411.04 -69.81
1412.83 -69.3617
1414.63 -68.9177
1416.43 -68.4779
1418.24 -68.0424
1420.04 -67.6113
1421.85 -67.1846
1423.66 -66.7623
1425.47 -66.3446
1427.28 -65.9314
1429.1 -65.5227
1430.92 -65.1187
1432.74 -64.7194
1434.56 -64.3248
1436.39 -63.935
1438.21 -63.5501
1440.04 -63.17
1441.88 -62.7948
1443.71 -62.4245
1445.54 -62.0593
1447.38 -61.6992
1449.22 -61.3441
1451.06 -60.9942
1452.91 -60.6495
1454.75 -60.31
1456.6 -59.9758
1458.45 -60.3157
1460.29 -60.6609
1462.14 -61.0114
1463.98 -61.3671
1465.82 -61.7279
1467.66 -62.094
1469.49 -62.4651
1471.33 -62.8412
1473.16 -63.2223
1474.99 -63.6084
1476.81 -63.9994
1478.64 -64.3952
1480.46 -64.7959
1482.28 -65.2012
1484.1 -65.6113
1485.91 -66.0261
1487.73 -66.4455
1489.54 -66.8694
1491.35 -67.2979
1493.15 -67.7308
1494.96 -68.1682
1496.76 -68.6099
1498.56 -69.056
1500.36 -69.5063
1502.15 -69.9609
1503.95 -70.4197
1505.74 -70.8827
1507.53 -71.3497
1509.31 -71.8208
1511.1 -72.2959
1512.88 -72.775
1514.66 -73.258
1516.44 -73.7448
1518.21 -74.2355
1519.98 -74.73
1521.75 -75.2283
1523.52 -75.7302
1525.29 -76.2358
1527.05 -76.745
1528.81 -77.2578
1530.57 -77.7741
1532.33 -78.2939
1534.08 -78.8172
1535.84 -79.3439
1537.59 -79.8739
1539.33 -80.4072
1541.08 -80.9439
1542.82 -81.4837
1544.57 -82.0268
1546.3 -82.5731
1548.04 -83.1225
1549.78 -83.675
1551.51 -84.2305
1553.24 -84.789
1554.97 -85.3505
1556.69 -85.915
1558.42 -86.4823
1560.14 -87.0526
1561.86 -87.6256
1563.58 -88.2015
1565.29 -88.7801
1567.01 -89.3614
1568.72 -89.9454
1570.43 -90.5321
1572.13 -91.1214
1573.84 -91.7133
1575.54 -92.3078
1577.24 -92.9048
1578.94 -93.5043
1580.64 -94.1062
1582.34 -94.7106
1584.03 -95.3173
1585.72 -95.9265
1587.41 -96.5379
1589.1 -97.1517
1590.78 -97.7678
1592.47 -98.3861
1594.15 -99.0066
1595.83 -99.6294
1597.51 -100.254
1599.18 -100.881
1600.86 -101.51
1602.53 -102.142
1604.2 -102.775
1605.87 -103.41
1607.54 -104.047
1609.2 -104.687
1610.87 -105.328
1612.53 -105.971
1614.19 -106.616
1615.85 -107.263
1617.51 -107.912
1619.16 -108.562
1620.81 -109.215
1622.47 -109.869
1624.12 -110.525
1625.76 -111.183
1627.41 -111.842
1629.06 -112.503
1630.7 -113.166
1632.34 -113.83
1633.98 -114.496
1635.62 -115.164
1637.26 -115.833
1638.89 -116.504
1640.53 -117.176
1642.16 -117.85
1643.79 -118.525
1645.42 -119.202
1647.05 -119.88
1648.68 -120.56
1650.3 -121.241
1651.93 -121.924
1653.55 -122.608
1655.17 -123.293
1656.79 -123.98
1658.41 -124.668
1660.03 -125.357
1661.64 -126.048
1663.26 -126.74
1664.87 -127.433
1666.48 -128.127
1668.09 -128.823
1669.7 -129.52
1671.31 -130.218
1672.92 -130.917
1674.52 -131.618
1676.12 -132.319
1677.73 -133.022
1679.33 -133.726
1680.93 -134.431
1682.53 -135.137
1684.13 -135.844
1685.72 -136.552
1687.32 -137.262
1688.91 -137.972
1690.51 -138.683
1692.1 -139.396
1693.69 -140.109
1695.28 -140.824
1696.87 -141.539
1698.46 -142.256
1700.04 -142.973
1701.63 -143.691
1703.21 -144.41
1704.8 -145.13
1706.38 -145.852
1707.96 -146.573
1709.54 -147.296
1711.12 -148.02
1712.7 -148.744
1714.28 -149.47
1715.85 -150.196
1717.43 -150.923
1719 -151.651
1720.57 -152.38
1722.15 -153.109
1723.72 -153.84
1725.29 -154.571
1726.86 -155.303
1728.43 -156.035
1730 -156.769
1731.56 -157.503
1733.13 -158.237
1734.69 -158.973
1736.26 -159.709
1737.82 -160.446
1739.39 -161.184
1740.95 -161.922
1742.51 -162.661
1744.07 -163.401
1745.63 -164.141
1747.19 -164.882
1748.74 -165.624
1750.3 -166.366
1751.86 -167.109
1753.41 -167.853
1754.97 -168.597
1756.52 -169.342
1758.08 -170.087
1759.63 -170.833
1761.18 -171.58
1762.73 -172.327
1764.28 -173.075
1765.83 -173.823
1767.38 -174.572
1768.93 -175.321
1770.47 -176.071
1772.02 -176.822
1773.57 -177.573
1775.11 -178.324
1776.66 -179.076
1778.2 -179.829
1779.75 -180.582
1781.29 -181.335
1782.83 -182.089
1784.37 -182.844
1785.91 -183.599
1787.45 -184.355
1788.99 -185.11
1790.53 -185.867
1792.07 -186.624
1793.61 -187.381
1795.15 -188.139
1796.68 -188.897
1798.22 -189.656
1799.76 -190.415
1801.29 -191.174
1802.83 -191.934
1804.36 -192.695
1805.89 -193.455
1807.43 -194.217
1808.96 -194.978
1810.49 -195.74
1812.02 -196.502
1813.55 -197.265
1815.08 -198.028
1816.61 -198.792
1818.14 -199.556
1819.67 -200.32
1821.2 -201.085
1822.73 -201.849
1824.26 -202.615
1825.78 -203.38
1827.31 -204.146
1828.84 -204.913
1830.36 -205.68
1831.89 -206.447
1833.41 -207.214
1834.94 -207.982
1836.46 -208.75
1837.98 -209.518
1839.51 -210.287
1841.03 -211.056
1842.55 -211.825
1844.07 -212.594
1845.59 -213.364
1847.12 -214.134
1848.64 -214.905
1850.16 -215.676
1851.68 -216.447
1853.2 -217.218
1854.71 -217.99
1856.23 -218.761
1857.75 -219.534
1859.27 -220.306
1860.79 -221.079
1862.3 -221.852
1863.82 -222.625
1865.34 -223.398
1866.85 -224.172
1868.37 -224.946
1869.89 -225.72
1871.4 -226.495
1872.91 -227.269
1874.43 -228.044
1875.94 -228.819
1877.46 -229.595
1878.97 -230.371
1880.48 -231.146
1882 -231.923
1883.51 -232.699
1885.02 -233.475
1886.53 -234.252
1888.04 -235.029
1889.56 -235.806
1891.07 -236.584
1892.58 -237.361
1894.09 -238.139
1895.6 -238.917
1897.11 -239.695
1898.62 -240.474
1900.13 -241.252
1901.64 -242.031
1903.14 -242.81
1904.65 -243.589
1906.16 -244.369
1907.67 -245.148
1909.18 -245.928
1910.68 -246.708
1912.19 -247.488
1913.7 -248.268
1915.21 -249.049
1916.71 -249.83
1918.22 -250.61
1919.72 -251.391
1921.23 -252.173
1922.73 -252.954
1924.24 -253.735
1925.75 -254.517
1927.25 -255.299
1928.75 -256.081
1930.26 -256.863
1931.76 -257.645
1933.27 -258.427
1934.77 -259.21
1936.27 -259.993
1937.78 -260.776
1939.28 -261.559
1940.78 -262.342
1942.29 -263.125
1943.79 -263.908
1945.29 -264.692
1946.79 -265.476
1948.29 -266.26
1949.8 -267.043
1951.3 -267.828
1952.8 -268.612
1954.3 -269.396
1955.8 -270.181
1957.3 -270.965
1958.8 -271.75
1960.3 -272.535
1961.8 -273.32
1963.3 -274.105
1964.8 -274.89
1966.3 -275.676
1967.8 -276.461
1969.3 -277.247
1970.8 -278.032
1972.3 -278.818
1973.8 -279.604
1975.3 -280.39
1976.8 -281.176
1978.29 -281.963
1979.79 -282.749
1981.29 -283.535
1982.79 -284.322
1984.29 -285.109
1985.78 -285.895
1987.28 -286.682
1988.78 -287.469
1990.28 -288.256
1991.77 -289.043
1993.27 -289.831
1994.77 -290.618
1996.26 -291.406
1997.76 -292.193
1999.26 -292.981
2000.75 -293.768
2002.25 -294.556
2003.74 -295.344
2005.24 -296.132
2006.74 -296.92
2008.23 -297.708
2009.73 -298.497
2011.22 -299.285
2012.72 -300.073
2014.21 -300.862
2015.71 -301.65
2017.2 -302.439
2018.7 -303.228
2020.19 -304.017
2021.69 -304.806
2023.18 -305.595
2024.68 -306.384
2026.17 -307.173
2027.66 -307.962
2029.16 -308.751
2030.65 -309.54
2032.15 -310.33
2033.64 -311.119
2035.13 -311.909
2036.63 -312.699
2038.12 -313.488
2039.61 -314.278
2041.11 -315.068
2042.6 -315.858
2044.09 -316.648
2045.58 -317.438
2047.08 -318.228
2048.57 -319.018
2050.06 -319.808
2051.56 -320.598
2053.05 -321.389
2054.54 -322.179
2056.03 -322.97
2057.52 -323.76
2059.02 -324.551
2060.51 -325.341
2062 -326.132
2063.49 -326.923
2064.98 -327.714
2066.48 -328.504
2067.97 -329.295
2069.46 -330.086
2070.95 -330.877
2072.44 -331.668
2073.93 -332.46
2075.42 -333.251
2076.92 -334.042
2078.41 -334.833
2079.9 -335.624
2081.39 -336.416
2082.88 -337.207
2084.37 -337.999
2085.86 -338.79
2087.35 -339.582
2088.84 -340.373
2090.33 -341.165
2091.82 -341.957
2093.31 -342.749
2094.8 -343.54
2096.29 -344.332
2097.78 -345.124
2099.27 -345.916
2100.76 -346.708
2102.25 -347.5
2103.74 -348.292
2105.23 -349.084
2106.72 -349.876
2108.21 -350.668
2109.7 -351.461
2111.19 -352.253
2112.68 -353.045
2114.17 -353.837
2115.66 -354.63
2117.15 -355.422
2118.64 -356.215
2120.13 -357.007
2121.62 -357.8
2123.11 -358.592
2124.6 -359.385
2126.09 -360.177
2127.57 -360.97
2129.06 -361.763
2130.55 -362.555
2132.04 -363.348
2133.53 -364.141
2135.02 -364.934
2136.51 -365.727
2138 -366.519
2139.48 -367.312
2140.97 -368.105
2142.46 -368.898
2143.95 -369.691
2145.44 -370.484
2146.93 -371.277
2148.42 -372.07
2149.9 -372.864
2151.39 -373.657
2152.88 -374.45
2154.37 -375.243
2155.86 -376.036
2157.34 -376.83
2158.83 -377.623
2160.32 -378.416
2161.81 -379.21
2163.3 -380.003
2164.78 -380.796
2166.27 -381.59
2167.76 -382.383
2169.25 -383.177
2170.74 -383.97
2172.22 -384.764
2173.71 -385.557
2175.2 -386.351
2176.69 -387.145
2178.17 -387.938
2179.66 -388.732
2181.15 -389.525
2182.64 -390.319
2184.12 -391.113
2185.61 -391.907
2187.1 -392.7
2188.59 -393.494
2190.07 -394.288
2191.56 -395.082
2193.05 -395.876
2194.53 -396.67
2196.02 -397.463
2197.51 -398.257
2199 -399.051
2200.48 -399.845
2201.97 -400.639
2203.46 -401.433
2204.94 -402.227
2206.43 -403.021
2207.92 -403.815
2209.41 -404.609
2210.89 -405.403
2212.38 -406.198
2213.87 -406.992
2215.35 -407.786
2216.84 -408.58
2218.33 -409.374
2219.81 -410.168
2221.3 -410.963
2222.79 -411.757
2224.27 -412.551
2225.76 -413.345
2227.25 -414.14
2228.73 -414.934
2230.22 -415.728
2231.71 -416.522
2233.19 -417.317
2234.68 -418.111
2236.16 -418.906
2237.65 -419.7
2239.14 -420.494
2240.62 -421.289
2242.11 -422.083
2243.6 -422.878
2245.08 -423.672
2246.57 -424.466
2248.06 -425.261
2249.54 -426.055
2251.03 -426.85
2252.51 -427.645
2254 -428.439
2255.49 -429.234
2256.97 -430.028
2258.46 -430.823
2259.94 -431.617
2261.43 -432.412
2262.92 -433.207
2264.4 -434.001
2265.89 -434.796
2267.38 -435.591
2268.86 -436.385
2270.35 -437.18
2271.83 -437.975
2273.32 -438.769
2274.8 -439.564
2276.29 -440.359
2277.78 -441.153
2279.26 -441.948
2280.75 -442.743
2282.23 -443.538
2283.72 -444.332
2285.21 -445.127
2286.69 -445.922
2288.18 -446.717
2289.66 -447.512
2291.15 -448.307
2292.63 -449.101
2294.12 -449.896
2295.61 -450.691
2297.09 -451.486
2298.58 -452.281
2300.06 -453.076
2301.55 -453.871
2303.03 -454.666
2304.52 -455.46
2306.01 -456.255
2307.49 -457.05
2308.98 -457.845
2310.46 -458.64
2311.95 -459.435
2313.43 -460.23
2314.92 -461.025
2316.4 -461.82
2317.89 -462.615
2319.38 -463.41
2320.86 -464.205
2322.35 -465
2323.83 -465.795
2325.32 -466.59
2326.8 -467.385
2328.29 -468.18
2329.77 -468.975
2331.26 -469.77
2332.74 -470.565
2334.23 -471.361
2335.71 -472.156
2337.2 -472.951
2338.69 -473.746
2340.17 -474.541
2341.66 -475.336
2343.14 -476.131
2344.63 -476.926
2346.11 -477.721
2347.6 -478.517
2349.08 -479.312
2350.57 -480.107
2352.05 -480.902
2353.54 -481.697
2355.02 -482.492
2356.51 -483.288
2357.99 -484.083
2359.48 -484.878
2360.96 -485.673
2362.45 -486.468
2363.94 -487.264
2365.42 -488.059
2366.91 -488.854
2368.39 -489.649
2369.88 -490.444
2371.36 -491.24
2372.85 -492.035
2374.33 -492.83
2375.82 -493.625
2377.3 -494.421
2378.79 -495.216
2380.27 -496.011
2381.76 -496.807
2383.24 -497.602
2384.73 -498.397
2386.21 -499.192
2387.7 -499.988
2389.18 -500.783
2390.67 -501.578
2392.15 -502.374
2393.64 -503.169
2395.12 -503.964
2396.61 -504.76
2398.09 -505.555
2399.58 -506.35
2401.06 -507.146
2402.55 -507.941
2404.03 -508.736
2405.52 -509.532
2407 -510.327
2408.49 -511.122
2409.97 -511.918
2411.46 -512.713
2412.94 -513.508
2414.43 -514.304
2415.91 -515.099
2417.4 -515.895
2418.88 -516.69
2420.37 -517.485
2421.85 -518.281
2423.34 -519.076
2424.82 -519.872
2426.31 -520.667
2427.79 -521.462
2429.28 -522.258
2430.76 -523.053
2432.24 -523.849
2433.73 -524.644
2435.21 -525.44
2436.7 -526.235
2438.18 -527.03
2439.67 -527.826
2441.15 -528.621
2442.64 -529.417
2444.12 -530.212
2445.61 -531.008
2447.09 -531.803
2448.58 -532.599
2450.06 -533.394
2451.55 -534.19
2453.03 -534.985
2454.52 -535.78
2456 -536.576
2457.49 -537.371
2458.97 -538.167
2460.46 -538.962
2461.94 -539.758
2463.43 -540.553
2464.91 -541.349
2466.4 -542.144
2467.88 -542.94
2469.37 -543.735
2470.85 -544.531
2472.34 -545.326
2473.82 -546.122
2475.31 -546.917
2476.79 -547.713
2478.27 -548.508
2479.76 -549.304
2481.24 -550.099
2482.73 -550.895
2484.21 -551.69
2485.7 -552.486
2487.18 -553.281
2488.67 -554.077
2490.15 -554.873
2491.64 -555.668
2493.12 -556.464
2494.61 -557.259
2496.09 -558.055
2497.57 -558.85
2499.06 -559.646
2500.54 -560.441
2502.03 -561.237
2503.51 -562.032
2505 -562.828
2506.48 -563.623
2507.97 -564.419
2509.45 -565.214
2510.94 -566.01
2512.42 -566.806
2513.91 -567.601
2515.39 -568.397
2516.87 -569.192
2518.36 -569.988
2519.84 -570.784
2521.33 -571.579
2522.81 -572.375
2524.3 -573.17
2525.78 -573.966
2527.27 -574.761
2528.75 -575.557
2530.24 -576.353
2531.72 -577.148
2533.21 -577.944
2534.69 -578.739
2536.17 -579.535
2537.66 -580.331
2539.14 -581.126
2540.63 -581.922
2542.11 -582.717
2543.6 -583.513
2545.08 -584.309
2546.57 -585.104
2548.05 -585.9
2549.54 -586.695
2551.02 -587.491
2552.51 -588.287
2553.99 -589.082
2555.47 -589.878
2556.96 -590.673
2558.44 -591.469
2559.93 -592.265
2561.41 -593.06
2562.9 -593.856
2564.38 -594.651
2565.87 -595.447
2567.35 -596.242
2568.84 -597.038
2570.32 -597.834
2571.81 -598.629
2573.29 -599.425
2574.77 -600.221
2576.26 -601.016
2577.74 -601.812
2579.23 -602.608
2580.71 -603.403
2582.2 -604.199
2583.68 -604.995
2585.17 -605.79
2586.65 -606.586
2588.14 -607.382
2589.62 -608.177
2591.11 -608.973
2592.59 -609.768
2594.07 -610.564
2595.56 -611.36
2597.04 -612.155
2598.53 -612.951
2600.01 -613.747
2601.5 -614.542
2602.98 -615.338
2604.47 -616.134
2605.95 -616.929
2607.44 -617.725
2608.92 -618.521
2610.41 -619.316
2611.89 -620.112
2613.38 -620.908
2614.86 -621.703
2616.34 -622.499
2617.83 -623.295
2619.31 -624.09
2620.8 -624.886
2622.28 -625.682
2623.77 -626.477
2625.25 -627.273
2626.74 -628.069
2628.22 -628.864
2629.71 -629.66
2631.19 -630.456
2632.68 -631.251
2634.16 -632.047
2635.64 -632.842
2637.13 -633.638
2638.61 -634.434
2640.1 -635.229
2641.58 -636.025
2643.07 -636.821
2644.55 -637.616
2646.03 -638.412
2647.52 -639.208
2649 -640.003
2650.49 -640.799
2651.97 -641.595
2653.46 -642.39
2654.94 -643.186
2656.43 -643.982
2657.91 -644.777
2659.39 -645.573
2660.88 -646.369
2662.36 -647.164
2663.85 -647.96
2665.33 -648.756
2666.82 -649.551
2668.3 -650.347
2669.78 -651.143
2671.27 -651.938
2672.75 -652.734
2674.24 -653.529
2675.72 -654.325
2677.21 -655.121
2678.69 -655.917
2680.18 -656.712
2681.66 -657.508
2683.14 -658.304
2684.63 -659.099
2686.11 -659.895
2687.6 -660.691
2689.08 -661.487
2690.57 -662.282
2692.05 -663.078
2693.53 -663.874
2695.02 -664.669
2696.5 -665.465
2697.99 -666.261
2699.47 -667.057
2700.96 -667.852
2702.44 -668.648
2703.93 -669.444
2705.41 -670.239
2706.89 -671.035
2708.38 -671.831
2709.86 -672.627
2711.35 -673.422
2712.83 -674.218
2714.32 -675.014
2715.8 -675.809
2717.28 -676.605
2718.77 -677.401
2720.25 -678.197
2721.74 -678.992
2723.22 -679.788
2724.71 -680.584
2726.19 -681.379
2727.68 -682.175
2729.16 -682.971
2730.64 -683.767
2732.13 -684.562
2733.61 -685.358
2735.1 -686.154
2736.58 -686.949
2738.07 -687.745
2739.55 -688.541
2741.03 -689.337
2742.52 -690.132
2744 -690.928
2745.49 -691.724
2746.97 -692.519
2748.46 -693.315
2749.94 -694.111
2751.43 -694.907
2752.91 -695.702
2754.39 -696.498
2755.88 -697.294
2757.36 -698.089
2758.85 -698.885
2760.33 -699.681
2761.82 -700.477
2763.3 -701.272
2764.78 -702.068
2766.27 -702.864
2767.75 -703.659
2769.24 -704.455
2770.72 -705.251
2772.21 -706.047
2773.69 -706.842
2775.18 -707.638
2776.66 -708.434
2778.14 -709.229
2779.63 -710.025
2781.11 -710.821
2782.6 -711.617
2784.08 -712.412
2785.57 -713.208
2787.05 -714.004
2788.53 -714.799
2790.02 -715.595
2791.5 -716.391
2792.99 -717.187
2794.47 -717.982
2795.96 -718.778
2797.44 -719.574
2798.93 -720.369
2800.41 -721.165
2801.89 -721.961
2803.38 -722.757
2804.86 -723.552
2806.35 -724.348
2807.83 -725.144
2809.32 -725.939
2810.8 -726.735
2812.28 -727.531
2813.77 -728.327
2815.25 -729.122
2816.74 -729.918
2818.22 -730.714
2819.71 -731.509
2821.19 -732.305
2822.68 -733.101
2824.16 -733.897
2825.64 -734.692
2827.13 -735.488
2828.61 -736.284
2830.1 -737.079
2831.58 -737.875
2833.07 -738.671
2834.55 -739.467
2836.03 -740.262
2837.52 -741.058
2839 -741.854
2840.49 -742.649
2841.97 -743.445
2843.46 -744.241
2844.94 -745.037
2846.43 -745.832
2847.91 -746.628
2849.39 -747.424
2850.88 -748.219
2852.36 -749.015
2853.85 -749.811
2855.33 -750.607
2856.82 -751.402
2858.3 -752.198
2859.78 -752.994
2861.27 -753.789
2862.75 -754.585
2864.24 -755.381
2865.72 -756.177
2867.21 -756.972
2868.69 -757.768
2870.18 -758.564
2871.66 -759.359
2873.14 -760.155
2874.63 -760.951
2876.11 -761.747
2877.6 -762.542
2879.08 -763.338
2880.57 -764.134
2882.05 -764.93
2883.53 -765.725
2885.02 -766.521
2886.5 -767.317
2887.99 -768.112
2889.47 -768.908
2890.96 -769.704
2892.44 -770.5
2893.93 -771.295
2895.41 -772.091
2896.89 -772.887
2898.38 -773.682
2899.86 -774.478
2901.35 -775.274
2902.83 -776.07
2904.32 -776.865
2905.8 -777.661
2907.28 -778.457
2908.77 -779.252
2910.25 -780.048
2911.74 -780.844
2913.22 -781.64
2914.71 -782.435
2916.19 -783.231
2917.68 -784.027
2919.16 -784.822
2920.64 -785.618
2922.13 -786.414
2923.61 -787.21
2925.1 -788.005
2926.58 -788.801
2928.07 -789.597
2929.55 -790.392
2931.03 -791.188
2932.52 -791.984
2934 -792.78
2935.49 -793.575
2936.97 -794.371
2938.46 -795.167
2939.94 -795.962
2941.43 -796.758
2942.91 -797.554
2944.39 -798.35
2945.88 -799.145
2947.36 -799.941
2948.85 -800.737
2950.33 -801.532
2951.82 -802.328
2953.3 -803.124
2954.78 -803.92
2956.27 -804.715
2957.75 -805.511
2959.24 -806.307
2960.72 -807.102
2962.21 -807.898
2963.69 -808.694
2965.18 -809.49
2966.66 -810.285
2968.14 -811.081
2969.63 -811.877
2971.11 -812.672
2972.6 -813.468
2974.08 -814.264
2975.57 -815.06
2977.05 -815.855
2978.53 -816.651
2980.02 -817.447
2981.5 -818.242
2982.99 -819.038
2984.47 -819.834
2985.96 -820.63
2987.44 -821.425
2988.93 -822.221
2990.41 -823.017
2991.89 -823.812
2993.38 -824.608
2994.86 -825.404
2996.35 -826.2
2997.83 -826.995
2999.32 -827.791
3000.8 -828.587
3002.28 -829.382
3003.77 -830.178
3005.25 -830.974
3006.74 -831.77
3008.22 -832.565
3009.71 -833.361
3011.19 -834.157
3012.68 -834.952
3014.16 -835.748
3015.64 -836.544
3017.13 -837.34
3018.61 -838.135
3020.1 -838.931
3021.58 -839.727
3023.07 -840.522
3024.55 -841.318
3026.03 -842.114
3027.52 -842.91
3029 -843.705
3030.49 -844.501
3031.97 -845.297
3033.46 -846.092
3034.94 -846.888
3036.43 -847.684
3037.91 -848.48
3039.39 -849.275
3040.88 -850.071
3042.36 -850.867
3043.85 -851.662
3045.33 -852.458
3046.82 -853.254
3048.3 -854.05
3049.78 -854.845
3051.27 -855.641
3052.75 -856.437
3054.24 -857.232
3055.72 -858.028
3057.21 -858.824
3058.69 -859.62
3060.18 -860.415
3061.66 -861.211
3063.14 -862.007
3064.63 -862.802
3066.11 -863.598
3067.6 -864.394
3069.08 -865.19
3070.57 -865.985
3072.05 -866.781
3073.53 -867.577
3075.02 -868.372
3076.5 -869.168
3077.99 -869.964
3079.47 -870.76
3080.96 -871.555
3082.44 -872.351
3083.93 -873.147
3085.41 -873.943
3086.89 -874.738
3088.38 -875.534
3089.86 -876.33
3091.35 -877.125
3092.83 -877.921
3094.32 -878.717
3095.8 -879.513
3097.28 -880.308
3098.77 -881.104
3100.25 -881.9
3101.74 -882.695
3103.22 -883.491
3104.71 -884.287
3106.19 -885.083
3107.68 -885.878
3109.16 -886.674
3110.64 -887.47
3112.13 -888.265
3113.61 -889.061
3115.1 -889.857
3116.58 -890.653
3118.07 -891.448
3119.55 -892.244
3121.03 -893.04
3122.52 -893.835
3124 -894.631
3125.49 -895.427
3126.97 -896.223
3128.46 -897.018
3129.94 -897.814
3131.43 -898.61
3132.91 -899.405
3134.39 -900.201
3135.88 -900.997
3137.36 -901.793
3138.85 -902.588
3140.33 -903.384
3141.82 -904.18
3143.3 -904.975
3144.78 -905.771
3146.27 -906.567
3147.75 -907.363
3149.24 -908.158
3150.72 -908.954
3152.21 -909.75
3153.69 -910.545
3155.18 -911.341
3156.66 -912.137
3158.14 -912.933
3159.63 -913.728
3161.11 -914.524
3162.6 -915.32
3164.08 -916.115
3165.57 -916.911
3167.05 -917.707
3168.53 -918.503
3170.02 -919.298
3171.5 -920.094
3172.99 -920.89
3174.47 -921.685
3175.96 -922.481
3177.44 -923.277
3178.93 -924.073
3180.41 -924.868
3181.89 -925.664
3183.38 -926.46
3184.86 -927.255
3186.35 -928.051
3187.83 -928.847
3189.32 -929.643
3190.8 -930.438
3192.28 -931.234
3193.77 -932.03
3195.25 -932.825
3196.74 -933.621
3198.22 -934.417
3199.71 -935.213
3201.19 -936.008
3202.68 -936.804
3204.16 -937.6
3205.64 -938.395
3207.13 -939.191
3208.61 -939.987
3210.1 -940.783
3211.58 -941.578
3213.07 -942.374
3214.55 -943.17
3216.03 -943.965
3217.52 -944.761
3219 -945.557
3220.49 -946.353
3221.97 -947.148
3223.46 -947.944
3224.94 -948.74
3226.43 -949.535
3227.91 -950.331
3229.39 -951.127
3230.88 -951.923
3232.36 -952.718
3233.85 -953.514
3235.33 -954.31
3236.82 -955.105
3238.3 -955.901
3239.78 -956.697
3241.27 -957.493
3242.75 -958.288
3244.24 -959.084
3245.72 -959.88
3247.21 -960.675
3248.69 -961.471
3250.18 -962.267
3251.66 -963.063
3253.14 -963.858
3254.63 -964.654
3256.11 -965.45
3257.6 -966.245
3259.08 -967.041
3260.57 -967.837
3262.05 -968.633
3263.53 -969.428
3265.02 -970.224
3266.5 -971.02
3267.99 -971.815
3269.47 -972.611
3270.96 -973.407
3272.44 -974.203
3273.93 -974.998
3275.41 -975.794
3276.89 -976.59
3278.38 -977.385
3279.86 -978.181
3281.35 -978.977
3282.83 -979.773
3284.32 -980.568
3285.8 -981.364
3287.28 -982.16
3288.77 -982.956
3290.25 -983.751
3291.74 -984.547
3293.22 -985.343
3294.71 -986.138
3296.19 -986.934
3297.68 -987.73
3299.16 -988.526
3300.64 -989.321
3302.13 -990.117
3303.61 -990.913
3305.1 -991.708
3306.58 -992.504
3308.07 -993.3
3309.55 -994.096
3311.03 -994.891
3312.52 -995.687
3314 -996.483
3315.49 -997.278
