250 -600
251.514 -599.262
253.028 -598.523
254.542 -597.785
256.055 -597.047
257.569 -596.308
259.083 -595.57
260.597 -594.832
262.111 -594.093
263.625 -593.355
265.139 -592.617
266.652 -591.878
268.166 -591.14
269.68 -590.402
271.194 -589.663
272.708 -588.925
274.222 -588.187
275.736 -587.448
277.25 -586.71
278.764 -585.971
280.277 -585.233
281.791 -584.495
283.305 -583.756
284.819 -583.018
286.333 -582.28
287.847 -581.541
289.361 -580.803
290.875 -580.065
292.389 -579.326
293.903 -578.588
295.416 -577.85
296.93 -577.112
298.444 -576.373
299.958 -575.635
301.472 -574.897
302.986 -574.158
304.5 -573.42
306.014 -572.682
307.528 -571.944
309.042 -571.205
310.556 -570.467
312.07 -569.729
313.584 -568.99
315.098 -568.252
316.612 -567.514
318.125 -566.776
319.639 -566.037
321.153 -565.299
322.667 -564.561
324.181 -563.822
325.695 -563.084
327.209 -562.346
328.723 -561.608
330.237 -560.869
331.751 -560.131
333.265 -559.393
334.779 -558.654
336.293 -557.916
337.807 -557.178
339.321 -556.44
340.835 -555.701
342.349 -554.963
343.863 -554.225
345.377 -553.487
346.891 -552.749
348.405 -552.01
349.919 -551.272
351.433 -550.534
352.947 -549.796
354.461 -549.057
355.975 -548.319
357.489 -547.581
359.003 -546.843
360.517 -546.105
362.031 -545.366
363.545 -544.628
365.059 -543.89
366.573 -543.152
368.087 -542.413
369.602 -541.675
371.116 -540.937
372.63 -540.199
374.144 -539.461
375.658 -538.722
377.172 -537.984
378.686 -537.246
380.2 -536.508
381.714 -535.77
383.228 -535.032
384.742 -534.294
386.256 -533.555
387.771 -532.817
389.285 -532.079
390.799 -531.341
392.313 -530.603
393.827 -529.865
395.341 -529.126
396.855 -528.388
398.369 -527.65
399.884 -526.912
401.398 -526.174
402.912 -525.436
404.426 -524.698
405.94 -523.96
407.454 -523.221
408.969 -522.483
410.483 -521.745
411.997 -521.007
413.511 -520.269
415.025 -519.531
416.539 -518.793
418.054 -518.055
419.568 -517.317
421.082 -516.579
422.596 -515.84
424.111 -515.102
425.625 -514.364
427.139 -513.626
428.653 -512.888
430.167 -512.15
431.682 -511.412
433.196 -510.674
434.71 -509.936
436.225 -509.198
437.739 -508.46
439.253 -507.722
440.767 -506.984
442.282 -506.246
443.796 -505.508
445.31 -504.77
446.825 -504.032
448.339 -503.294
449.853 -502.556
451.368 -501.818
452.882 -501.08
454.396 -500.342
455.911 -499.604
457.425 -498.866
458.939 -498.128
460.454 -497.39
461.968 -496.652
463.482 -495.914
464.997 -495.176
466.511 -494.438
468.026 -493.701
469.54 -492.963
471.054 -492.225
472.569 -491.487
474.083 -490.749
475.598 -490.011
477.112 -489.273
478.627 -488.535
480.141 -487.797
481.656 -487.059
483.17 -486.322
484.685 -485.584
486.199 -484.846
487.714 -484.108
489.228 -483.37
490.743 -482.632
492.257 -481.895
493.772 -481.157
495.286 -480.419
496.801 -479.681
498.315 -478.943
499.83 -478.206
501.345 -477.468
502.859 -476.73
504.374 -475.992
505.888 -475.254
507.403 -474.517
508.918 -473.779
510.432 -473.041
511.947 -472.304
513.462 -471.566
514.976 -470.828
516.491 -470.09
518.006 -469.353
519.521 -468.615
521.035 -467.877
522.55 -467.14
524.065 -466.402
525.579 -465.664
527.094 -464.927
528.609 -464.189
530.124 -463.451
531.639 -462.714
533.153 -461.976
534.668 -461.239
536.183 -460.501
537.698 -459.763
539.213 -459.026
540.728 -458.288
542.242 -457.551
543.757 -456.813
545.272 -456.076
546.787 -455.338
548.302 -454.601
549.817 -453.863
551.332 -453.126
552.847 -452.388
554.362 -451.651
555.877 -450.913
557.392 -450.176
558.907 -449.438
560.422 -448.701
561.937 -447.963
563.452 -447.226
564.967 -446.489
566.482 -445.751
567.997 -445.014
569.513 -444.276
571.028 -443.539
572.543 -442.802
574.058 -442.064
575.573 -441.327
577.088 -440.59
578.604 -439.853
580.119 -439.115
581.634 -438.378
583.149 -437.641
584.665 -436.904
586.18 -436.166
587.695 -435.429
589.211 -434.692
590.726 -433.955
592.241 -433.217
593.757 -432.48
595.272 -431.743
596.788 -431.006
598.303 -430.269
599.818 -429.532
601.334 -428.795
602.849 -428.058
604.365 -427.321
605.88 -426.584
607.396 -425.846
608.911 -425.109
610.427 -424.372
611.943 -423.635
613.458 -422.898
614.974 -422.162
616.49 -421.425
618.005 -420.688
619.521 -419.951
621.037 -419.214
622.552 -418.477
624.068 -417.74
625.584 -417.003
627.1 -416.266
628.616 -415.53
630.132 -414.793
631.647 -414.056
633.163 -413.319
634.679 -412.583
636.195 -411.846
637.711 -411.109
639.227 -410.372
640.743 -409.636
642.259 -408.899
643.775 -408.163
645.291 -407.426
646.807 -406.689
648.324 -405.953
649.84 -405.216
651.356 -404.48
652.872 -403.743
654.388 -403.007
655.905 -402.27
657.421 -401.534
658.937 -400.797
660.454 -400.061
661.97 -399.325
663.486 -398.588
665.003 -397.852
666.519 -397.116
668.036 -396.379
669.552 -395.643
671.069 -394.907
672.586 -394.171
674.102 -393.434
675.619 -392.698
677.135 -391.962
678.652 -391.226
680.169 -390.49
681.686 -389.754
683.202 -389.018
684.719 -388.282
686.236 -387.546
687.753 -386.81
689.27 -386.074
690.787 -385.338
692.304 -384.602
693.821 -383.866
695.338 -383.13
696.855 -382.395
698.372 -381.659
699.889 -380.923
701.407 -380.187
702.924 -379.452
704.441 -378.716
705.958 -377.98
707.476 -377.245
708.993 -376.509
710.511 -375.774
712.028 -375.038
713.546 -374.303
715.063 -373.567
716.581 -372.832
718.098 -372.096
719.616 -371.361
721.134 -370.626
722.651 -369.89
724.169 -369.155
725.687 -368.42
727.205 -367.685
728.723 -366.95
730.241 -366.214
731.759 -365.479
733.277 -364.744
734.795 -364.009
736.313 -363.274
737.831 -362.539
739.35 -361.804
740.868 -361.07
742.386 -360.335
743.905 -359.6
745.423 -358.865
746.942 -358.13
748.46 -357.396
749.979 -356.661
751.497 -355.927
753.016 -355.192
754.535 -354.457
756.054 -353.723
757.572 -352.989
759.091 -352.254
760.61 -351.52
762.129 -350.786
763.648 -350.051
765.167 -349.317
766.687 -348.583
768.206 -347.849
769.725 -347.115
771.244 -346.381
772.764 -345.647
774.283 -344.913
775.803 -344.179
777.322 -343.445
778.842 -342.711
780.362 -341.977
781.882 -341.244
783.401 -340.51
784.921 -339.776
786.441 -339.043
787.961 -338.309
789.481 -337.576
791.001 -336.843
792.522 -336.109
794.042 -335.376
795.562 -334.643
797.083 -333.91
798.603 -333.176
800.124 -332.443
801.644 -331.71
803.165 -330.977
804.686 -330.244
806.207 -329.512
807.728 -328.779
809.249 -328.046
810.77 -327.313
812.291 -326.581
813.812 -325.848
815.333 -325.116
816.855 -324.383
818.376 -323.651
819.898 -322.919
821.419 -322.187
822.941 -321.454
824.463 -320.722
825.985 -319.99
827.507 -319.258
829.029 -318.526
830.551 -317.795
832.073 -317.063
833.595 -316.331
835.118 -315.6
836.64 -314.868
838.163 -314.137
839.686 -313.405
841.208 -312.674
842.731 -311.943
844.254 -311.211
845.777 -310.48
847.3 -309.749
848.824 -309.018
850.347 -308.288
851.87 -307.557
853.394 -306.826
854.917 -306.096
856.441 -305.365
857.965 -304.635
859.489 -303.904
861.013 -303.174
862.537 -302.444
864.062 -301.714
865.586 -300.984
867.11 -300.254
868.635 -299.524
870.16 -298.794
871.685 -298.065
873.209 -297.335
874.735 -296.605
876.26 -295.876
877.785 -295.147
879.31 -294.418
880.836 -293.689
882.362 -292.96
883.887 -292.231
885.413 -291.502
886.939 -290.773
888.465 -290.045
889.992 -289.316
891.518 -288.588
893.045 -287.86
894.571 -287.131
896.098 -286.403
897.625 -285.675
899.152 -284.948
900.679 -284.22
902.207 -283.492
903.734 -282.765
905.262 -282.037
906.79 -281.31
908.318 -280.583
909.846 -279.856
911.374 -279.129
912.902 -278.402
914.431 -277.676
915.96 -276.949
917.489 -276.223
919.018 -275.497
920.547 -274.77
922.076 -274.044
923.605 -273.318
925.135 -272.593
926.665 -271.867
928.195 -271.142
929.725 -270.416
931.255 -269.691
932.786 -268.966
934.316 -268.241
935.847 -267.516
937.378 -266.792
938.909 -266.067
940.441 -265.343
941.972 -264.619
943.504 -263.895
945.036 -263.171
946.568 -262.447
948.1 -261.723
949.633 -261
951.166 -260.277
952.698 -259.554
954.232 -258.831
955.765 -258.108
957.298 -257.385
958.832 -256.663
960.366 -255.941
961.9 -255.218
963.434 -254.497
964.969 -253.775
966.503 -253.053
968.038 -252.332
969.573 -251.611
971.109 -250.89
972.644 -250.169
974.18 -249.448
975.716 -248.728
977.252 -248.007
978.789 -247.287
980.326 -246.567
981.863 -245.848
983.4 -245.128
984.937 -244.409
986.475 -243.69
988.013 -242.971
989.551 -242.252
991.09 -241.534
992.628 -240.815
994.167 -240.097
995.706 -239.379
997.246 -238.662
998.786 -237.944
1000.33 -237.227
1001.87 -236.51
1003.41 -235.794
1004.95 -235.077
1006.49 -234.361
1008.03 -233.645
1009.57 -232.929
1011.11 -232.213
1012.66 -231.498
1014.2 -230.783
1015.74 -230.068
1017.28 -229.354
1018.83 -228.639
1020.37 -227.925
1021.91 -227.212
1023.46 -226.498
1025 -225.785
1026.55 -225.072
1028.09 -224.359
1029.64 -223.647
1031.19 -222.935
1032.73 -222.223
1034.28 -221.511
1035.83 -220.8
1037.37 -220.089
1038.92 -219.378
1040.47 -218.668
1042.02 -217.958
1043.56 -217.248
1045.11 -216.538
1046.66 -215.829
1048.21 -215.12
1049.76 -214.412
1051.31 -213.703
1052.86 -212.995
1054.42 -212.288
1055.97 -211.58
1057.52 -210.874
1059.07 -210.167
1060.62 -209.461
1062.18 -208.755
1063.73 -208.049
1065.28 -207.344
1066.84 -206.639
1068.39 -205.935
1069.95 -205.23
1071.5 -204.527
1073.06 -203.823
1074.62 -203.12
1076.17 -202.418
1077.73 -201.715
1079.29 -201.013
1080.85 -200.312
1082.41 -199.611
1083.96 -198.91
1085.52 -198.21
1087.08 -197.51
1088.64 -196.811
1090.21 -196.112
1091.77 -195.413
1093.33 -194.715
1094.89 -194.017
1096.45 -193.32
1098.02 -192.623
1099.58 -191.927
1101.15 -191.231
1102.71 -190.535
1104.28 -189.84
1105.84 -189.145
1107.41 -188.451
1108.97 -187.758
1110.54 -187.065
1112.11 -186.372
1113.68 -185.68
1115.25 -184.988
1116.82 -184.297
1118.39 -183.607
1119.96 -182.916
1121.53 -182.227
1123.1 -181.538
1124.67 -180.849
1126.25 -180.161
1127.82 -179.474
1129.4 -178.787
1130.97 -178.101
1132.55 -177.415
1134.12 -176.73
1135.7 -176.045
1137.28 -175.361
1138.85 -174.678
1140.43 -173.995
1142.01 -173.313
1143.59 -172.631
1145.17 -171.95
1146.75 -171.27
1148.34 -170.59
1149.92 -169.911
1151.5 -169.233
1153.09 -168.555
1154.67 -167.878
1156.26 -167.201
1157.84 -166.526
1159.43 -165.85
1161.02 -165.176
1162.6 -164.502
1164.19 -163.829
1165.78 -163.157
1167.37 -162.486
1168.97 -161.815
1170.56 -161.145
1172.15 -160.475
1173.74 -159.807
1175.34 -159.139
1176.93 -158.472
1178.53 -157.806
1180.13 -157.14
1181.72 -156.476
1183.32 -155.812
1184.92 -155.149
1186.52 -154.487
1188.12 -153.825
1189.72 -153.165
1191.32 -152.505
1192.93 -151.846
1194.53 -151.189
1196.14 -150.532
1197.74 -149.875
1199.35 -149.22
1200.96 -148.566
1202.57 -147.913
1204.18 -147.26
1205.79 -146.609
1207.4 -145.958
1209.01 -145.309
1210.62 -144.66
1212.24 -144.013
1213.85 -143.366
1215.47 -142.721
1217.09 -142.076
1218.7 -141.433
1220.32 -140.79
1221.94 -140.149
1223.57 -139.509
1225.19 -138.869
1226.81 -138.231
1228.43 -137.594
1230.06 -136.958
1231.69 -136.324
1233.31 -135.69
1234.94 -135.058
1236.57 -134.427
1238.2 -133.797
1239.83 -133.168
1241.47 -132.54
1243.1 -131.914
1244.74 -131.289
1246.37 -130.665
1248.01 -130.043
1249.65 -129.421
1251.29 -128.801
1252.93 -128.183
1254.57 -127.565
1256.21 -126.949
1257.86 -126.335
1259.5 -125.722
1261.15 -125.11
1262.8 -124.5
1264.45 -123.891
1266.1 -123.283
1267.75 -122.677
1269.4 -122.073
1271.06 -121.469
1272.71 -120.868
1274.37 -120.268
1276.03 -119.669
1277.69 -119.073
1279.35 -118.477
1281.01 -117.884
1282.67 -117.292
1284.34 -116.701
1286 -116.112
1287.67 -115.525
1289.34 -114.94
1291.01 -114.356
1292.68 -113.774
1294.35 -113.194
1296.03 -112.616
1297.7 -112.039
1299.38 -111.464
1301.06 -110.891
1302.74 -110.32
1304.42 -109.751
1306.1 -109.184
1307.79 -108.618
1309.47 -108.055
1311.16 -107.493
1312.85 -106.934
1314.54 -106.376
1316.23 -105.821
1317.92 -105.267
1319.62 -104.716
1321.31 -104.167
1323.01 -103.62
1324.71 -103.075
1326.41 -102.532
1328.12 -101.991
1329.82 -101.453
1331.52 -100.917
1333.23 -100.383
1334.94 -99.8514
1336.65 -99.3221
1338.36 -98.7952
1340.08 -98.2707
1341.79 -97.7485
1343.51 -97.2288
1345.23 -96.7115
1346.95 -96.1967
1348.67 -95.6844
1350.39 -95.1746
1352.12 -94.6674
1353.84 -94.1628
1355.57 -93.6607
1357.3 -93.1613
1359.03 -92.6646
1360.77 -92.1706
1362.5 -91.6793
1364.24 -91.1907
1365.98 -90.7049
1367.72 -90.222
1369.46 -89.7418
1371.2 -89.2646
1372.95 -88.7902
1374.69 -88.3188
1376.44 -87.8503
1378.19 -87.3848
1379.95 -86.9223
1381.7 -86.4629
1383.46 -86.0065
1385.21 -85.5533
1386.97 -85.1032
1388.73 -84.6563
1390.49 -84.2126
1392.26 -83.7721
1394.03 -83.3349
1395.79 -82.901
1397.56 -82.4704
1399.33 -82.0432
1401.11 -81.6193
1402.88 -81.199
1404.66 -80.782
1406.44 -80.3686
1408.22 -79.9587
1410 -79.5523
1411.78 -79.1496
1413.57 -78.7504
1415.35 -78.3549
1417.14 -77.9632
1418.93 -77.5751
1420.72 -77.1908
1422.52 -76.8103
1424.31 -76.4336
1426.11 -76.0608
1427.91 -75.6918
1429.71 -75.3268
1431.51 -74.9658
1433.31 -74.6087
1435.12 -74.2557
1436.93 -73.9067
1438.73 -73.5618
1440.54 -73.221
1442.36 -72.8844
1444.17 -72.552
1445.98 -72.2238
1447.8 -71.8999
1449.62 -71.5802
1451.44 -71.2649
1453.26 -70.9539
1455.08 -70.6474
1456.91 -70.3452
1458.73 -70.0475
1460.56 -69.7543
1462.39 -69.4655
1464.22 -69.1814
1466.05 -68.9018
1467.88 -68.6268
1469.72 -68.3565
1471.56 -68.0908
1473.39 -67.8298
1475.23 -67.5736
1477.07 -67.3221
1478.91 -67.0754
1480.76 -66.8335
1482.6 -66.5965
1484.45 -66.3644
1486.29 -66.1371
1488.14 -65.9148
1489.99 -65.6975
1491.84 -65.4851
1493.69 -65.2777
1495.54 -65.0754
1497.4 -64.8781
1499.25 -64.6859
1501.11 -64.4989
1502.96 -64.3169
1504.82 -64.1401
1506.68 -63.9685
1508.54 -63.8021
1510.4 -63.641
1512.26 -63.4851
1514.12 -63.3344
1515.99 -63.189
1517.85 -63.0489
1519.72 -62.9142
1521.58 -62.7848
1523.45 -62.6608
1525.32 -62.5421
1527.18 -62.4288
1529.05 -62.321
1530.92 -62.2185
1532.79 -62.1215
1534.66 -62.03
1536.53 -61.9439
1538.4 -61.8633
1540.27 -61.7882
1542.15 -61.7186
1544.02 -61.6545
1545.89 -61.5959
1547.77 -61.5428
1549.64 -61.4953
1551.51 -61.4533
1553.39 -61.4168
1555.26 -61.386
1557.14 -61.3606
1559.01 -61.3409
1560.89 -61.3267
1562.76 -61.318
1564.63 -61.315
1566.51 -61.3174
1568.38 -61.3254
1570.26 -61.339
1572.13 -61.3581
1574.01 -61.3828
1575.88 -61.413
1577.76 -61.4489
1579.63 -61.4902
1581.5 -61.5371
1583.38 -61.5896
1585.25 -61.6476
1587.12 -61.7111
1589 -61.7801
1590.87 -61.8547
1592.74 -61.9347
1594.61 -62.0203
1596.48 -62.1113
1598.35 -62.2078
1600.22 -62.3097
1602.09 -62.4171
1603.96 -62.5299
1605.83 -62.6481
1607.69 -62.7717
1609.56 -62.9007
1611.42 -63.035
1613.29 -63.1747
1615.15 -63.3197
1617.02 -63.4701
1618.88 -63.6257
1620.74 -63.7865
1622.6 -63.9527
1624.46 -64.124
1626.32 -64.3006
1628.17 -64.4823
1630.03 -64.6692
1631.89 -64.8613
1633.74 -65.0584
1635.59 -65.2607
1637.44 -65.468
1639.3 -65.6803
1641.14 -65.8977
1642.99 -66.12
1644.84 -66.3473
1646.69 -66.5795
1648.53 -66.8166
1650.37 -67.0586
1652.22 -67.3055
1654.06 -67.5572
1655.9 -67.8136
1657.74 -68.0749
1659.57 -68.3408
1661.41 -68.6115
1663.24 -68.8868
1665.07 -69.1668
1666.9 -69.4513
1668.73 -69.7405
1670.56 -70.0342
1672.39 -69.7452
1674.22 -69.4608
1676.05 -69.181
1677.88 -68.9057
1679.72 -68.635
1681.55 -68.369
1683.39 -68.1076
1685.23 -67.851
1687.07 -67.5991
1688.91 -67.3519
1690.75 -67.1096
1692.59 -66.872
1694.44 -66.6394
1696.28 -66.4116
1698.13 -66.1887
1699.98 -65.9707
1701.83 -65.7577
1703.68 -65.5496
1705.53 -65.3466
1707.38 -65.1486
1709.24 -64.9557
1711.09 -64.7679
1712.95 -64.5852
1714.8 -64.4076
1716.66 -64.2351
1718.52 -64.0678
1720.38 -63.9058
1722.24 -63.7489
1724.1 -63.5973
1725.96 -63.451
1727.83 -63.3099
1729.69 -63.1741
1731.56 -63.0436
1733.42 -62.9185
1735.29 -62.7987
1737.16 -62.6843
1739.02 -62.5753
1740.89 -62.4717
1742.76 -62.3734
1744.63 -62.2807
1746.5 -62.1933
1748.37 -62.1114
1750.24 -62.035
1752.11 -61.964
1753.98 -61.8985
1755.86 -61.8385
1757.73 -61.784
1759.6 -61.735
1761.47 -61.6916
1763.35 -61.6536
1765.22 -61.6212
1767.1 -61.5943
1768.97 -61.573
1770.84 -61.5571
1772.72 -61.5469
1774.59 -61.5422
1776.47 -61.543
1778.34 -61.5497
1780.21 -61.5619
1782.09 -61.5797
1783.96 -61.603
1785.84 -61.6318
1787.71 -61.6662
1789.58 -61.7061
1791.46 -61.7516
1793.33 -61.8025
1795.2 -61.859
1797.07 -61.921
1798.95 -61.9884
1800.82 -62.0614
1802.69 -62.1398
1804.56 -62.2237
1806.43 -62.3131
1808.3 -62.4079
1810.17 -62.5082
1812.04 -62.6138
1813.9 -62.7249
1815.77 -62.8414
1817.64 -62.9632
1819.5 -63.0904
1821.37 -63.223
1823.23 -63.3608
1825.09 -63.504
1826.96 -63.6525
1828.82 -63.8063
1830.68 -63.9653
1832.54 -64.1295
1834.4 -64.2989
1836.26 -64.4736
1838.11 -64.6534
1839.97 -64.8383
1841.82 -65.0284
1843.68 -65.2235
1845.53 -65.4238
1847.38 -65.6291
1849.23 -65.8394
1851.08 -66.0547
1852.93 -66.275
1854.78 -66.5002
1856.62 -66.7304
1858.47 -66.9654
1860.31 -67.2054
1862.15 -67.4501
1863.99 -67.6997
1865.83 -67.954
1867.67 -68.2131
1869.51 -68.4769
1871.34 -68.7454
1873.18 -69.0186
1875.01 -69.2964
1876.84 -69.5788
1878.67 -69.8658
1880.5 -70.1573
1882.33 -70.4533
1884.15 -70.7539
1885.97 -71.0588
1887.8 -71.3682
1889.62 -71.6819
1891.44 -72
1893.25 -72.3224
1895.07 -72.6491
1896.88 -72.9801
1898.7 -73.3152
1900.51 -73.6546
1902.32 -73.9981
1904.13 -74.3457
1905.93 -74.6974
1907.74 -75.0532
1909.54 -74.7018
1911.35 -74.3544
1913.15 -74.0111
1914.96 -73.6718
1916.77 -73.3367
1918.59 -73.0057
1920.4 -72.679
1922.22 -72.3565
1924.03 -72.0382
1925.85 -71.7242
1927.67 -71.4145
1929.5 -71.1092
1931.32 -70.8083
1933.14 -70.5117
1934.97 -70.2197
1936.8 -69.9321
1938.63 -69.649
1940.46 -69.3705
1942.29 -69.0965
1944.12 -68.8271
1945.96 -68.5624
1947.79 -68.3023
1949.63 -68.0469
1951.47 -67.7963
1953.31 -67.5504
1955.15 -67.3092
1957 -67.0729
1958.84 -66.8414
1960.69 -66.6147
1962.53 -66.393
1964.38 -66.1761
1966.23 -65.9642
1968.08 -65.7573
1969.93 -65.5554
1971.78 -65.3585
1973.64 -65.1666
1975.49 -64.9798
1977.35 -64.798
1979.2 -64.6214
1981.06 -64.4499
1982.92 -64.2836
1984.78 -64.1225
1986.64 -63.9665
1988.5 -63.8158
1990.36 -63.6703
1992.22 -63.5301
1994.09 -63.3951
1995.95 -63.2655
1997.82 -63.1411
1999.68 -63.0221
2001.55 -62.9084
2003.41 -62.8001
2005.28 -62.6972
2007.15 -62.5996
2009.02 -62.5075
2010.89 -62.4208
2012.76 -62.3395
2014.63 -62.2636
2016.5 -62.1932
2018.37 -62.1283
2020.24 -62.0688
2022.11 -62.0148
2023.99 -61.9663
2025.86 -61.9232
2027.73 -61.8857
2029.6 -61.8537
2031.48 -61.8272
2033.35 -61.8062
2035.22 -61.7907
2037.1 -61.7807
2038.97 -61.7763
2040.84 -61.7773
2042.72 -61.7838
2044.59 -61.7958
2046.46 -61.8134
2048.34 -61.8364
2050.21 -61.865
2052.08 -61.8991
2053.96 -61.9386
2055.83 -61.9837
2057.7 -62.0343
2059.57 -62.0904
2061.44 -62.152
2063.32 -62.219
2065.19 -62.2915
2067.06 -62.3694
2068.93 -62.4528
2070.8 -62.5417
2072.66 -62.6359
2074.53 -62.7356
2076.4 -62.8407
2078.27 -62.9511
2080.13 -63.067
2082 -63.1881
2083.86 -63.3146
2085.73 -63.4465
2087.59 -63.5836
2089.46 -63.7261
2091.32 -63.8738
2093.18 -64.0267
2095.04 -64.1849
2096.9 -64.3483
2098.76 -64.5169
2100.61 -64.6906
2102.47 -64.8695
2104.33 -65.0536
2106.18 -65.2427
2108.03 -65.4369
2109.89 -65.6362
2111.74 -65.8405
2113.59 -66.0498
2115.44 -66.2641
2117.28 -66.4833
2119.13 -66.7075
2120.98 -66.9365
2122.82 -67.1705
2124.66 -67.4093
2126.51 -67.6529
2128.35 -67.9013
2130.18 -68.1545
2132.02 -68.4124
2133.86 -68.675
2135.69 -68.9423
2137.53 -69.2143
2139.36 -69.4908
2141.19 -69.772
2143.02 -70.0577
2144.85 -70.3479
2146.67 -70.6426
2148.5 -70.9418
2150.32 -71.2454
2152.14 -71.5535
2153.96 -71.8659
2155.78 -72.1826
2157.6 -72.5036
2159.42 -72.8289
2161.23 -73.1585
2163.04 -73.4922
2164.85 -73.8302
2166.66 -74.1722
2168.47 -74.5184
2170.28 -74.8687
2172.08 -75.223
2173.88 -75.5813
2175.68 -75.9436
2177.48 -76.3099
2179.28 -76.68
2181.08 -77.0541
2182.87 -77.4319
2184.67 -77.8136
2186.46 -78.1991
2188.25 -78.5883
2190.03 -78.9813
2191.82 -79.3779
2193.6 -79.7781
2195.39 -80.182
2197.17 -80.5895
2198.95 -81.0005
2200.72 -81.415
2202.5 -81.833
2204.27 -82.2545
2206.04 -82.6794
2207.82 -83.1077
2209.58 -83.5393
2211.35 -83.9743
2213.12 -84.4125
2214.88 -84.854
2216.64 -85.2988
2218.4 -85.7467
2220.16 -86.1978
2221.92 -86.6521
2223.67 -87.1094
2225.43 -87.5698
2227.18 -88.0333
2228.93 -88.4998
2230.67 -88.9692
2232.42 -89.4416
2234.17 -89.917
2235.91 -90.3952
2237.65 -90.8763
2239.39 -91.3602
2241.13 -91.8469
2242.86 -92.3364
2244.6 -92.8287
2246.33 -93.3236
2248.06 -93.8213
2249.79 -94.3216
2251.52 -94.8246
2253.24 -95.3301
2254.97 -95.8383
2256.69 -96.349
2258.41 -96.8622
2260.13 -97.3779
2261.85 -97.8961
2263.57 -98.4167
2265.28 -98.9398
2266.99 -99.4652
2268.71 -99.993
2270.42 -100.523
2272.12 -101.056
2273.83 -101.59
2275.54 -102.127
2277.24 -102.667
2278.94 -103.208
2280.64 -103.752
2282.34 -104.298
2284.04 -104.846
2285.73 -105.396
2287.43 -105.948
2289.12 -106.502
2290.81 -107.059
2292.5 -107.617
2294.19 -108.177
2295.88 -108.74
2297.56 -109.304
2299.24 -109.87
2300.93 -110.438
2302.61 -111.009
2304.29 -111.581
2305.97 -112.154
2307.64 -112.73
2309.32 -113.307
2310.99 -113.887
2312.66 -114.468
2314.33 -115.051
2316 -115.635
2317.67 -116.221
2319.34 -116.809
2321 -117.399
2322.67 -117.99
2324.33 -118.583
2325.99 -119.177
2327.65 -119.774
2329.31 -120.371
2330.97 -120.971
2332.63 -121.571
2334.28 -122.174
2335.94 -122.778
2337.59 -123.383
2339.24 -123.99
2340.89 -124.598
2342.54 -125.208
2344.19 -125.819
2345.83 -126.432
2347.48 -127.046
2349.12 -127.661
2350.76 -128.278
2352.41 -128.896
2354.05 -129.515
2355.68 -130.136
2357.32 -130.758
2358.96 -131.382
2360.6 -132.006
2362.23 -132.632
2363.86 -133.259
2365.5 -133.888
2367.13 -134.517
2368.76 -135.148
2370.39 -135.78
2372.01 -136.413
2373.64 -137.048
2375.27 -137.683
2376.89 -138.32
2378.52 -138.958
2380.14 -139.596
2381.76 -140.236
2383.38 -140.877
2385 -141.52
2386.62 -142.163
2388.24 -142.807
2389.85 -143.452
2391.47 -144.099
2393.08 -144.746
2394.7 -145.394
2396.31 -146.044
2397.92 -146.694
2399.53 -147.345
2401.14 -147.998
2402.75 -148.651
2404.36 -149.305
2405.97 -149.96
2407.58 -150.616
2409.18 -151.273
2410.79 -151.931
2412.39 -152.589
2413.99 -153.249
2415.59 -153.909
2417.2 -154.57
2418.8 -155.233
2420.4 -155.896
2421.99 -156.559
2423.59 -157.224
2425.19 -157.889
2426.79 -158.556
2428.38 -159.223
2429.98 -159.89
2431.57 -160.559
2433.16 -161.228
2434.76 -161.898
2436.35 -162.569
2437.94 -163.241
2439.53 -163.913
2441.12 -164.586
2442.71 -165.26
2444.29 -165.934
2445.88 -166.609
2447.47 -167.285
2449.05 -167.962
2450.64 -168.639
2452.22 -169.317
2453.81 -169.995
2455.39 -170.675
2456.97 -171.354
2458.55 -172.035
2460.13 -172.716
2461.71 -173.398
2463.29 -174.08
2464.87 -174.763
2466.45 -175.447
2468.03 -176.131
2469.61 -176.816
2471.18 -177.501
2472.76 -178.187
2474.33 -178.873
2475.91 -179.56
2477.48 -180.248
2479.05 -180.936
2480.63 -181.625
2482.2 -182.314
2483.77 -183.004
2485.34 -183.694
2486.91 -184.385
2488.48 -185.076
2490.05 -185.768
2491.62 -186.461
2493.19 -187.154
2494.76 -187.847
2496.32 -188.541
2497.89 -189.235
2499.46 -189.93
2501.02 -190.625
2502.59 -191.321
2504.15 -192.017
2505.71 -192.714
2507.28 -193.411
2508.84 -194.109
2510.4 -194.807
2511.97 -195.505
2513.53 -196.204
2515.09 -196.903
2516.65 -197.603
2518.21 -198.303
2519.77 -199.004
2521.33 -199.705
2522.89 -200.406
2524.44 -201.108
2526 -201.81
2527.56 -202.513
2529.12 -203.216
2530.67 -203.919
2532.23 -204.623
2533.79 -205.327
2535.34 -206.032
2536.9 -206.736
2538.45 -207.442
2540 -208.147
2541.56 -208.853
2543.11 -209.559
2544.66 -210.266
2546.22 -210.973
2547.77 -211.68
2549.32 -212.388
2550.87 -213.096
2552.42 -213.804
2553.97 -214.513
2555.52 -215.222
2557.07 -215.931
2558.62 -216.641
2560.17 -217.351
2561.72 -218.061
2563.27 -218.772
2564.81 -219.482
2566.36 -220.194
2567.91 -220.905
2569.46 -221.617
2571 -222.329
2572.55 -223.041
2574.09 -223.754
2575.64 -224.466
2577.19 -225.18
2578.73 -225.893
2580.28 -226.607
2581.82 -227.321
2583.36 -228.035
2584.91 -228.749
2586.45 -229.464
2587.99 -230.179
2589.54 -230.894
2591.08 -231.61
2592.62 -232.326
2594.16 -233.041
2595.7 -233.758
2597.25 -234.474
2598.79 -235.191
2600.33 -235.908
2601.87 -236.625
2603.41 -237.342
2604.95 -238.06
2606.49 -238.778
2608.03 -239.496
2609.57 -240.214
2611.1 -240.933
2612.64 -241.652
2614.18 -242.371
2615.72 -243.09
2617.26 -243.809
2618.79 -244.529
2620.33 -245.248
2621.87 -245.968
2623.41 -246.689
2624.94 -247.409
2626.48 -248.13
2628.02 -248.85
2629.55 -249.571
2631.09 -250.293
2632.62 -251.014
2634.16 -251.735
2635.69 -252.457
2637.23 -253.179
2638.76 -253.901
2640.3 -254.623
2641.83 -255.346
2643.36 -256.068
2644.9 -256.791
2646.43 -257.514
2647.96 -258.237
2649.5 -258.961
2651.03 -259.684
2652.56 -260.408
2654.1 -261.131
2655.63 -261.855
2657.16 -262.579
2658.69 -263.304
2660.22 -264.028
2661.76 -264.753
2663.29 -265.477
2664.82 -266.202
2666.35 -266.927
2667.88 -267.652
2669.41 -268.378
2670.94 -269.103
2672.47 -269.829
2674 -270.555
2675.53 -271.28
2677.06 -272.006
2678.59 -272.733
2680.12 -273.459
2681.65 -274.185
2683.18 -274.912
2684.71 -275.639
2686.24 -276.365
2687.77 -277.092
2689.29 -277.819
2690.82 -278.547
2692.35 -279.274
2693.88 -280.001
2695.41 -280.729
2696.93 -281.457
2698.46 -282.184
2699.99 -282.912
2701.52 -283.64
2703.04 -284.368
2704.57 -285.097
2706.1 -285.825
2707.62 -286.554
2709.15 -287.282
2710.68 -288.011
2712.2 -288.74
2713.73 -289.469
2715.26 -290.198
2716.78 -290.927
2718.31 -291.656
2719.83 -292.385
2721.36 -293.115
2722.88 -293.844
2724.41 -294.574
2725.94 -295.304
2727.46 -296.034
2728.99 -296.763
2730.51 -297.493
2732.03 -298.224
2733.56 -298.954
2735.08 -299.684
2736.61 -300.415
2738.13 -301.145
2739.66 -301.876
2741.18 -302.606
2742.7 -303.337
2744.23 -304.068
2745.75 -304.799
2747.28 -305.53
2748.8 -306.261
2750.32 -306.992
2751.85 -307.723
2753.37 -308.455
2754.89 -309.186
2756.42 -309.918
2757.94 -310.649
2759.46 -311.381
2760.98 -312.113
2762.51 -312.844
2764.03 -313.576
2765.55 -314.308
2767.07 -315.04
2768.6 -315.772
2770.12 -316.505
2771.64 -317.237
2773.16 -317.969
2774.68 -318.702
2776.21 -319.434
2777.73 -320.167
2779.25 -320.899
2780.77 -321.632
2782.29 -322.365
2783.81 -323.097
2785.34 -323.83
2786.86 -324.563
2788.38 -325.296
2789.9 -326.029
2791.42 -326.762
2792.94 -327.496
2794.46 -328.229
2795.98 -328.962
2797.5 -329.696
2799.02 -330.429
2800.54 -331.163
2802.06 -331.896
2803.58 -332.63
2805.1 -333.363
2806.63 -334.097
2808.15 -334.831
2809.67 -335.565
2811.19 -336.299
2812.71 -337.032
2814.23 -337.766
2815.75 -338.5
2817.26 -339.235
2818.78 -339.969
2820.3 -340.703
2821.82 -341.437
2823.34 -342.171
2824.86 -342.906
2826.38 -343.64
2827.9 -344.375
2829.42 -345.109
2830.94 -345.844
2832.46 -346.578
2833.98 -347.313
2835.5 -348.048
2837.02 -348.782
2838.53 -349.517
2840.05 -350.252
2841.57 -350.987
2843.09 -351.722
2844.61 -352.457
2846.13 -353.192
2847.65 -353.927
2849.17 -354.662
2850.68 -355.397
2852.2 -356.132
2853.72 -356.867
2855.24 -357.602
2856.76 -358.338
2858.28 -359.073
2859.79 -359.808
2861.31 -360.544
2862.83 -361.279
2864.35 -362.015
2865.87 -362.75
2867.38 -363.486
2868.9 -364.221
2870.42 -364.957
2871.94 -365.693
2873.46 -366.428
2874.97 -367.164
2876.49 -367.9
2878.01 -368.636
2879.53 -369.371
2881.04 -370.107
2882.56 -370.843
2884.08 -371.579
2885.6 -372.315
2887.11 -373.051
2888.63 -373.787
2890.15 -374.523
2891.66 -375.259
2893.18 -375.995
2894.7 -376.732
2896.22 -377.468
2897.73 -378.204
2899.25 -378.94
2900.77 -379.676
2902.28 -380.413
2903.8 -381.149
2905.32 -381.885
2906.83 -382.622
2908.35 -383.358
2909.87 -384.095
2911.39 -384.831
2912.9 -385.568
2914.42 -386.304
2915.94 -387.041
2917.45 -387.777
2918.97 -388.514
2920.48 -389.251
2922 -389.987
2923.52 -390.724
2925.03 -391.461
2926.55 -392.197
2928.07 -392.934
2929.58 -393.671
2931.1 -394.408
2932.62 -395.144
2934.13 -395.881
2935.65 -396.618
2937.17 -397.355
2938.68 -398.092
2940.2 -398.829
2941.71 -399.566
2943.23 -400.303
2944.75 -401.04
2946.26 -401.777
2947.78 -402.514
2949.29 -403.251
2950.81 -403.988
2952.33 -404.725
2953.84 -405.462
2955.36 -406.2
2956.87 -406.937
2958.39 -407.674
2959.9 -408.411
2961.42 -409.148
2962.94 -409.886
2964.45 -410.623
2965.97 -411.36
2967.48 -412.098
2969 -412.835
2970.51 -413.572
2972.03 -414.31
2973.55 -415.047
2975.06 -415.784
2976.58 -416.522
2978.09 -417.259
2979.61 -417.997
2981.12 -418.734
2982.64 -419.472
2984.15 -420.209
2985.67 -420.947
2987.19 -421.684
2988.7 -422.422
2990.22 -423.159
2991.73 -423.897
2993.25 -424.634
2994.76 -425.372
2996.28 -426.11
2997.79 -426.847
2999.31 -427.585
3000.82 -428.323
3002.34 -429.06
3003.85 -429.798
3005.37 -430.536
3006.88 -431.274
3008.4 -432.011
3009.91 -432.749
3011.43 -433.487
3012.94 -434.225
3014.46 -434.962
3015.97 -435.7
3017.49 -436.438
3019 -437.176
3020.52 -437.914
3022.03 -438.652
3023.55 -439.39
3025.06 -440.127
3026.58 -440.865
3028.09 -441.603
3029.61 -442.341
3031.12 -443.079
3032.64 -443.817
3034.15 -444.555
3035.67 -445.293
3037.18 -446.031
3038.7 -446.769
3040.21 -447.507
3041.73 -448.245
3043.24 -448.983
3044.76 -449.721
3046.27 -450.459
3047.79 -451.197
3049.3 -451.935
3050.82 -452.674
3052.33 -453.412
3053.84 -454.15
3055.36 -454.888
3056.87 -455.626
3058.39 -456.364
3059.9 -457.102
3061.42 -457.84
3062.93 -458.579
3064.45 -459.317
3065.96 -460.055
3067.48 -460.793
3068.99 -461.531
3070.51 -462.27
3072.02 -463.008
3073.53 -463.746
3075.05 -464.484
3076.56 -465.223
3078.08 -465.961
3079.59 -466.699
3081.11 -467.437
3082.62 -468.176
3084.14 -468.914
3085.65 -469.652
3087.16 -470.391
3088.68 -471.129
3090.19 -471.867
3091.71 -472.606
3093.22 -473.344
3094.74 -474.082
3096.25 -474.821
3097.76 -475.559
3099.28 -476.297
3100.79 -477.036
3102.31 -477.774
3103.82 -478.513
3105.34 -479.251
3106.85 -479.989
3108.36 -480.728
3109.88 -481.466
3111.39 -482.205
3112.91 -482.943
3114.42 -483.682
3115.94 -484.42
3117.45 -485.158
3118.96 -485.897
3120.48 -486.635
3121.99 -487.374
3123.51 -488.112
3125.02 -488.851
3126.53 -489.589
3128.05 -490.328
3129.56 -491.066
3131.08 -491.805
3132.59 -492.543
3134.11 -493.282
3135.62 -494.021
3137.13 -494.759
3138.65 -495.498
3140.16 -496.236
3141.68 -496.975
3143.19 -497.713
3144.7 -498.452
3146.22 -499.19
3147.73 -499.929
3149.25 -500.668
3150.76 -501.406
3152.28 -502.145
3153.79 -502.883
3155.3 -503.622
3156.82 -504.361
3158.33 -505.099
3159.85 -505.838
3161.36 -506.577
3162.87 -507.315
3164.39 -508.054
3165.9 -508.792
3167.41 -509.531
3168.93 -510.27
3170.44 -511.008
3171.96 -511.747
3173.47 -512.486
3174.98 -513.224
3176.5 -513.963
3178.01 -514.702
3179.53 -515.44
3181.04 -516.179
3182.55 -516.918
3184.07 -517.657
3185.58 -518.395
3187.1 -519.134
3188.61 -519.873
3190.12 -520.611
3191.64 -521.35
3193.15 -522.089
3194.67 -522.828
3196.18 -523.566
3197.69 -524.305
3199.21 -525.044
3200.72 -525.782
3202.23 -526.521
3203.75 -527.26
3205.26 -527.999
3206.78 -528.737
3208.29 -529.476
3209.8 -530.215
3211.32 -530.954
3212.83 -531.693
3214.35 -532.431
3215.86 -533.17
3217.37 -533.909
3218.89 -534.648
3220.4 -535.386
3221.92 -536.125
3223.43 -536.864
3224.94 -537.603
3226.46 -538.341
3227.97 -539.08
3229.48 -539.819
3231 -540.558
3232.51 -541.297
3234.02 -542.036
3235.54 -542.774
3237.05 -543.513
3238.57 -544.252
3240.08 -544.991
3241.59 -545.73
3243.11 -546.469
3244.62 -547.207
3246.13 -547.946
3247.65 -548.685
3249.16 -549.424
3250.68 -550.163
3252.19 -550.902
3253.7 -551.64
3255.22 -552.379
3256.73 -553.118
3258.24 -553.857
3259.76 -554.596
3261.27 -555.335
3262.78 -556.074
3264.3 -556.812
3265.81 -557.551
3267.33 -558.29
3268.84 -559.029
3270.35 -559.768
3271.87 -560.507
3273.38 -561.246
3274.89 -561.985
3276.41 -562.724
3277.92 -563.463
3279.44 -564.201
3280.95 -564.94
3282.46 -565.679
3283.98 -566.418
3285.49 -567.157
3287 -567.896
3288.52 -568.635
3290.03 -569.374
3291.54 -570.113
3293.06 -570.851
3294.57 -571.59
3296.09 -572.329
3297.6 -573.068
3299.11 -573.807
3300.63 -574.546
3302.14 -575.285
3303.65 -576.024
3305.17 -576.763
3306.68 -577.502
3308.19 -578.241
3309.71 -578.98
3311.22 -579.719
3312.74 -580.458
3314.25 -581.196
3315.76 -581.935
3317.28 -582.674
3318.79 -583.413
3320.3 -584.152
3321.82 -584.891
3323.33 -585.63
3324.85 -586.369
3326.36 -587.108
3327.87 -587.847
3329.39 -588.586
3330.9 -589.325
3332.41 -590.064
3333.93 -590.803
3335.44 -591.542
3336.95 -592.281
3338.47 -593.02
3339.98 -593.759
3341.5 -594.498
3343.01 -595.237
3344.52 -595.976
3346.04 -596.714
3347.55 -597.453
3349.06 -598.192
3350.58 -598.931
3352.09 -599.67
3353.6 -600.409
3355.12 -601.148
3356.63 -601.887
3358.15 -602.626
3359.66 -603.365
3361.17 -604.104
3362.69 -604.843
3364.2 -605.582
3365.71 -606.321
3367.23 -607.06
3368.74 -607.799
3370.25 -608.538
3371.77 -609.277
3373.28 -610.016
3374.79 -610.755
3376.31 -611.494
3377.82 -612.233
3379.33 -612.972
3380.85 -613.711
3382.36 -614.45
3383.87 -615.189
3385.39 -615.928
3386.9 -616.667
3388.41 -617.406
3389.93 -618.145
3391.44 -618.884
3392.95 -619.623
3394.47 -620.362
3395.98 -621.101
3397.49 -621.84
3399.01 -622.579
3400.52 -623.318
3402.03 -624.057
3403.55 -624.796
3405.06 -625.535
3406.58 -626.274
3408.09 -627.013
3409.6 -627.753
3411.12 -628.492
3412.63 -629.231
3414.14 -629.97
3415.66 -630.709
3417.17 -631.448
3418.68 -632.187
3420.2 -632.926
3421.71 -633.665
3423.22 -634.404
3424.74 -635.143
3426.25 -635.882
3427.76 -636.621
3429.28 -637.36
3430.79 -638.099
3432.3 -638.838
3433.82 -639.577
3435.33 -640.316
3436.84 -641.055
3438.36 -641.794
3439.87 -642.533
3441.38 -643.272
3442.9 -644.011
3444.41 -644.75
3445.92 -645.489
3447.44 -646.228
3448.95 -646.967
3450.46 -647.706
3451.98 -648.445
3453.49 -649.184
3455 -649.923
3456.52 -650.662
3458.03 -651.401
3459.55 -652.14
3461.06 -652.879
3462.57 -653.618
3464.09 -654.357
3465.6 -655.096
3467.11 -655.835
3468.63 -656.574
3470.14 -657.313
3471.65 -658.052
3473.17 -658.792
3474.68 -659.531
3476.19 -660.27
3477.71 -661.009
3479.22 -661.748
3480.73 -662.487
