250 -600
251.466 -599.171
252.932 -598.341
254.398 -597.512
255.864 -596.682
257.33 -595.853
258.796 -595.024
260.262 -594.194
261.728 -593.365
263.194 -592.535
264.66 -591.706
266.126 -590.877
267.592 -590.047
269.058 -589.218
270.524 -588.388
271.99 -587.559
273.456 -586.729
274.922 -585.9
276.388 -585.071
277.854 -584.241
279.32 -583.412
280.786 -582.583
282.252 -581.753
283.718 -580.924
285.184 -580.095
286.65 -579.265
288.116 -578.436
289.582 -577.607
291.048 -576.777
292.514 -575.948
293.98 -575.119
295.446 -574.289
296.912 -573.46
298.378 -572.63
299.844 -571.801
301.31 -570.972
302.776 -570.142
304.242 -569.313
305.708 -568.484
307.174 -567.654
308.64 -566.825
310.106 -565.996
311.572 -565.166
313.038 -564.337
314.504 -563.508
315.97 -562.678
317.436 -561.849
318.902 -561.02
320.368 -560.19
321.835 -559.361
323.301 -558.532
324.767 -557.702
326.233 -556.873
327.699 -556.044
329.165 -555.214
330.631 -554.385
332.097 -553.556
333.563 -552.726
335.029 -551.897
336.495 -551.068
337.962 -550.239
339.428 -549.409
340.894 -548.58
342.36 -547.751
343.826 -546.921
345.292 -546.092
346.758 -545.263
348.224 -544.434
349.691 -543.604
351.157 -542.775
352.623 -541.946
354.089 -541.116
355.555 -540.287
357.021 -539.458
358.488 -538.629
359.954 -537.799
361.42 -536.97
362.886 -536.141
364.352 -535.311
365.818 -534.482
367.285 -533.653
368.751 -532.824
370.217 -531.994
371.683 -531.165
373.149 -530.336
374.616 -529.507
376.082 -528.678
377.548 -527.848
379.014 -527.019
380.481 -526.19
381.947 -525.361
383.413 -524.531
384.879 -523.702
386.346 -522.873
387.812 -522.044
389.278 -521.215
390.744 -520.385
392.211 -519.556
393.677 -518.727
395.143 -517.898
396.61 -517.068
398.076 -516.239
399.542 -515.41
401.009 -514.581
402.475 -513.752
403.941 -512.923
405.408 -512.094
406.874 -511.264
408.34 -510.435
409.807 -509.606
411.273 -508.777
412.739 -507.948
414.206 -507.119
415.672 -506.289
417.138 -505.46
418.605 -504.631
420.071 -503.802
421.538 -502.973
423.004 -502.144
424.47 -501.315
425.937 -500.486
427.403 -499.656
428.87 -498.827
430.336 -497.998
431.803 -497.169
433.269 -496.34
434.736 -495.511
436.202 -494.682
437.669 -493.853
439.135 -493.024
440.602 -492.195
442.068 -491.366
443.535 -490.537
445.001 -489.708
446.468 -488.879
447.934 -488.049
449.401 -487.22
450.867 -486.391
452.334 -485.562
453.801 -484.733
455.267 -483.904
456.734 -483.075
458.2 -482.246
459.667 -481.417
461.134 -480.588
462.6 -479.759
464.067 -478.93
465.534 -478.101
467 -477.272
468.467 -476.443
469.934 -475.615
471.4 -474.786
472.867 -473.957
474.334 -473.128
475.8 -472.299
477.267 -471.47
478.734 -470.641
480.201 -469.812
481.668 -468.983
483.134 -468.154
484.601 -467.325
486.068 -466.496
487.535 -465.668
489.002 -464.839
490.468 -464.01
491.935 -463.181
493.402 -462.352
494.869 -461.523
496.336 -460.694
497.803 -459.866
499.27 -459.037
500.737 -458.208
502.204 -457.379
503.671 -456.55
505.138 -455.722
506.605 -454.893
508.072 -454.064
509.539 -453.235
511.006 -452.407
512.473 -451.578
513.94 -450.749
515.407 -449.92
516.874 -449.092
518.341 -448.263
519.808 -447.434
521.275 -446.606
522.742 -445.777
524.21 -444.948
525.677 -444.12
527.144 -443.291
528.611 -442.462
530.078 -441.634
531.546 -440.805
533.013 -439.977
534.48 -439.148
535.948 -438.319
537.415 -437.491
538.882 -436.662
540.35 -435.834
541.817 -435.005
543.284 -434.177
544.752 -433.348
546.219 -432.52
547.687 -431.691
549.154 -430.863
550.622 -430.034
552.089 -429.206
553.557 -428.377
555.024 -427.549
556.492 -426.72
557.959 -425.892
559.427 -425.064
560.895 -424.235
562.362 -423.407
563.83 -422.578
565.298 -421.75
566.765 -420.922
568.233 -420.093
569.701 -419.265
571.169 -418.437
572.636 -417.608
574.104 -416.78
575.572 -415.952
577.04 -415.124
578.508 -414.296
579.976 -413.467
581.444 -412.639
582.912 -411.811
584.38 -410.983
585.848 -410.155
587.316 -409.326
588.784 -408.498
590.252 -407.67
591.72 -406.842
593.188 -406.014
594.657 -405.186
596.125 -404.358
597.593 -403.53
599.061 -402.702
600.53 -401.874
601.998 -401.046
603.466 -400.218
604.935 -399.39
606.403 -398.562
607.872 -397.734
609.34 -396.906
610.809 -396.079
612.277 -395.251
613.746 -394.423
615.214 -393.595
616.683 -392.767
618.152 -391.94
619.62 -391.112
621.089 -390.284
622.558 -389.457
624.027 -388.629
625.496 -387.801
626.964 -386.974
628.433 -386.146
629.902 -385.318
631.371 -384.491
632.84 -383.663
634.309 -382.836
635.779 -382.008
637.248 -381.181
638.717 -380.353
640.186 -379.526
641.655 -378.699
643.125 -377.871
644.594 -377.044
646.063 -376.216
647.533 -375.389
649.002 -374.562
650.472 -373.735
651.941 -372.907
653.411 -372.08
654.881 -371.253
656.35 -370.426
657.82 -369.599
659.29 -368.772
660.76 -367.945
662.23 -367.118
663.7 -366.291
665.17 -365.464
666.64 -364.637
668.11 -363.81
669.58 -362.983
671.05 -362.156
672.52 -361.329
673.99 -360.503
675.461 -359.676
676.931 -358.849
678.402 -358.022
679.872 -357.196
681.343 -356.369
682.813 -355.542
684.284 -354.716
685.755 -353.889
687.225 -353.063
688.696 -352.236
690.167 -351.41
691.638 -350.584
693.109 -349.757
694.58 -348.931
696.051 -348.105
697.522 -347.279
698.994 -346.452
700.465 -345.626
701.936 -344.8
703.408 -343.974
704.879 -343.148
706.351 -342.322
707.823 -341.496
709.294 -340.67
710.766 -339.844
712.238 -339.018
713.71 -338.193
715.182 -337.367
716.654 -336.541
718.126 -335.716
719.598 -334.89
721.071 -334.064
722.543 -333.239
724.015 -332.413
725.488 -331.588
726.96 -330.763
728.433 -329.937
729.906 -329.112
731.379 -328.287
732.852 -327.462
734.325 -326.637
735.798 -325.811
737.271 -324.986
738.744 -324.161
740.217 -323.337
741.691 -322.512
743.164 -321.687
744.638 -320.862
746.112 -320.037
747.586 -319.213
749.059 -318.388
750.533 -317.564
752.008 -316.739
753.482 -315.915
754.956 -315.091
756.43 -314.266
757.905 -313.442
759.379 -312.618
760.854 -311.794
762.329 -310.97
763.804 -310.146
765.279 -309.322
766.754 -308.498
768.229 -307.674
769.704 -306.851
771.18 -306.027
772.655 -305.203
774.131 -304.38
775.607 -303.556
777.083 -302.733
778.559 -301.91
780.035 -301.087
781.511 -300.263
782.987 -299.44
784.464 -298.617
785.941 -297.795
787.417 -296.972
788.894 -296.149
790.371 -295.326
791.848 -294.504
793.326 -293.681
794.803 -292.859
796.28 -292.036
797.758 -291.214
799.236 -290.392
800.714 -289.57
802.192 -288.748
803.67 -287.926
805.149 -287.104
806.627 -286.283
808.106 -285.461
809.585 -284.639
811.063 -283.818
812.543 -282.997
814.022 -282.175
815.501 -281.354
816.981 -280.533
818.461 -279.712
819.941 -278.891
821.421 -278.071
822.901 -277.25
824.381 -276.429
825.862 -275.609
827.343 -274.789
828.824 -273.968
830.305 -273.148
831.786 -272.328
833.267 -271.508
834.749 -270.689
836.231 -269.869
837.713 -269.049
839.195 -268.23
840.677 -267.411
842.16 -266.592
843.643 -265.772
845.126 -264.954
846.609 -264.135
848.092 -263.316
849.576 -262.497
851.06 -261.679
852.544 -260.861
854.028 -260.043
855.512 -259.225
856.997 -258.407
858.482 -257.589
859.967 -256.771
861.452 -255.954
862.938 -255.137
864.423 -254.319
865.909 -253.502
867.396 -252.686
868.882 -251.869
870.369 -251.052
871.856 -250.236
873.343 -249.42
874.83 -248.603
876.318 -247.788
877.806 -246.972
879.294 -246.156
880.783 -245.341
882.271 -244.525
883.76 -243.71
885.25 -242.895
886.739 -242.081
888.229 -241.266
889.719 -240.452
891.209 -239.637
892.7 -238.823
894.191 -238.009
895.682 -237.196
897.174 -236.382
898.666 -235.569
900.158 -234.756
901.65 -233.943
903.143 -233.13
904.636 -232.318
906.129 -231.506
907.623 -230.693
909.117 -229.882
910.611 -229.07
912.106 -228.258
913.601 -227.447
915.096 -226.636
916.592 -225.825
918.088 -225.015
919.585 -224.205
921.081 -223.394
922.579 -222.585
924.076 -221.775
925.574 -220.966
927.072 -220.156
928.571 -219.348
930.07 -218.539
931.569 -217.73
933.069 -216.922
934.569 -216.114
936.069 -215.307
937.57 -214.499
939.072 -213.692
940.573 -212.886
942.076 -212.079
943.578 -211.273
945.081 -210.467
946.585 -209.661
948.089 -208.856
949.593 -208.051
951.098 -207.246
952.603 -206.441
954.108 -205.637
955.615 -204.833
957.121 -204.03
958.628 -203.226
960.136 -202.423
961.644 -201.621
963.152 -200.818
964.661 -200.016
966.171 -199.215
967.681 -198.414
969.191 -197.613
970.702 -196.812
972.214 -196.012
973.726 -195.212
975.239 -194.412
976.752 -193.613
978.266 -192.814
979.78 -192.016
981.295 -191.218
982.81 -190.42
984.326 -189.623
985.842 -188.826
987.36 -188.03
988.877 -187.234
990.396 -186.438
991.914 -185.643
993.434 -184.848
994.954 -184.054
996.475 -183.26
997.996 -182.467
999.518 -181.674
1001.04 -180.881
1002.56 -180.089
1004.09 -179.297
1005.61 -178.506
1007.14 -177.715
1008.66 -176.925
1010.19 -176.135
1011.72 -175.346
1013.25 -174.557
1014.78 -173.769
1016.3 -172.981
1017.84 -172.194
1019.37 -171.407
1020.9 -170.621
1022.43 -169.836
1023.96 -169.051
1025.5 -168.266
1027.03 -167.482
1028.57 -166.699
1030.1 -165.916
1031.64 -165.134
1033.18 -164.352
1034.72 -163.571
1036.26 -162.791
1037.8 -162.011
1039.34 -161.232
1040.88 -160.454
1042.43 -159.676
1043.97 -158.898
1045.51 -158.122
1047.06 -157.346
1048.61 -156.571
1050.15 -155.796
1051.7 -155.022
1053.25 -154.249
1054.8 -153.477
1056.35 -152.705
1057.91 -151.934
1059.46 -151.164
1061.01 -150.395
1062.57 -149.626
1064.13 -148.858
1065.68 -148.091
1067.24 -147.325
1068.8 -146.559
1070.36 -145.794
1071.92 -145.03
1073.49 -144.267
1075.05 -143.505
1076.61 -142.744
1078.18 -141.983
1079.75 -141.224
1081.32 -140.465
1082.88 -139.707
1084.46 -138.951
1086.03 -138.195
1087.6 -137.44
1089.17 -136.686
1090.75 -135.933
1092.33 -135.181
1093.9 -134.43
1095.48 -133.68
1097.06 -132.931
1098.64 -132.183
1100.23 -131.436
1101.81 -130.69
1103.4 -129.946
1104.98 -129.202
1106.57 -128.459
1108.16 -127.718
1109.75 -126.978
1111.34 -126.239
1112.94 -125.501
1114.53 -124.765
1116.13 -124.029
1117.73 -123.295
1119.33 -122.562
1120.93 -121.83
1122.53 -121.1
1124.13 -120.371
1125.74 -119.643
1127.35 -118.917
1128.95 -118.192
1130.56 -117.468
1132.18 -116.746
1133.79 -116.025
1135.4 -115.306
1137.02 -114.588
1138.64 -113.871
1140.26 -113.156
1141.88 -112.443
1143.5 -111.731
1145.13 -111.021
1146.75 -110.312
1148.38 -109.605
1150.01 -108.899
1151.64 -108.195
1153.28 -107.493
1154.91 -106.793
1156.55 -106.094
1158.19 -105.397
1159.83 -104.702
1161.47 -104.009
1163.12 -103.317
1164.76 -102.627
1166.41 -101.94
1168.06 -101.254
1169.71 -100.57
1171.37 -99.8878
1173.02 -99.2078
1174.68 -98.5298
1176.34 -97.8539
1178 -97.1801
1179.67 -96.5084
1181.33 -95.8388
1183 -95.1714
1184.67 -94.5061
1186.35 -93.8432
1188.02 -93.1824
1189.7 -92.524
1191.38 -91.868
1193.06 -91.2142
1194.74 -90.5629
1196.43 -89.914
1198.11 -89.2676
1199.8 -88.6237
1201.5 -87.9823
1203.19 -87.3435
1204.89 -86.7073
1206.59 -86.0737
1208.29 -85.4429
1209.99 -84.8147
1211.7 -84.1893
1213.41 -83.5668
1215.12 -82.947
1216.83 -82.3301
1218.55 -81.7162
1220.27 -81.1052
1221.99 -80.4972
1223.71 -79.8923
1225.44 -79.2905
1227.16 -78.6917
1228.89 -78.0962
1230.63 -77.5039
1232.36 -76.9148
1234.1 -76.3291
1235.84 -75.7467
1237.58 -75.1677
1239.33 -74.5921
1241.08 -74.0201
1242.83 -73.4516
1244.58 -72.8866
1246.34 -72.3254
1248.1 -71.7678
1249.86 -71.2139
1251.62 -70.6638
1253.39 -70.1176
1255.16 -69.5753
1256.93 -69.0369
1258.71 -68.5024
1260.48 -67.9721
1262.26 -67.4458
1264.05 -66.9237
1265.83 -66.4058
1267.62 -65.8922
1269.41 -65.3828
1271.2 -64.8779
1273 -64.3773
1274.8 -63.8813
1276.6 -63.3898
1278.4 -62.9028
1280.21 -62.4206
1282.02 -61.943
1283.83 -61.4702
1285.65 -61.0023
1287.47 -60.5392
1289.29 -60.081
1291.11 -59.6279
1292.93 -59.1798
1294.76 -58.7368
1296.59 -58.299
1298.43 -57.8665
1300.26 -57.4392
1302.1 -57.0173
1303.94 -56.6008
1305.79 -56.1898
1307.64 -55.7843
1309.49 -55.3845
1311.34 -54.9902
1313.19 -54.6017
1315.05 -54.219
1316.91 -53.8421
1318.77 -53.4711
1320.63 -53.106
1322.5 -52.747
1324.37 -52.394
1326.24 -52.0471
1328.12 -51.7065
1329.99 -51.3721
1331.87 -51.044
1333.75 -50.7222
1335.64 -50.4069
1337.52 -50.098
1339.41 -49.7957
1341.3 -49.4999
1343.19 -49.2108
1345.08 -48.9283
1346.98 -48.6526
1348.88 -48.3838
1350.78 -48.1217
1352.68 -47.8666
1354.58 -47.6184
1356.49 -47.3771
1358.4 -47.143
1360.31 -46.9159
1362.22 -46.696
1364.13 -46.4832
1366.04 -46.2777
1367.96 -46.0794
1369.88 -45.8884
1371.79 -45.7048
1373.71 -45.5286
1375.64 -45.3598
1377.56 -45.1985
1379.48 -45.0446
1381.41 -44.8983
1383.33 -44.7596
1385.26 -44.6284
1387.19 -44.5049
1389.12 -44.389
1391.05 -44.2808
1392.98 -44.1803
1394.91 -44.0875
1396.85 -44.0025
1398.78 -43.9252
1400.71 -43.8558
1402.65 -43.7941
1404.58 -43.7402
1406.52 -43.6941
1408.45 -43.6559
1410.39 -43.6256
1412.33 -43.6031
1414.26 -43.5884
1416.2 -43.5816
1418.14 -43.5827
1420.07 -43.5917
1422.01 -43.6085
1423.95 -43.6332
1425.88 -43.6657
1427.82 -43.7061
1429.75 -43.7544
1431.69 -43.8104
1433.62 -43.8743
1435.56 -43.946
1437.49 -44.0255
1439.42 -44.1128
1441.36 -44.2079
1443.29 -44.3106
1445.22 -44.4211
1447.15 -44.5393
1449.08 -44.6652
1451 -44.7987
1452.93 -44.9398
1454.86 -45.0885
1456.78 -45.2448
1458.7 -45.4085
1460.62 -45.5798
1462.54 -45.7585
1464.46 -45.9446
1466.38 -46.1381
1468.3 -46.339
1470.21 -46.5471
1472.12 -46.7625
1474.04 -46.9851
1475.94 -47.2148
1477.85 -47.4517
1479.76 -47.6957
1481.66 -47.9467
1483.56 -48.2046
1485.46 -48.4695
1487.36 -48.7413
1489.26 -49.0199
1491.15 -49.3053
1493.05 -49.5974
1494.94 -49.8962
1496.82 -50.2016
1498.71 -50.5135
1500.59 -50.832
1502.47 -51.1569
1504.35 -51.4882
1506.23 -51.8258
1508.1 -52.1698
1509.97 -52.5199
1511.84 -52.8762
1513.71 -53.2386
1515.58 -53.6071
1517.44 -53.9815
1519.3 -54.3619
1521.15 -54.7481
1523.01 -55.1402
1524.86 -55.538
1526.71 -55.9415
1528.56 -56.3506
1530.4 -56.7653
1532.24 -57.1855
1534.08 -57.6111
1535.92 -58.0421
1537.75 -58.4785
1539.58 -58.9201
1541.41 -59.367
1543.24 -59.8189
1545.06 -60.276
1546.88 -60.7381
1548.7 -61.2052
1550.51 -61.6771
1552.32 -62.154
1554.13 -62.6356
1555.94 -63.122
1557.74 -63.613
1559.54 -64.1087
1561.34 -64.6089
1563.14 -65.1136
1564.93 -65.6228
1566.72 -66.1364
1568.51 -66.6543
1570.29 -67.1765
1572.08 -67.7029
1573.86 -68.2335
1575.63 -68.7682
1577.41 -69.307
1579.18 -69.8498
1580.95 -70.3965
1582.71 -70.9472
1584.48 -71.5017
1586.24 -72.06
1588 -72.6221
1589.75 -73.1879
1591.5 -73.7573
1593.25 -74.3304
1595 -74.907
1596.75 -74.3348
1598.5 -73.766
1600.25 -73.2009
1602.01 -72.6394
1603.76 -72.0815
1605.52 -71.5274
1607.29 -70.977
1609.05 -70.4304
1610.82 -69.8877
1612.59 -69.3489
1614.37 -68.8141
1616.14 -68.2833
1617.92 -67.7566
1619.7 -67.234
1621.49 -66.7156
1623.27 -66.2014
1625.06 -65.6915
1626.86 -65.1859
1628.65 -64.6848
1630.45 -64.1881
1632.25 -63.6959
1634.05 -63.2083
1635.86 -62.7253
1637.67 -62.247
1639.48 -61.7734
1641.29 -61.3046
1643.11 -60.8406
1644.93 -60.3816
1646.75 -59.9276
1648.57 -59.4785
1650.4 -59.0346
1652.23 -58.5958
1654.06 -58.1622
1655.9 -57.7338
1657.74 -57.3108
1659.58 -56.8932
1661.42 -56.481
1663.27 -56.0743
1665.11 -55.6732
1666.96 -55.2777
1668.82 -54.8878
1670.67 -54.5038
1672.53 -54.1255
1674.39 -53.753
1676.26 -53.3865
1678.12 -53.0259
1679.99 -52.6714
1681.86 -52.323
1683.73 -51.9807
1685.61 -51.6447
1687.48 -51.3149
1689.36 -50.9914
1691.25 -50.6743
1693.13 -50.3636
1695.02 -50.0594
1696.91 -49.7618
1698.8 -49.4707
1700.69 -49.1863
1702.58 -48.9086
1704.48 -48.6377
1706.38 -48.3736
1708.28 -48.1163
1710.18 -47.8659
1712.09 -47.6225
1713.99 -47.3861
1715.9 -47.1568
1717.81 -46.9345
1719.72 -46.7194
1721.63 -46.5115
1723.55 -46.3108
1725.47 -46.1174
1727.38 -45.9313
1729.3 -45.7525
1731.22 -45.5811
1733.14 -45.4172
1735.07 -45.2607
1736.99 -45.1117
1738.92 -44.9702
1740.84 -44.8363
1742.77 -44.71
1744.7 -44.5913
1746.63 -44.4802
1748.56 -44.3768
1750.49 -44.2811
1752.42 -44.1931
1754.35 -44.1129
1756.29 -44.0403
1758.22 -43.9756
1760.15 -43.9186
1762.09 -43.8695
1764.02 -43.8281
1765.96 -43.7946
1767.89 -43.7688
1769.83 -43.751
1771.77 -43.7409
1773.7 -43.7387
1775.64 -43.7445
1777.57 -43.758
1779.51 -43.7795
1781.45 -43.8088
1783.38 -43.8459
1785.32 -43.8908
1787.25 -43.9435
1789.18 -44.0041
1791.12 -44.0724
1793.05 -44.1485
1794.98 -44.2324
1796.92 -44.324
1798.85 -44.4233
1800.78 -44.5304
1802.71 -44.6451
1804.63 -44.7675
1806.56 -44.8975
1808.49 -45.0351
1810.41 -45.1803
1812.34 -45.333
1814.26 -45.4932
1816.18 -45.6609
1818.1 -45.8361
1820.02 -46.0186
1821.94 -46.2086
1823.86 -46.4058
1825.77 -46.6104
1827.68 -46.8222
1829.59 -47.0412
1831.5 -47.2674
1833.41 -47.5007
1835.32 -47.7411
1837.22 -47.9885
1839.13 -48.2428
1841.03 -48.5042
1842.92 -48.7724
1844.82 -49.0474
1846.72 -49.3292
1848.61 -49.6177
1850.5 -49.9129
1852.39 -50.2148
1854.27 -50.5232
1856.16 -50.8381
1858.04 -51.1595
1859.92 -51.4872
1861.8 -51.8214
1863.67 -52.1618
1865.54 -52.5084
1867.41 -52.8612
1869.28 -53.2201
1871.15 -53.5851
1873.01 -53.9561
1874.87 -54.333
1876.73 -54.7159
1878.58 -55.1045
1880.44 -55.4989
1882.29 -55.899
1884.13 -56.3047
1885.98 -56.716
1887.82 -57.1328
1889.66 -57.5551
1891.5 -57.9828
1893.33 -58.4159
1895.16 -58.8542
1896.99 -59.2978
1898.82 -59.7465
1900.64 -60.2003
1902.47 -60.6592
1904.28 -61.123
1906.1 -61.5918
1907.91 -62.0655
1909.72 -62.5439
1911.53 -63.0272
1913.34 -63.5151
1915.14 -64.0076
1916.94 -64.5048
1918.74 -65.0064
1920.53 -64.51
1922.33 -64.018
1924.13 -63.5306
1925.94 -63.0478
1927.75 -62.5697
1929.56 -62.0962
1931.37 -61.6275
1933.19 -61.1636
1935 -60.7047
1936.83 -60.2506
1938.65 -59.8015
1940.47 -59.3575
1942.3 -58.9187
1944.14 -58.4849
1945.97 -58.0565
1947.81 -57.6333
1949.65 -57.2154
1951.49 -56.803
1953.33 -56.396
1955.18 -55.9945
1957.03 -55.5987
1958.88 -55.2084
1960.73 -54.8239
1962.59 -54.4451
1964.45 -54.0722
1966.31 -53.7051
1968.18 -53.344
1970.04 -52.9888
1971.91 -52.6397
1973.78 -52.2968
1975.66 -51.9599
1977.53 -51.6293
1979.41 -51.305
1981.29 -50.9871
1983.18 -50.6755
1985.06 -50.3703
1986.95 -50.0717
1988.84 -49.7796
1990.73 -49.4941
1992.62 -49.2153
1994.52 -48.9432
1996.42 -48.6779
1998.31 -48.4193
2000.22 -48.1677
2002.12 -47.9229
2004.02 -47.6851
2005.93 -47.4544
2007.84 -47.2306
2009.75 -47.014
2011.66 -46.8045
2013.57 -46.6022
2015.49 -46.4071
2017.4 -46.2193
2019.32 -46.0388
2021.24 -45.8656
2023.16 -45.6998
2025.08 -45.5415
2027.01 -45.3905
2028.93 -45.2471
2030.86 -45.1112
2032.78 -44.9828
2034.71 -44.862
2036.64 -44.7487
2038.57 -44.6431
2040.5 -44.5452
2042.43 -44.4549
2044.36 -44.3723
2046.29 -44.2974
2048.22 -44.2303
2050.16 -44.1709
2052.09 -44.1192
2054.02 -44.0753
2055.96 -44.0392
2057.89 -44.0109
2059.83 -43.9904
2061.76 -43.9776
2063.7 -43.9727
2065.63 -43.9756
2067.57 -43.9863
2069.5 -44.0049
2071.44 -44.0312
2073.37 -44.0654
2075.31 -44.1073
2077.24 -44.157
2079.17 -44.2145
2081.11 -44.2797
2083.04 -44.3527
2084.97 -44.4334
2086.9 -44.5218
2088.83 -44.6179
2090.76 -44.7217
2092.69 -44.8332
2094.62 -44.9522
2096.54 -45.0789
2098.47 -45.2132
2100.4 -45.355
2102.32 -45.5043
2104.24 -45.6611
2106.16 -45.8254
2108.08 -45.9971
2110 -46.1762
2111.92 -46.3626
2113.83 -46.5564
2115.75 -46.7574
2117.66 -46.9656
2119.57 -47.1811
2121.48 -47.4037
2123.39 -47.6334
2125.3 -47.8702
2127.2 -48.114
2129.1 -48.3647
2131 -48.6224
2132.9 -48.8869
2134.8 -49.1583
2136.69 -49.4365
2138.59 -49.7213
2140.48 -50.0129
2142.37 -50.311
2144.25 -50.6157
2146.14 -50.927
2148.02 -51.2446
2149.9 -51.5687
2151.78 -51.8992
2153.65 -52.2359
2155.52 -52.5788
2157.39 -52.9279
2159.26 -53.2832
2161.13 -53.6445
2162.99 -54.0118
2164.85 -54.385
2166.71 -54.7641
2168.57 -55.1491
2170.42 -55.5398
2172.27 -55.9362
2174.12 -56.3383
2175.97 -56.7459
2177.81 -57.1591
2179.65 -57.5778
2181.49 -58.0019
2183.32 -58.4313
2185.16 -58.866
2186.99 -59.3059
2188.81 -59.7511
2190.64 -60.2013
2192.46 -60.6566
2194.28 -61.1169
2196.1 -61.5821
2197.91 -62.0522
2199.72 -62.5271
2201.53 -63.0068
2203.34 -63.4912
2205.14 -63.9803
2206.94 -64.4739
2208.74 -64.9721
2210.53 -65.4748
2212.33 -65.9819
2214.12 -66.4934
2215.9 -67.0091
2217.69 -67.5292
2219.47 -68.0534
2221.25 -68.5818
2223.03 -69.1143
2224.8 -69.6509
2226.57 -70.1914
2228.34 -70.7359
2230.1 -71.2843
2231.87 -71.8365
2233.63 -72.3925
2235.39 -72.9522
2237.14 -73.5156
2238.89 -74.0827
2240.64 -74.6534
2242.39 -75.2276
2244.14 -75.8053
2245.88 -76.3864
2247.62 -76.971
2249.36 -77.5589
2251.09 -78.1501
2252.82 -78.7445
2254.55 -79.3422
2256.28 -79.9431
2258 -80.5471
2259.73 -81.1542
2261.45 -81.7643
2263.16 -82.3775
2264.88 -82.9936
2266.59 -83.6126
2268.3 -84.2345
2270.01 -84.8592
2271.71 -85.4868
2273.42 -86.1171
2275.12 -86.7501
2276.82 -87.3858
2278.51 -88.0242
2280.21 -88.6651
2281.9 -89.3087
2283.59 -89.9548
2285.27 -90.6034
2286.96 -91.2544
2288.64 -91.9079
2290.32 -92.5638
2292 -93.222
2293.67 -93.8826
2295.35 -94.5455
2297.02 -95.2106
2298.69 -95.878
2300.36 -96.5475
2302.02 -97.2193
2303.69 -97.8932
2305.35 -98.5692
2307.01 -99.2472
2308.66 -99.9274
2310.32 -99.2501
2311.98 -98.5748
2313.64 -97.9016
2315.3 -97.2305
2316.97 -96.5615
2318.64 -95.8947
2320.31 -95.23
2321.98 -94.5675
2323.65 -93.9073
2325.33 -93.2493
2327 -92.5937
2328.68 -91.9404
2330.37 -91.2894
2332.05 -90.6409
2333.74 -89.9947
2335.43 -89.3511
2337.12 -88.71
2338.81 -88.0714
2340.5 -87.4353
2342.2 -86.8019
2343.9 -86.1712
2345.6 -85.5431
2347.31 -84.9178
2349.02 -84.2952
2350.73 -83.6754
2352.44 -83.0585
2354.15 -82.4444
2355.87 -81.8333
2357.59 -81.2251
2359.31 -80.62
2361.03 -80.0178
2362.76 -79.4188
2364.49 -78.8229
2366.22 -78.2302
2367.95 -77.6407
2369.69 -77.0545
2371.43 -76.4715
2373.17 -75.892
2374.91 -75.3158
2376.66 -74.743
2378.41 -74.1738
2380.16 -73.6081
2381.91 -73.046
2383.67 -72.4875
2385.43 -71.9327
2387.19 -71.3817
2388.95 -70.8344
2390.72 -70.291
2392.49 -69.7514
2394.26 -69.2158
2396.04 -68.6842
2397.82 -68.1566
2399.6 -67.6331
2401.38 -67.1138
2403.17 -66.5986
2404.95 -66.0877
2406.74 -65.5811
2408.54 -65.0789
2410.33 -64.5811
2412.13 -64.0878
2413.94 -63.599
2415.74 -63.1148
2417.55 -62.6352
2419.36 -62.1603
2421.17 -61.6902
2422.98 -61.2249
2424.8 -60.7644
2426.62 -60.3089
2428.45 -59.8584
2430.27 -59.4129
2432.1 -58.9725
2433.93 -58.5373
2435.76 -58.1073
2437.6 -57.6826
2439.44 -57.2632
2441.28 -56.8492
2443.12 -56.4407
2444.97 -56.0377
2446.82 -55.6402
2448.67 -55.2484
2450.53 -54.8623
2452.38 -54.4819
2454.24 -54.1074
2456.1 -53.7387
2457.97 -53.3759
2459.83 -53.0192
2461.7 -52.6684
2463.57 -52.3238
2465.45 -51.9853
2467.32 -51.6531
2469.2 -51.3271
2471.08 -51.0075
2472.96 -50.6942
2474.85 -50.3874
2476.73 -50.087
2478.62 -49.7932
2480.51 -49.5061
2482.41 -49.2255
2484.3 -48.9517
2486.2 -48.6847
2488.1 -48.4244
2490 -48.171
2491.9 -47.9245
2493.81 -47.685
2495.71 -47.4525
2497.62 -47.227
2499.53 -47.0086
2501.44 -46.7974
2503.36 -46.5933
2505.27 -46.3965
2507.19 -46.2069
2509.1 -46.0247
2511.02 -45.8497
2512.94 -45.6822
2514.87 -45.5221
2516.79 -45.3694
2518.71 -45.2242
2520.64 -45.0865
2522.56 -44.9564
2524.49 -44.8338
2526.42 -44.7188
2528.35 -44.6115
2530.28 -44.5118
2532.21 -44.4198
2534.14 -44.3355
2536.07 -44.2589
2538 -44.19
2539.94 -44.1288
2541.87 -44.0755
2543.81 -44.0299
2545.74 -43.9921
2547.67 -43.9621
2549.61 -43.9398
2551.54 -43.9254
2553.48 -43.9188
2555.42 -43.9201
2557.35 -43.929
2559.29 -43.9458
2561.22 -43.9704
2563.16 -44.0028
2565.09 -44.043
2567.02 -44.091
2568.96 -44.1468
2570.89 -44.2103
2572.82 -44.2816
2574.76 -44.3607
2576.69 -44.4474
2578.62 -44.5419
2580.55 -44.6441
2582.48 -44.7539
2584.41 -44.8714
2586.33 -44.9965
2588.26 -45.1292
2590.19 -45.2694
2592.11 -45.4172
2594.03 -45.5725
2595.95 -45.7352
2597.88 -45.9054
2599.79 -46.083
2601.71 -46.268
2603.63 -46.4603
2605.54 -46.6599
2607.46 -46.8667
2609.37 -47.0808
2611.28 -47.302
2613.19 -47.5303
2615.09 -47.7657
2617 -48.0082
2618.9 -48.2576
2620.8 -48.514
2622.7 -48.7773
2624.6 -49.0474
2626.49 -49.3243
2628.39 -49.6079
2630.28 -49.8982
2632.17 -50.1952
2634.05 -50.4987
2635.94 -50.8088
2637.82 -51.1254
2639.7 -51.4483
2641.58 -51.7776
2643.46 -52.1133
2645.33 -52.4551
2647.2 -52.8032
2649.07 -53.1574
2650.94 -53.5177
2652.8 -53.884
2654.66 -54.2562
2656.52 -54.6344
2658.38 -55.0184
2660.23 -55.4082
2662.08 -55.8037
2663.93 -56.2049
2665.78 -56.6116
2667.62 -57.024
2669.46 -57.4418
2671.3 -57.865
2673.14 -58.2936
2674.97 -58.7276
2676.8 -59.1667
2678.63 -59.6111
2680.46 -60.0606
2682.28 -60.5151
2684.1 -60.9747
2685.92 -61.4392
2687.73 -61.9086
2689.54 -62.3829
2691.35 -62.8619
2693.16 -63.3457
2694.96 -63.8341
2696.76 -64.3272
2698.56 -64.8248
2700.36 -65.3269
2702.15 -65.8334
2703.94 -66.3443
2705.73 -66.8595
2707.52 -67.3791
2709.3 -67.9028
2711.08 -68.4307
2712.86 -68.9627
2714.63 -69.4988
2716.4 -70.0389
2718.17 -70.5829
2719.94 -71.1308
2721.7 -71.6826
2723.46 -72.2382
2725.22 -72.7975
2726.98 -73.3606
2728.73 -73.9273
2730.48 -74.4976
2732.23 -75.0714
2733.97 -75.6488
2735.72 -76.2296
2737.46 -76.8138
2739.19 -77.4014
2740.93 -77.9923
2742.66 -78.5865
2744.39 -79.1839
2746.12 -79.7845
2747.84 -80.3883
2749.57 -80.9951
2751.29 -81.605
2753 -82.2179
2754.72 -82.8338
2756.43 -83.4526
2758.14 -84.0743
2759.85 -84.6989
2761.56 -85.3262
2763.26 -85.9564
2764.96 -86.5892
2766.66 -87.2248
2768.36 -87.863
2770.05 -88.5038
2771.74 -89.1472
2773.43 -89.7932
2775.12 -90.4417
2776.8 -91.0926
2778.49 -91.746
2780.17 -92.4018
2781.85 -93.0599
2783.52 -93.7204
2785.2 -94.3832
2786.87 -95.0483
2788.54 -95.7156
2790.21 -96.3851
2791.87 -97.0568
2793.54 -97.7306
2795.2 -98.4066
2796.86 -99.0846
2798.51 -99.7647
2800.17 -100.447
2801.82 -101.131
2803.47 -101.817
2805.12 -102.505
2806.77 -103.195
2808.42 -103.887
2810.06 -104.581
2811.7 -105.276
2813.34 -105.973
2814.98 -106.673
2816.62 -107.373
2818.25 -108.076
2819.89 -108.78
2821.52 -109.486
2823.15 -110.194
2824.77 -110.903
2826.4 -111.614
2828.02 -112.327
2829.65 -113.041
2831.27 -113.756
2832.88 -114.474
2834.5 -115.192
2836.12 -115.912
2837.73 -116.634
2839.34 -117.357
2840.95 -118.082
2842.56 -118.807
2844.17 -119.535
2845.78 -120.263
2847.38 -120.993
2848.98 -121.724
2850.59 -122.457
2852.19 -123.191
2853.79 -123.926
2855.38 -124.662
2856.98 -125.4
2858.57 -126.139
2860.17 -126.879
2861.76 -127.62
2863.35 -128.363
2864.93 -129.106
2866.52 -129.851
2868.11 -130.597
2869.69 -131.344
2871.28 -132.092
2872.86 -132.841
2874.44 -133.591
2876.02 -134.342
2877.6 -135.094
2879.17 -135.847
2880.75 -136.602
2882.32 -137.357
2883.9 -138.113
2885.47 -138.87
2887.04 -139.628
2888.61 -140.387
2890.18 -141.147
2891.74 -141.908
2893.31 -142.67
2894.87 -143.433
2896.44 -144.196
2898 -144.961
2899.56 -145.726
2901.12 -146.492
2902.68 -147.259
2904.24 -148.027
2905.8 -148.795
2907.35 -149.565
2908.91 -150.335
2910.46 -151.106
2912.02 -151.877
2913.57 -152.65
2915.12 -153.423
2916.67 -154.197
2918.22 -154.971
2919.77 -155.747
2921.32 -156.523
2922.86 -157.299
2924.41 -158.077
2925.95 -158.855
2927.5 -159.634
2929.04 -160.413
2930.58 -161.193
2932.12 -161.974
2933.66 -162.755
2935.2 -163.537
2936.74 -164.32
2938.28 -165.103
2939.82 -165.887
2941.35 -166.671
2942.89 -167.456
2944.42 -168.242
2945.96 -169.028
2947.49 -169.814
2949.02 -170.602
2950.55 -171.389
2952.08 -172.178
2953.61 -172.967
2955.14 -173.756
2956.67 -174.546
2958.2 -175.336
2959.72 -176.127
2961.25 -176.919
2962.78 -177.711
2964.3 -178.503
2965.83 -179.296
2967.35 -180.089
2968.87 -180.883
2970.39 -181.677
2971.92 -182.472
2973.44 -183.267
2974.96 -184.063
2976.48 -184.859
2978 -185.655
2979.51 -186.452
2981.03 -187.25
2982.55 -188.047
2984.07 -188.846
2985.58 -189.644
2987.1 -190.443
2988.61 -191.243
2990.13 -192.042
2991.64 -192.843
2993.15 -193.643
2994.67 -194.444
2996.18 -195.245
2997.69 -196.047
2999.2 -196.849
3000.71 -197.651
3002.22 -198.454
3003.73 -199.257
3005.24 -200.061
3006.75 -200.864
3008.25 -201.668
3009.76 -202.473
3011.27 -203.278
3012.77 -204.083
3014.28 -204.888
3015.79 -205.694
3017.29 -206.5
3018.79 -207.306
3020.3 -208.113
3021.8 -208.92
3023.31 -209.727
3024.81 -210.534
3026.31 -211.342
3027.81 -212.15
3029.31 -212.959
3030.82 -213.767
3032.32 -214.576
3033.82 -215.385
3035.32 -216.195
3036.81 -217.005
3038.31 -217.815
3039.81 -218.625
3041.31 -219.435
3042.81 -220.246
3044.31 -221.057
3045.8 -221.868
3047.3 -222.68
3048.8 -223.492
3050.29 -224.303
3051.79 -225.116
3053.28 -225.928
3054.78 -226.741
3056.27 -227.554
3057.77 -228.367
3059.26 -229.18
3060.75 -229.994
3062.25 -230.807
3063.74 -231.621
3065.23 -232.435
3066.72 -233.25
3068.22 -234.064
3069.71 -234.879
3071.2 -235.694
3072.69 -236.509
3074.18 -237.325
3075.67 -238.14
3077.16 -238.956
3078.65 -239.772
3080.14 -240.588
3081.63 -241.404
3083.12 -242.221
3084.61 -243.037
3086.1 -243.854
3087.58 -244.671
3089.07 -245.488
3090.56 -246.306
3092.05 -247.123
3093.53 -247.941
3095.02 -248.759
3096.51 -249.577
3097.99 -250.395
3099.48 -251.213
3100.97 -252.032
3102.45 -252.85
3103.94 -253.669
3105.42 -254.488
3106.91 -255.307
3108.39 -256.126
3109.88 -256.946
3111.36 -257.765
3112.84 -258.585
3114.33 -259.405
3115.81 -260.225
3117.29 -261.045
3118.78 -261.865
3120.26 -262.685
3121.74 -263.506
3123.22 -264.326
3124.71 -265.147
3126.19 -265.968
3127.67 -266.789
3129.15 -267.61
3130.63 -268.431
3132.11 -269.253
3133.6 -270.074
3135.08 -270.896
3136.56 -271.717
3138.04 -272.539
3139.52 -273.361
3141 -274.183
3142.48 -275.005
3143.96 -275.827
3145.44 -276.65
3146.92 -277.472
3148.4 -278.295
3149.88 -279.117
3151.35 -279.94
3152.83 -280.763
3154.31 -281.586
3155.79 -282.409
3157.27 -283.232
3158.75 -284.056
3160.22 -284.879
3161.7 -285.702
3163.18 -286.526
3164.66 -287.35
3166.13 -288.173
3167.61 -288.997
3169.09 -289.821
3170.57 -290.645
3172.04 -291.469
3173.52 -292.293
3175 -293.118
3176.47 -293.942
3177.95 -294.766
3179.42 -295.591
3180.9 -296.415
3182.38 -297.24
3183.85 -298.065
3185.33 -298.89
3186.8 -299.715
3188.28 -300.54
3189.75 -301.365
3191.23 -302.19
3192.7 -303.015
3194.18 -303.84
3195.65 -304.666
3197.13 -305.491
3198.6 -306.317
3200.08 -307.142
3201.55 -307.968
3203.03 -308.794
3204.5 -309.619
3205.97 -310.445
3207.45 -311.271
3208.92 -312.097
3210.39 -312.923
3211.87 -313.749
3213.34 -314.575
3214.81 -315.402
3216.29 -316.228
3217.76 -317.054
3219.23 -317.881
3220.71 -318.707
3222.18 -319.534
3223.65 -320.36
3225.13 -321.187
3226.6 -322.013
3228.07 -322.84
3229.54 -323.667
3231.02 -324.494
3232.49 -325.321
3233.96 -326.148
3235.43 -326.975
3236.9 -327.802
3238.38 -328.629
3239.85 -329.456
3241.32 -330.283
3242.79 -331.111
3244.26 -331.938
3245.73 -332.765
3247.2 -333.593
3248.68 -334.42
3250.15 -335.248
3251.62 -336.075
3253.09 -336.903
3254.56 -337.73
3256.03 -338.558
3257.5 -339.386
3258.97 -340.213
3260.44 -341.041
3261.91 -341.869
3263.38 -342.697
3264.86 -343.525
3266.33 -344.353
3267.8 -345.181
3269.27 -346.009
3270.74 -346.837
3272.21 -347.665
3273.68 -348.493
3275.15 -349.322
3276.62 -350.15
3278.09 -350.978
3279.56 -351.806
3281.03 -352.635
3282.5 -353.463
3283.97 -354.292
3285.44 -355.12
3286.91 -355.949
3288.37 -356.777
3289.84 -357.606
3291.31 -358.434
3292.78 -359.263
3294.25 -360.092
3295.72 -360.92
3297.19 -361.749
3298.66 -362.578
3300.13 -363.407
3301.6 -364.235
3303.07 -365.064
3304.54 -365.893
3306 -366.722
3307.47 -367.551
3308.94 -368.38
3310.41 -369.209
3311.88 -370.038
3313.35 -370.867
3314.82 -371.696
3316.29 -372.525
3317.75 -373.354
3319.22 -374.184
3320.69 -375.013
3322.16 -375.842
3323.63 -376.671
3325.1 -377.501
3326.56 -378.33
3328.03 -379.159
3329.5 -379.988
3330.97 -380.818
3332.44 -381.647
3333.91 -382.477
3335.37 -383.306
3336.84 -384.136
3338.31 -384.965
3339.78 -385.795
3341.25 -386.624
3342.71 -387.454
3344.18 -388.283
3345.65 -389.113
3347.12 -389.942
3348.58 -390.772
3350.05 -391.602
3351.52 -392.431
3352.99 -393.261
3354.45 -394.091
3355.92 -394.921
3357.39 -395.75
3358.86 -396.58
3360.32 -397.41
3361.79 -398.24
3363.26 -399.07
3364.73 -399.899
3366.19 -400.729
3367.66 -401.559
3369.13 -402.389
3370.6 -403.219
3372.06 -404.049
3373.53 -404.879
3375 -405.709
3376.46 -406.539
3377.93 -407.369
3379.4 -408.199
3380.86 -409.029
3382.33 -409.859
3383.8 -410.689
3385.27 -411.519
3386.73 -412.349
3388.2 -413.179
3389.67 -414.01
3391.13 -414.84
3392.6 -415.67
3394.07 -416.5
3395.53 -417.33
3397 -418.16
3398.47 -418.991
3399.93 -419.821
3401.4 -420.651
3402.87 -421.481
3404.33 -422.312
3405.8 -423.142
3407.27 -423.972
3408.73 -424.803
3410.2 -425.633
3411.67 -426.463
3413.13 -427.294
3414.6 -428.124
3416.07 -428.954
3417.53 -429.785
3419 -430.615
3420.47 -431.446
3421.93 -432.276
3423.4 -433.106
3424.86 -433.937
3426.33 -434.767
3427.8 -435.598
3429.26 -436.428
3430.73 -437.259
3432.2 -438.089
3433.66 -438.92
3435.13 -439.75
3436.59 -440.581
3438.06 -441.411
3439.53 -442.242
3440.99 -443.073
3442.46 -443.903
3443.93 -444.734
3445.39 -445.564
3446.86 -446.395
3448.32 -447.226
3449.79 -448.056
3451.26 -448.887
3452.72 -449.717
3454.19 -450.548
3455.65 -451.379
3457.12 -452.21
3458.59 -453.04
3460.05 -453.871
3461.52 -454.702
3462.98 -455.532
3464.45 -456.363
3465.91 -457.194
3467.38 -458.024
3468.85 -458.855
3470.31 -459.686
3471.78 -460.517
3473.24 -461.348
3474.71 -462.178
3476.18 -463.009
3477.64 -463.84
3479.11 -464.671
3480.57 -465.501
3482.04 -466.332
3483.5 -467.163
3484.97 -467.994
3486.44 -468.825
3487.9 -469.656
3489.37 -470.486
3490.83 -471.317
3492.3 -472.148
3493.76 -472.979
3495.23 -473.81
3496.7 -474.641
3498.16 -475.472
3499.63 -476.303
3501.09 -477.133
3502.56 -477.964
3504.02 -478.795
3505.49 -479.626
3506.95 -480.457
3508.42 -481.288
3509.89 -482.119
3511.35 -482.95
3512.82 -483.781
3514.28 -484.612
3515.75 -485.443
3517.21 -486.274
3518.68 -487.105
3520.14 -487.936
3521.61 -488.767
3523.08 -489.598
3524.54 -490.429
3526.01 -491.26
3527.47 -492.091
3528.94 -492.922
3530.4 -493.753
3531.87 -494.584
3533.33 -495.415
3534.8 -496.246
3536.26 -497.077
3537.73 -497.908
3539.19 -498.739
3540.66 -499.57
3542.12 -500.401
3543.59 -501.232
