250 -600
251.507 -599.248
253.015 -598.497
254.522 -597.745
256.029 -596.994
257.537 -596.242
259.044 -595.491
260.551 -594.739
262.059 -593.988
263.566 -593.236
265.074 -592.485
266.581 -591.733
268.088 -590.982
269.596 -590.23
271.103 -589.479
272.611 -588.727
274.118 -587.976
275.625 -587.224
277.133 -586.473
278.64 -585.721
280.147 -584.969
281.655 -584.218
283.162 -583.466
284.67 -582.715
286.177 -581.963
287.684 -581.212
289.192 -580.46
290.699 -579.709
292.207 -578.957
293.714 -578.206
295.221 -577.454
296.729 -576.703
298.236 -575.951
299.744 -575.2
301.251 -574.448
302.759 -573.697
304.266 -572.945
305.773 -572.194
307.281 -571.443
308.788 -570.691
310.296 -569.94
311.803 -569.188
313.311 -568.437
314.818 -567.685
316.326 -566.934
317.833 -566.182
319.34 -565.431
320.848 -564.679
322.355 -563.928
323.863 -563.176
325.37 -562.425
326.878 -561.674
328.385 -560.922
329.893 -560.171
331.4 -559.419
332.908 -558.668
334.415 -557.916
335.923 -557.165
337.43 -556.413
338.938 -555.662
340.445 -554.91
341.953 -554.159
343.46 -553.408
344.968 -552.656
346.475 -551.905
347.983 -551.153
349.49 -550.402
350.998 -549.651
352.505 -548.899
354.013 -548.148
355.52 -547.396
357.028 -546.645
358.535 -545.894
360.043 -545.142
361.55 -544.391
363.058 -543.639
364.565 -542.888
366.073 -542.137
367.581 -541.385
369.088 -540.634
370.596 -539.882
372.103 -539.131
373.611 -538.38
375.118 -537.628
376.626 -536.877
378.134 -536.126
379.641 -535.374
381.149 -534.623
382.656 -533.872
384.164 -533.12
385.672 -532.369
387.179 -531.617
388.687 -530.866
390.194 -530.115
391.702 -529.363
393.21 -528.612
394.717 -527.861
396.225 -527.109
397.733 -526.358
399.24 -525.607
400.748 -524.855
402.256 -524.104
403.763 -523.353
405.271 -522.602
406.779 -521.85
408.286 -521.099
409.794 -520.348
411.302 -519.596
412.809 -518.845
414.317 -518.094
415.825 -517.343
417.332 -516.591
418.84 -515.84
420.348 -515.089
421.856 -514.337
423.363 -513.586
424.871 -512.835
426.379 -512.084
427.887 -511.332
429.394 -510.581
430.902 -509.83
432.41 -509.079
433.918 -508.328
435.425 -507.576
436.933 -506.825
438.441 -506.074
439.949 -505.323
441.457 -504.572
442.964 -503.82
444.472 -503.069
445.98 -502.318
447.488 -501.567
448.996 -500.816
450.504 -500.064
452.011 -499.313
453.519 -498.562
455.027 -497.811
456.535 -497.06
458.043 -496.309
459.551 -495.558
461.059 -494.806
462.566 -494.055
464.074 -493.304
465.582 -492.553
467.09 -491.802
468.598 -491.051
470.106 -490.3
471.614 -489.549
473.122 -488.798
474.63 -488.046
476.138 -487.295
477.646 -486.544
479.154 -485.793
480.662 -485.042
482.17 -484.291
483.678 -483.54
485.186 -482.789
486.694 -482.038
488.202 -481.287
489.71 -480.536
491.218 -479.785
492.726 -479.034
494.234 -478.283
495.742 -477.532
497.25 -476.781
498.759 -476.03
500.267 -475.279
501.775 -474.528
503.283 -473.777
504.791 -473.026
506.299 -472.275
507.807 -471.524
509.316 -470.773
510.824 -470.023
512.332 -469.272
513.84 -468.521
515.348 -467.77
516.857 -467.019
518.365 -466.268
519.873 -465.517
521.381 -464.766
522.89 -464.016
524.398 -463.265
525.906 -462.514
527.415 -461.763
528.923 -461.012
530.431 -460.261
531.94 -459.511
533.448 -458.76
534.956 -458.009
536.465 -457.258
537.973 -456.508
539.481 -455.757
540.99 -455.006
542.498 -454.255
544.007 -453.505
545.515 -452.754
547.024 -452.003
548.532 -451.253
550.041 -450.502
551.549 -449.751
553.058 -449.001
554.566 -448.25
556.075 -447.499
557.583 -446.749
559.092 -445.998
560.601 -445.248
562.109 -444.497
563.618 -443.746
565.126 -442.996
566.635 -442.245
568.144 -441.495
569.652 -440.744
571.161 -439.994
572.67 -439.243
574.179 -438.493
575.687 -437.742
577.196 -436.992
578.705 -436.241
580.214 -435.491
581.723 -434.74
583.231 -433.99
584.74 -433.24
586.249 -432.489
587.758 -431.739
589.267 -430.988
590.776 -430.238
592.285 -429.488
593.794 -428.737
595.303 -427.987
596.812 -427.237
598.321 -426.486
599.83 -425.736
601.339 -424.986
602.848 -424.236
604.357 -423.486
605.866 -422.735
607.375 -421.985
608.884 -421.235
610.394 -420.485
611.903 -419.735
613.412 -418.984
614.921 -418.234
616.43 -417.484
617.94 -416.734
619.449 -415.984
620.958 -415.234
622.468 -414.484
623.977 -413.734
625.487 -412.984
626.996 -412.234
628.505 -411.484
630.015 -410.734
631.524 -409.984
633.034 -409.234
634.543 -408.484
636.053 -407.735
637.563 -406.985
639.072 -406.235
640.582 -405.485
642.092 -404.735
643.601 -403.986
645.111 -403.236
646.621 -402.486
648.13 -401.736
649.64 -400.987
651.15 -400.237
652.66 -399.487
654.17 -398.738
655.68 -397.988
657.19 -397.239
658.7 -396.489
660.21 -395.74
661.72 -394.99
663.23 -394.241
664.74 -393.491
666.25 -392.742
667.76 -391.992
669.27 -391.243
670.781 -390.493
672.291 -389.744
673.801 -388.995
675.311 -388.245
676.822 -387.496
678.332 -386.747
679.843 -385.998
681.353 -385.249
682.863 -384.499
684.374 -383.75
685.885 -383.001
687.395 -382.252
688.906 -381.503
690.416 -380.754
691.927 -380.005
693.438 -379.256
694.949 -378.507
696.459 -377.758
697.97 -377.009
699.481 -376.26
700.992 -375.511
702.503 -374.763
704.014 -374.014
705.525 -373.265
707.036 -372.516
708.547 -371.768
710.059 -371.019
711.57 -370.27
713.081 -369.522
714.592 -368.773
716.104 -368.025
717.615 -367.276
719.126 -366.528
720.638 -365.779
722.149 -365.031
723.661 -364.283
725.173 -363.534
726.684 -362.786
728.196 -362.038
729.708 -361.29
731.22 -360.542
732.731 -359.793
734.243 -359.045
735.755 -358.297
737.267 -357.549
738.779 -356.801
740.291 -356.053
741.804 -355.305
743.316 -354.558
744.828 -353.81
746.34 -353.062
747.853 -352.314
749.365 -351.566
750.878 -350.819
752.39 -350.071
753.903 -349.324
755.415 -348.576
756.928 -347.829
758.441 -347.081
759.954 -346.334
761.466 -345.587
762.979 -344.839
764.492 -344.092
766.005 -343.345
767.519 -342.598
769.032 -341.85
770.545 -341.103
772.058 -340.356
773.572 -339.609
775.085 -338.863
776.599 -338.116
778.112 -337.369
779.626 -336.622
781.139 -335.875
782.653 -335.129
784.167 -334.382
785.681 -333.636
787.195 -332.889
788.709 -332.143
790.223 -331.396
791.737 -330.65
793.252 -329.904
794.766 -329.157
796.28 -328.411
797.795 -327.665
799.31 -326.919
800.824 -326.173
802.339 -325.427
803.854 -324.681
805.369 -323.936
806.884 -323.19
808.399 -322.444
809.914 -321.699
811.429 -320.953
812.944 -320.208
814.46 -319.462
815.975 -318.717
817.491 -317.972
819.006 -317.226
820.522 -316.481
822.038 -315.736
823.554 -314.991
825.07 -314.246
826.586 -313.501
828.102 -312.757
829.619 -312.012
831.135 -311.267
832.651 -310.523
834.168 -309.778
835.685 -309.034
837.202 -308.289
838.718 -307.545
840.235 -306.801
841.753 -306.057
843.27 -305.313
844.787 -304.569
846.304 -303.825
847.822 -303.081
849.34 -302.338
850.857 -301.594
852.375 -300.851
853.893 -300.107
855.411 -299.364
856.929 -298.621
858.448 -297.877
859.966 -297.134
861.485 -296.391
863.003 -295.648
864.522 -294.906
866.041 -294.163
867.56 -293.42
869.079 -292.678
870.599 -291.935
872.118 -291.193
873.638 -290.451
875.157 -289.709
876.677 -288.967
878.197 -288.225
879.717 -287.483
881.237 -286.741
882.757 -286
884.278 -285.258
885.799 -284.517
887.319 -283.776
888.84 -283.035
890.361 -282.294
891.882 -281.553
893.404 -280.812
894.925 -280.071
896.447 -279.331
897.969 -278.59
899.49 -277.85
901.013 -277.11
902.535 -276.37
904.057 -275.63
905.58 -274.89
907.102 -274.15
908.625 -273.41
910.148 -272.671
911.672 -271.932
913.195 -271.192
914.719 -270.453
916.242 -269.715
917.766 -268.976
919.29 -268.237
920.815 -267.499
922.339 -266.76
923.864 -266.022
925.388 -265.284
926.913 -264.546
928.438 -263.808
929.964 -263.071
931.489 -262.333
933.015 -261.596
934.541 -260.859
936.067 -260.122
937.593 -259.385
939.12 -258.648
940.647 -257.911
942.174 -257.175
943.701 -256.439
945.228 -255.703
946.756 -254.967
948.283 -254.231
949.811 -253.496
951.34 -252.76
952.868 -252.025
954.397 -251.29
955.925 -250.555
957.455 -249.821
958.984 -249.086
960.513 -248.352
962.043 -247.618
963.573 -246.884
965.104 -246.15
966.634 -245.417
968.165 -244.683
969.696 -243.95
971.227 -243.217
972.759 -242.484
974.29 -241.752
975.822 -241.02
977.355 -240.288
978.887 -239.556
980.42 -238.824
981.953 -238.092
983.486 -237.361
985.02 -236.63
986.554 -235.899
988.088 -235.169
989.622 -234.438
991.157 -233.708
992.692 -232.978
994.227 -232.249
995.763 -231.519
997.299 -230.79
998.835 -230.061
1000.37 -229.333
1001.91 -228.604
1003.45 -227.876
1004.98 -227.148
1006.52 -226.42
1008.06 -225.693
1009.6 -224.966
1011.14 -224.239
1012.67 -223.512
1014.21 -222.786
1015.75 -222.06
1017.29 -221.334
1018.83 -220.609
1020.37 -219.883
1021.92 -219.159
1023.46 -218.434
1025 -217.71
1026.54 -216.985
1028.08 -216.262
1029.63 -215.538
1031.17 -214.815
1032.71 -214.092
1034.26 -213.37
1035.8 -212.648
1037.35 -211.926
1038.89 -211.204
1040.44 -210.483
1041.98 -209.762
1043.53 -209.041
1045.08 -208.321
1046.62 -207.601
1048.17 -206.882
1049.72 -206.163
1051.27 -205.444
1052.82 -204.725
1054.36 -204.007
1055.91 -203.29
1057.46 -202.572
1059.01 -201.855
1060.57 -201.139
1062.12 -200.422
1063.67 -199.707
1065.22 -198.991
1066.77 -198.276
1068.33 -197.561
1069.88 -196.847
1071.43 -196.133
1072.99 -195.42
1074.54 -194.707
1076.1 -193.994
1077.66 -193.282
1079.21 -192.571
1080.77 -191.859
1082.33 -191.148
1083.89 -190.438
1085.45 -189.728
1087 -189.019
1088.56 -188.31
1090.12 -187.601
1091.69 -186.893
1093.25 -186.186
1094.81 -185.479
1096.37 -184.772
1097.93 -184.066
1099.5 -183.36
1101.06 -182.655
1102.63 -181.951
1104.19 -181.247
1105.76 -180.543
1107.33 -179.84
1108.89 -179.138
1110.46 -178.436
1112.03 -177.734
1113.6 -177.034
1115.17 -176.333
1116.74 -175.634
1118.31 -174.935
1119.88 -174.236
1121.45 -173.538
1123.03 -172.841
1124.6 -172.144
1126.17 -171.448
1127.75 -170.753
1129.32 -170.058
1130.9 -169.364
1132.48 -168.67
1134.06 -167.977
1135.63 -167.285
1137.21 -166.593
1138.79 -165.902
1140.37 -165.212
1141.96 -164.522
1143.54 -163.834
1145.12 -163.145
1146.7 -162.458
1148.29 -161.771
1149.87 -161.085
1151.46 -160.4
1153.05 -159.715
1154.63 -159.031
1156.22 -158.348
1157.81 -157.666
1159.4 -156.985
1160.99 -156.304
1162.58 -155.624
1164.18 -154.945
1165.77 -154.267
1167.36 -153.589
1168.96 -152.912
1170.56 -152.237
1172.15 -151.562
1173.75 -150.888
1175.35 -150.214
1176.95 -149.542
1178.55 -148.871
1180.15 -148.2
1181.75 -147.531
1183.35 -146.862
1184.96 -146.194
1186.56 -145.527
1188.17 -144.862
1189.78 -144.197
1191.39 -143.533
1192.99 -142.87
1194.6 -142.208
1196.22 -141.547
1197.83 -140.887
1199.44 -140.229
1201.05 -139.571
1202.67 -138.914
1204.29 -138.259
1205.9 -137.604
1207.52 -136.951
1209.14 -136.298
1210.76 -135.647
1212.38 -134.997
1214.01 -134.348
1215.63 -133.701
1217.25 -133.054
1218.88 -132.409
1220.51 -131.765
1222.14 -131.122
1223.76 -130.48
1225.4 -129.84
1227.03 -129.201
1228.66 -128.563
1230.29 -127.926
1231.93 -127.291
1233.57 -126.657
1235.2 -126.025
1236.84 -125.394
1238.48 -124.764
1240.13 -124.136
1241.77 -123.509
1243.41 -122.883
1245.06 -122.259
1246.7 -121.636
1248.35 -121.015
1250 -120.396
1251.65 -119.777
1253.3 -119.161
1254.96 -118.546
1256.61 -117.932
1258.27 -117.32
1259.93 -116.71
1261.58 -116.101
1263.24 -115.494
1264.91 -114.889
1266.57 -114.285
1268.23 -113.684
1269.9 -113.083
1271.57 -112.485
1273.24 -111.888
1274.91 -111.293
1276.58 -110.7
1278.25 -110.109
1279.93 -109.519
1281.6 -108.932
1283.28 -108.346
1284.96 -107.762
1286.64 -107.18
1288.32 -106.601
1290.01 -106.023
1291.69 -105.447
1293.38 -104.873
1295.07 -104.301
1296.76 -103.731
1298.45 -103.164
1300.14 -102.598
1301.84 -102.035
1303.53 -101.474
1305.23 -100.915
1306.93 -100.358
1308.63 -99.8035
1310.34 -99.2513
1312.04 -98.7014
1313.75 -98.1538
1315.46 -97.6085
1317.17 -97.0657
1318.88 -96.5252
1320.59 -95.9872
1322.31 -95.4517
1324.02 -94.9186
1325.74 -94.3881
1327.46 -93.8601
1329.18 -93.3347
1330.91 -92.8119
1332.63 -92.2917
1334.36 -91.7742
1336.09 -91.2594
1337.82 -90.7473
1339.55 -90.238
1341.29 -89.7314
1343.02 -89.2277
1344.76 -88.7268
1346.5 -88.2288
1348.24 -87.7336
1349.98 -87.2415
1351.73 -86.7523
1353.48 -86.2661
1355.22 -85.7829
1356.98 -85.3028
1358.73 -84.8258
1360.48 -84.352
1362.24 -83.8813
1364 -83.4138
1365.76 -82.9495
1367.52 -82.4885
1369.28 -82.0308
1371.05 -81.5764
1372.81 -81.1254
1374.58 -80.6778
1376.35 -80.2337
1378.13 -79.793
1379.9 -79.3558
1381.68 -78.9222
1383.46 -78.4921
1385.24 -78.0657
1387.02 -77.6429
1388.8 -77.2237
1390.59 -76.8083
1392.38 -76.3967
1394.16 -75.9888
1395.96 -75.5848
1397.75 -75.1846
1399.54 -74.7884
1401.34 -74.396
1403.14 -74.0077
1404.94 -73.6233
1406.74 -73.243
1408.55 -72.8668
1410.35 -72.4947
1412.16 -72.1267
1413.97 -71.7629
1415.78 -71.4034
1417.59 -71.0481
1419.41 -70.6971
1421.22 -70.3504
1423.04 -70.0081
1424.86 -69.6703
1426.68 -69.3368
1428.51 -69.0079
1430.33 -68.6834
1432.16 -68.3635
1433.98 -68.0482
1435.81 -67.7375
1437.65 -67.4315
1439.48 -67.1301
1441.31 -66.8335
1443.15 -66.5416
1444.99 -66.2545
1446.83 -65.9723
1448.67 -65.6949
1450.51 -65.4224
1452.35 -65.1548
1454.2 -64.8922
1456.05 -64.6346
1457.89 -64.382
1459.74 -64.1345
1461.59 -63.892
1463.45 -63.6547
1465.3 -63.4225
1467.15 -63.1955
1469.01 -62.9737
1470.87 -62.7571
1472.73 -62.5458
1474.59 -62.3398
1476.45 -62.1391
1478.31 -61.9438
1480.17 -61.7538
1482.04 -61.5693
1483.9 -61.3901
1485.77 -61.2165
1487.64 -61.0482
1489.51 -60.8855
1491.38 -60.7284
1493.25 -60.5767
1495.12 -60.4306
1496.99 -60.2901
1498.86 -60.1553
1500.74 -60.026
1502.61 -59.9024
1504.49 -59.7844
1506.36 -59.6722
1508.24 -59.5656
1510.12 -59.4648
1511.99 -59.3696
1513.87 -59.2802
1515.75 -59.1966
1517.63 -59.1188
1519.51 -59.0467
1521.39 -58.9804
1523.27 -58.9199
1525.15 -58.8652
1527.04 -58.8164
1528.92 -58.7733
1530.8 -58.7362
1532.68 -58.7048
1534.57 -58.6793
1536.45 -58.6597
1538.33 -58.6458
1540.21 -58.6379
1542.1 -58.6358
1543.98 -58.6396
1545.86 -58.6494
1547.75 -58.6649
1549.63 -58.6864
1551.51 -58.7137
1553.39 -58.7468
1555.28 -58.7858
1557.16 -58.8306
1559.04 -58.8812
1560.92 -58.9377
1562.8 -59
1564.68 -59.0681
1566.56 -59.142
1568.44 -59.2217
1570.32 -59.3072
1572.2 -59.3984
1574.08 -59.4954
1575.96 -59.5981
1577.83 -59.7066
1579.71 -59.8207
1581.58 -59.9406
1583.46 -60.0661
1585.33 -60.1973
1587.21 -60.3341
1589.08 -60.4765
1590.95 -60.6246
1592.82 -60.7782
1594.69 -60.9374
1596.56 -61.1021
1598.43 -61.2723
1600.29 -61.448
1602.16 -61.6292
1604.02 -61.8158
1605.89 -62.0079
1607.75 -62.2053
1609.61 -62.4081
1611.47 -62.6163
1613.33 -62.8297
1615.19 -63.0485
1617.04 -63.2725
1618.9 -63.5017
1620.75 -63.7361
1622.61 -63.9757
1624.46 -64.2204
1626.31 -64.4703
1628.15 -64.7252
1630 -64.9851
1631.85 -65.2501
1633.69 -65.52
1635.53 -65.7949
1637.37 -66.0747
1639.21 -66.3594
1641.05 -66.6489
1642.89 -66.9433
1644.72 -67.2424
1646.56 -67.5462
1648.39 -67.8548
1650.22 -68.1681
1652.04 -68.4859
1653.87 -68.8084
1655.7 -69.1355
1657.52 -69.4671
1659.34 -69.8032
1661.16 -70.1438
1662.98 -70.4887
1664.8 -70.8381
1666.61 -71.1918
1668.42 -71.5499
1670.23 -71.9122
1672.04 -72.2788
1673.85 -72.6496
1675.66 -73.0245
1677.46 -73.4036
1679.26 -73.7868
1681.06 -74.174
1682.86 -74.5653
1684.66 -74.9606
1686.45 -75.3598
1688.25 -75.7629
1690.04 -76.1699
1691.83 -76.5808
1693.61 -76.9955
1695.4 -77.4139
1697.18 -77.8361
1698.96 -78.2619
1700.74 -78.6915
1702.52 -79.1246
1704.3 -79.5614
1706.07 -80.0017
1707.85 -80.4456
1709.62 -80.8929
1711.38 -81.3437
1713.15 -81.7979
1714.92 -82.2554
1716.68 -82.7163
1718.44 -83.1806
1720.2 -83.6481
1721.96 -84.1189
1723.71 -84.5928
1725.47 -85.07
1727.22 -85.5503
1728.97 -86.0337
1730.72 -86.5202
1732.47 -87.0098
1734.21 -87.5023
1735.95 -87.9978
1737.69 -88.4963
1739.43 -88.9977
1741.17 -89.502
1742.91 -90.0092
1744.64 -89.5054
1746.38 -89.0044
1748.12 -88.5063
1749.86 -88.0111
1751.6 -87.5188
1753.35 -87.0295
1755.09 -86.5432
1756.84 -86.0598
1758.59 -85.5796
1760.34 -85.1024
1762.1 -84.6283
1763.85 -84.1574
1765.61 -83.6897
1767.37 -83.2251
1769.13 -82.7639
1770.89 -82.3059
1772.66 -81.8512
1774.42 -81.3999
1776.19 -80.952
1777.96 -80.5074
1779.73 -80.0664
1781.51 -79.6288
1783.28 -79.1948
1785.06 -78.7643
1786.84 -78.3374
1788.62 -77.9141
1790.4 -77.4945
1792.19 -77.0786
1793.98 -76.6664
1795.77 -76.258
1797.56 -75.8534
1799.35 -75.4527
1801.14 -75.0558
1802.94 -74.6628
1804.74 -74.2738
1806.54 -73.8888
1808.34 -73.5078
1810.14 -73.1309
1811.95 -72.758
1813.75 -72.3893
1815.56 -72.0248
1817.37 -71.6644
1819.18 -71.3083
1821 -70.9565
1822.81 -70.609
1824.63 -70.2658
1826.45 -69.9271
1828.27 -69.5927
1830.09 -69.2628
1831.91 -68.9374
1833.74 -68.6165
1835.57 -68.3001
1837.4 -67.9884
1839.23 -67.6813
1841.06 -67.3789
1842.89 -67.0811
1844.73 -66.7881
1846.56 -66.4999
1848.4 -66.2165
1850.24 -65.9379
1852.08 -65.6641
1853.93 -65.3953
1855.77 -65.1314
1857.62 -64.8725
1859.46 -64.6186
1861.31 -64.3697
1863.16 -64.1259
1865.01 -63.8871
1866.87 -63.6535
1868.72 -63.4251
1870.58 -63.2018
1872.43 -62.9837
1874.29 -62.7709
1876.15 -62.5634
1878.01 -62.3611
1879.87 -62.1642
1881.73 -61.9726
1883.6 -61.7864
1885.46 -61.6056
1887.33 -61.4302
1889.2 -61.2603
1891.06 -61.0959
1892.93 -60.9369
1894.8 -60.7835
1896.67 -60.6356
1898.54 -60.4933
1900.42 -60.3565
1902.29 -60.2254
1904.16 -60.0999
1906.04 -59.98
1907.91 -59.8658
1909.79 -59.7573
1911.67 -59.6544
1913.54 -59.5573
1915.42 -59.4659
1917.3 -59.3802
1919.18 -59.3002
1921.06 -59.2261
1922.94 -59.1577
1924.82 -59.095
1926.7 -59.0382
1928.58 -58.9872
1930.46 -58.9419
1932.34 -58.9025
1934.22 -58.8689
1936.11 -58.8412
1937.99 -58.8193
1939.87 -58.8032
1941.75 -58.7929
1943.64 -58.7885
1945.52 -58.7899
1947.4 -58.7971
1949.28 -58.8102
1951.17 -58.8291
1953.05 -58.8538
1954.93 -58.8844
1956.81 -58.9208
1958.69 -58.963
1960.58 -59.0111
1962.46 -59.0649
1964.34 -59.1246
1966.22 -59.1901
1968.1 -59.2613
1969.98 -59.3383
1971.86 -59.4211
1973.73 -59.5097
1975.61 -59.604
1977.49 -59.704
1979.37 -59.8097
1981.24 -59.9211
1983.12 -60.0382
1984.99 -60.161
1986.87 -60.2894
1988.74 -60.4235
1990.61 -60.5632
1992.48 -60.7084
1994.35 -60.8593
1996.22 -61.0156
1998.09 -61.1776
1999.96 -61.345
2001.83 -61.5179
2003.69 -61.6963
2005.56 -61.8801
2007.42 -62.0693
2009.28 -62.264
2011.14 -62.464
2013.01 -62.6693
2014.86 -62.8799
2016.72 -63.0958
2018.58 -63.317
2020.43 -63.5434
2022.29 -63.775
2024.14 -64.0117
2025.99 -64.2536
2027.84 -64.5006
2029.69 -64.7527
2031.54 -65.0098
2033.38 -65.272
2035.23 -65.5391
2037.07 -65.8112
2038.91 -66.0882
2040.75 -66.37
2042.59 -66.6567
2044.43 -66.9483
2046.26 -67.2446
2048.09 -67.5457
2049.93 -67.8515
2051.76 -68.1619
2053.59 -68.477
2055.41 -68.7967
2057.24 -69.121
2059.06 -69.4499
2060.88 -69.7832
2062.7 -70.121
2064.52 -70.4633
2066.34 -70.8099
2068.15 -71.1609
2069.97 -71.5162
2071.78 -71.8758
2073.59 -72.2397
2075.4 -72.6078
2077.2 -72.98
2079.01 -73.3565
2080.81 -73.737
2082.61 -74.1216
2084.41 -74.5102
2086.21 -74.9028
2088 -75.2994
2089.8 -75.6999
2091.59 -76.1043
2093.38 -76.5126
2095.17 -76.9246
2096.95 -77.3405
2098.74 -77.7601
2100.52 -78.1834
2102.3 -78.6104
2104.08 -79.041
2105.86 -79.4752
2107.63 -79.913
2109.41 -80.3543
2111.18 -80.7992
2112.95 -81.2475
2114.72 -81.6992
2116.48 -82.1543
2118.25 -82.6127
2120.01 -83.0745
2121.77 -83.5396
2123.53 -84.008
2125.28 -84.4795
2127.04 -84.9543
2128.79 -85.4322
2130.54 -85.9132
2132.29 -86.3974
2134.04 -86.8846
2135.78 -87.3748
2137.53 -87.868
2139.27 -88.3642
2141.01 -88.8633
2142.75 -89.3653
2144.48 -89.8701
2146.22 -90.3778
2147.95 -90.8883
2149.68 -91.4016
2151.41 -91.9177
2153.14 -92.4364
2154.87 -92.9578
2156.59 -93.4819
2158.31 -94.0086
2160.03 -94.5379
2161.75 -95.0698
2163.47 -95.6042
2165.18 -96.1412
2166.9 -96.6806
2168.61 -97.2224
2170.32 -97.7667
2172.03 -98.3134
2173.73 -98.8625
2175.44 -99.4139
2177.14 -99.9676
2178.84 -100.524
2180.54 -101.082
2182.24 -101.642
2183.94 -102.205
2185.63 -102.77
2187.33 -103.337
2189.02 -103.906
2190.71 -104.478
2192.4 -105.051
2194.08 -105.627
2195.77 -106.204
2197.45 -106.784
2199.14 -107.366
2200.82 -107.949
2202.5 -108.535
2204.17 -109.122
2205.85 -109.711
2207.52 -110.303
2209.2 -110.896
2210.87 -111.491
2212.54 -112.087
2214.21 -112.686
2215.88 -113.286
2217.54 -113.888
2219.21 -114.492
2220.87 -115.098
2222.53 -115.705
2224.19 -116.314
2225.85 -116.924
2227.51 -117.536
2229.16 -118.15
2230.82 -118.766
2232.47 -119.383
2234.12 -120.001
2235.77 -120.621
2237.42 -121.243
2239.07 -121.866
2240.71 -122.491
2242.36 -123.117
2244 -123.744
2245.65 -124.373
2247.29 -125.004
2248.93 -125.636
2250.57 -126.269
2252.2 -126.903
2253.84 -127.539
2255.47 -128.176
2257.11 -128.815
2258.74 -129.455
2260.37 -130.096
2262 -130.739
2263.63 -131.382
2265.26 -132.027
2266.89 -132.673
2268.51 -133.321
2270.14 -133.97
2271.76 -134.619
2273.38 -135.27
2275 -135.923
2276.62 -136.576
2278.24 -137.23
2279.86 -137.886
2281.48 -138.543
2283.09 -139.2
2284.71 -139.859
2286.32 -140.519
2287.93 -141.18
2289.54 -141.842
2291.15 -142.505
2292.76 -143.169
2294.37 -143.834
2295.98 -144.5
2297.59 -145.168
2299.19 -145.836
2300.8 -146.505
2302.4 -147.175
2304 -147.845
2305.6 -148.517
2307.2 -149.19
2308.8 -149.864
2310.4 -150.538
2312 -151.214
2313.6 -151.89
2315.19 -152.567
2316.79 -153.245
2318.38 -153.924
2319.98 -154.604
2321.57 -155.285
2323.16 -155.966
2324.75 -156.648
2326.34 -157.331
2327.93 -158.015
2329.52 -158.699
2331.11 -159.385
2332.69 -160.071
2334.28 -160.758
2335.86 -161.445
2337.45 -162.134
2339.03 -162.823
2340.62 -163.512
2342.2 -164.203
2343.78 -164.894
2345.36 -165.586
2346.94 -166.279
2348.52 -166.972
2350.1 -167.666
2351.67 -168.36
2353.25 -169.056
2354.83 -169.751
2356.4 -170.448
2357.98 -171.145
2359.55 -171.843
2361.13 -172.541
2362.7 -173.24
2364.27 -173.94
2365.84 -174.64
2367.41 -175.341
2368.98 -176.042
2370.55 -176.744
2372.12 -177.447
2373.69 -178.15
2375.26 -178.854
2376.82 -179.558
2378.39 -180.263
2379.96 -180.968
2381.52 -181.674
2383.09 -182.38
2384.65 -183.087
2386.21 -183.795
2387.78 -184.503
2389.34 -185.211
2390.9 -185.92
2392.46 -186.629
2394.02 -187.339
2395.58 -188.05
2397.14 -188.76
2398.7 -189.472
2400.26 -190.184
2401.81 -190.896
2403.37 -191.609
2404.93 -192.322
2406.49 -193.035
2408.04 -193.749
2409.6 -194.464
2411.15 -195.179
2412.7 -195.894
2414.26 -196.61
2415.81 -197.326
2417.36 -198.043
2418.92 -198.76
2420.47 -199.477
2422.02 -200.195
2423.57 -200.913
2425.12 -201.632
2426.67 -202.351
2428.22 -203.07
2429.77 -203.79
2431.32 -204.51
2432.87 -205.23
2434.41 -205.951
2435.96 -206.672
2437.51 -207.394
2439.05 -208.116
2440.6 -208.838
2442.15 -209.56
2443.69 -210.283
2445.24 -211.006
2446.78 -211.73
2448.32 -212.454
2449.87 -213.178
2451.41 -213.903
2452.95 -214.628
2454.5 -215.353
2456.04 -216.078
2457.58 -216.804
2459.12 -217.53
2460.66 -218.257
2462.2 -218.983
2463.74 -219.71
2465.28 -220.438
2466.82 -221.165
2468.36 -221.893
2469.9 -222.621
2471.44 -223.35
2472.98 -224.078
2474.52 -224.807
2476.06 -225.536
2477.59 -226.266
2479.13 -226.996
2480.67 -227.726
2482.2 -228.456
2483.74 -229.186
2485.27 -229.917
2486.81 -230.648
2488.34 -231.38
2489.88 -232.111
2491.41 -232.843
2492.95 -233.575
2494.48 -234.307
2496.02 -235.04
2497.55 -235.772
2499.08 -236.505
2500.61 -237.238
2502.15 -237.972
2503.68 -238.705
2505.21 -239.439
2506.74 -240.173
2508.27 -240.907
2509.81 -241.642
2511.34 -242.377
2512.87 -243.111
2514.4 -243.846
2515.93 -244.582
2517.46 -245.317
2518.99 -246.053
2520.52 -246.789
2522.05 -247.525
2523.57 -248.261
2525.1 -248.997
2526.63 -249.734
2528.16 -250.471
2529.69 -251.208
2531.22 -251.945
2532.74 -252.682
2534.27 -253.42
2535.8 -254.158
2537.32 -254.896
2538.85 -255.634
2540.38 -256.372
2541.9 -257.11
2543.43 -257.849
2544.96 -258.587
2546.48 -259.326
2548.01 -260.065
2549.53 -260.805
2551.06 -261.544
2552.58 -262.283
2554.11 -263.023
2555.63 -263.763
2557.16 -264.503
2558.68 -265.243
2560.2 -265.983
2561.73 -266.724
2563.25 -267.464
2564.77 -268.205
2566.3 -268.946
2567.82 -269.687
2569.34 -270.428
2570.86 -271.169
2572.39 -271.91
2573.91 -272.652
2575.43 -273.394
2576.95 -274.135
2578.48 -274.877
2580 -275.619
2581.52 -276.361
2583.04 -277.104
2584.56 -277.846
2586.08 -278.589
2587.6 -279.331
2589.12 -280.074
2590.64 -280.817
2592.16 -281.56
2593.68 -282.303
2595.2 -283.046
2596.72 -283.79
2598.24 -284.533
2599.76 -285.277
2601.28 -286.02
2602.8 -286.764
2604.32 -287.508
2605.84 -288.252
2607.36 -288.996
2608.88 -289.74
2610.4 -290.485
2611.92 -291.229
2613.43 -291.974
2614.95 -292.718
2616.47 -293.463
2617.99 -294.208
2619.51 -294.953
2621.02 -295.698
2622.54 -296.443
2624.06 -297.188
2625.58 -297.933
2627.09 -298.679
2628.61 -299.424
2630.13 -300.17
2631.64 -300.915
2633.16 -301.661
2634.68 -302.407
2636.19 -303.153
2637.71 -303.899
2639.23 -304.645
2640.74 -305.391
2642.26 -306.137
2643.78 -306.883
2645.29 -307.63
2646.81 -308.376
2648.32 -309.123
2649.84 -309.87
2651.36 -310.616
2652.87 -311.363
2654.39 -312.11
2655.9 -312.857
2657.42 -313.604
2658.93 -314.351
2660.45 -315.098
2661.96 -315.845
2663.48 -316.593
2664.99 -317.34
2666.51 -318.087
2668.02 -318.835
2669.53 -319.583
2671.05 -320.33
2672.56 -321.078
2674.08 -321.826
2675.59 -322.574
2677.1 -323.321
2678.62 -324.069
2680.13 -324.817
2681.65 -325.565
2683.16 -326.314
2684.67 -327.062
2686.19 -327.81
2687.7 -328.558
2689.21 -329.307
2690.73 -330.055
2692.24 -330.804
2693.75 -331.552
2695.27 -332.301
2696.78 -333.05
2698.29 -333.798
2699.81 -334.547
2701.32 -335.296
2702.83 -336.045
2704.34 -336.794
2705.86 -337.543
2707.37 -338.292
2708.88 -339.041
2710.39 -339.79
2711.91 -340.539
2713.42 -341.289
2714.93 -342.038
2716.44 -342.787
2717.95 -343.537
2719.47 -344.286
2720.98 -345.036
2722.49 -345.785
2724 -346.535
2725.51 -347.284
2727.03 -348.034
2728.54 -348.784
2730.05 -349.533
2731.56 -350.283
2733.07 -351.033
2734.58 -351.783
2736.09 -352.533
2737.61 -353.283
2739.12 -354.033
2740.63 -354.783
2742.14 -355.533
2743.65 -356.283
2745.16 -357.033
2746.67 -357.784
2748.18 -358.534
2749.69 -359.284
2751.2 -360.035
2752.72 -360.785
2754.23 -361.535
2755.74 -362.286
2757.25 -363.036
2758.76 -363.787
2760.27 -364.537
2761.78 -365.288
2763.29 -366.039
2764.8 -366.789
2766.31 -367.54
2767.82 -368.291
2769.33 -369.041
2770.84 -369.792
2772.35 -370.543
2773.86 -371.294
2775.37 -372.045
2776.88 -372.796
2778.39 -373.547
2779.9 -374.298
2781.41 -375.049
2782.92 -375.8
2784.43 -376.551
2785.94 -377.302
2787.45 -378.053
2788.96 -378.804
2790.47 -379.555
2791.98 -380.307
2793.49 -381.058
2795 -381.809
2796.51 -382.56
2798.02 -383.312
2799.53 -384.063
2801.04 -384.814
2802.55 -385.566
2804.05 -386.317
2805.56 -387.069
2807.07 -387.82
2808.58 -388.572
2810.09 -389.323
2811.6 -390.075
2813.11 -390.827
2814.62 -391.578
2816.13 -392.33
2817.64 -393.081
2819.15 -393.833
2820.66 -394.585
2822.16 -395.337
2823.67 -396.088
2825.18 -396.84
2826.69 -397.592
2828.2 -398.344
2829.71 -399.096
2831.22 -399.847
2832.73 -400.599
2834.23 -401.351
2835.74 -402.103
2837.25 -402.855
2838.76 -403.607
2840.27 -404.359
2841.78 -405.111
2843.29 -405.863
2844.8 -406.615
2846.3 -407.367
2847.81 -408.119
2849.32 -408.872
2850.83 -409.624
2852.34 -410.376
2853.85 -411.128
2855.35 -411.88
2856.86 -412.632
2858.37 -413.385
2859.88 -414.137
2861.39 -414.889
2862.9 -415.641
2864.4 -416.394
2865.91 -417.146
2867.42 -417.898
2868.93 -418.651
2870.44 -419.403
2871.94 -420.155
2873.45 -420.908
2874.96 -421.66
2876.47 -422.413
2877.98 -423.165
2879.48 -423.917
2880.99 -424.67
2882.5 -425.422
2884.01 -426.175
2885.52 -426.927
2887.02 -427.68
2888.53 -428.432
2890.04 -429.185
2891.55 -429.938
2893.06 -430.69
2894.56 -431.443
2896.07 -432.195
2897.58 -432.948
2899.09 -433.701
2900.59 -434.453
2902.1 -435.206
2903.61 -435.959
2905.12 -436.711
2906.63 -437.464
2908.13 -438.217
2909.64 -438.969
2911.15 -439.722
2912.66 -440.475
2914.16 -441.228
2915.67 -441.981
2917.18 -442.733
2918.69 -443.486
2920.19 -444.239
2921.7 -444.992
2923.21 -445.745
2924.72 -446.497
2926.22 -447.25
2927.73 -448.003
2929.24 -448.756
2930.75 -449.509
2932.25 -450.262
2933.76 -451.015
2935.27 -451.768
2936.78 -452.521
2938.28 -453.274
2939.79 -454.026
2941.3 -454.779
2942.8 -455.532
2944.31 -456.285
2945.82 -457.038
2947.33 -457.791
2948.83 -458.544
2950.34 -459.297
2951.85 -460.05
2953.36 -460.803
2954.86 -461.557
2956.37 -462.31
2957.88 -463.063
2959.38 -463.816
2960.89 -464.569
2962.4 -465.322
2963.91 -466.075
2965.41 -466.828
2966.92 -467.581
2968.43 -468.334
2969.93 -469.087
2971.44 -469.841
2972.95 -470.594
2974.46 -471.347
2975.96 -472.1
2977.47 -472.853
2978.98 -473.606
2980.48 -474.36
2981.99 -475.113
2983.5 -475.866
2985.01 -476.619
2986.51 -477.372
2988.02 -478.126
2989.53 -478.879
2991.03 -479.632
2992.54 -480.385
2994.05 -481.139
2995.55 -481.892
2997.06 -482.645
2998.57 -483.398
3000.07 -484.152
3001.58 -484.905
3003.09 -485.658
3004.59 -486.412
3006.1 -487.165
3007.61 -487.918
3009.12 -488.672
3010.62 -489.425
3012.13 -490.178
3013.64 -490.932
3015.14 -491.685
3016.65 -492.438
3018.16 -493.192
3019.66 -493.945
3021.17 -494.698
3022.68 -495.452
3024.18 -496.205
3025.69 -496.959
3027.2 -497.712
3028.7 -498.465
3030.21 -499.219
3031.72 -499.972
3033.22 -500.726
3034.73 -501.479
3036.24 -502.232
3037.74 -502.986
3039.25 -503.739
3040.76 -504.493
3042.26 -505.246
3043.77 -506
3045.28 -506.753
3046.78 -507.506
3048.29 -508.26
3049.8 -509.013
3051.3 -509.767
3052.81 -510.52
3054.32 -511.274
3055.82 -512.027
3057.33 -512.781
3058.84 -513.534
3060.34 -514.288
3061.85 -515.041
3063.36 -515.795
3064.86 -516.548
3066.37 -517.302
3067.88 -518.055
3069.38 -518.809
3070.89 -519.562
3072.4 -520.316
3073.9 -521.069
3075.41 -521.823
3076.92 -522.577
3078.42 -523.33
3079.93 -524.084
3081.44 -524.837
3082.94 -525.591
3084.45 -526.344
3085.96 -527.098
3087.46 -527.851
3088.97 -528.605
3090.48 -529.358
3091.98 -530.112
3093.49 -530.866
3095 -531.619
3096.5 -532.373
3098.01 -533.126
3099.52 -533.88
3101.02 -534.634
3102.53 -535.387
3104.03 -536.141
3105.54 -536.894
3107.05 -537.648
3108.55 -538.402
3110.06 -539.155
3111.57 -539.909
3113.07 -540.662
3114.58 -541.416
3116.09 -542.17
3117.59 -542.923
3119.1 -543.677
3120.6 -544.431
3122.11 -545.184
3123.62 -545.938
3125.12 -546.692
3126.63 -547.445
3128.14 -548.199
3129.64 -548.953
3131.15 -549.706
3132.66 -550.46
3134.16 -551.214
3135.67 -551.967
3137.17 -552.721
3138.68 -553.475
3140.19 -554.228
3141.69 -554.982
3143.2 -555.736
3144.71 -556.489
3146.21 -557.243
3147.72 -557.997
3149.23 -558.75
3150.73 -559.504
3152.24 -560.258
3153.74 -561.011
3155.25 -561.765
3156.76 -562.519
3158.26 -563.272
3159.77 -564.026
3161.28 -564.78
3162.78 -565.534
3164.29 -566.287
3165.8 -567.041
3167.3 -567.795
3168.81 -568.548
3170.31 -569.302
3171.82 -570.056
3173.33 -570.81
3174.83 -571.563
3176.34 -572.317
3177.85 -573.071
3179.35 -573.824
3180.86 -574.578
3182.36 -575.332
3183.87 -576.086
3185.38 -576.839
3186.88 -577.593
3188.39 -578.347
3189.9 -579.101
3191.4 -579.854
3192.91 -580.608
3194.42 -581.362
3195.92 -582.115
3197.43 -582.869
3198.93 -583.623
3200.44 -584.377
3201.95 -585.13
3203.45 -585.884
3204.96 -586.638
3206.47 -587.392
3207.97 -588.145
3209.48 -588.899
3210.99 -589.653
3212.49 -590.407
3214 -591.161
3215.5 -591.914
3217.01 -592.668
3218.52 -593.422
3220.02 -594.176
3221.53 -594.93
3223.04 -595.683
3224.54 -596.437
3226.05 -597.191
3227.56 -597.945
3229.06 -598.698
3230.57 -599.452
3232.07 -600.206
3233.58 -600.96
3235.09 -601.714
3236.59 -602.467
3238.1 -603.221
3239.61 -603.975
3241.11 -604.729
3242.62 -605.482
3244.12 -606.236
3245.63 -606.99
3247.14 -607.744
3248.64 -608.498
3250.15 -609.251
3251.66 -610.005
3253.16 -610.759
3254.67 -611.513
3256.17 -612.267
3257.68 -613.02
3259.19 -613.774
3260.69 -614.528
3262.2 -615.282
3263.7 -616.035
3265.21 -616.789
3266.72 -617.543
3268.22 -618.297
3269.73 -619.051
3271.23 -619.804
3272.74 -620.558
3274.25 -621.312
3275.75 -622.066
3277.26 -622.82
3278.76 -623.573
3280.27 -624.327
3281.78 -625.081
3283.28 -625.835
3284.79 -626.589
3286.3 -627.343
3287.8 -628.096
3289.31 -628.85
3290.81 -629.604
3292.32 -630.358
3293.83 -631.112
3295.33 -631.866
3296.84 -632.62
3298.34 -633.373
3299.85 -634.127
3301.36 -634.881
3302.86 -635.635
3304.37 -636.389
3305.87 -637.143
3307.38 -637.896
3308.89 -638.65
3310.39 -639.404
3311.9 -640.158
3313.41 -640.912
3314.91 -641.666
3316.42 -642.419
3317.92 -643.173
3319.43 -643.927
3320.94 -644.681
3322.44 -645.435
3323.95 -646.189
3325.45 -646.943
3326.96 -647.696
3328.47 -648.45
3329.97 -649.204
3331.48 -649.958
3332.98 -650.712
3334.49 -651.466
3336 -652.219
3337.5 -652.973
3339.01 -653.727
3340.52 -654.481
3342.02 -655.235
3343.53 -655.989
3345.03 -656.743
3346.54 -657.496
3348.05 -658.25
3349.55 -659.004
3351.06 -659.758
3352.56 -660.512
3354.07 -661.266
3355.58 -662.019
3357.08 -662.773
3358.59 -663.527
3360.09 -664.281
3361.6 -665.035
3363.11 -665.789
3364.61 -666.543
3366.12 -667.296
3367.62 -668.05
3369.13 -668.804
3370.64 -669.558
3372.14 -670.312
3373.65 -671.066
3375.16 -671.819
3376.66 -672.573
3378.17 -673.327
3379.67 -674.081
3381.18 -674.835
3382.69 -675.589
3384.19 -676.343
3385.7 -677.096
3387.2 -677.85
3388.71 -678.604
3390.22 -679.358
3391.72 -680.112
3393.23 -680.866
3394.73 -681.619
3396.24 -682.373
3397.75 -683.127
3399.25 -683.881
3400.76 -684.635
3402.27 -685.389
3403.77 -686.143
3405.28 -686.896
3406.78 -687.65
3408.29 -688.404
3409.8 -689.158
3411.3 -689.912
3412.81 -690.666
3414.31 -691.419
3415.82 -692.173
3417.33 -692.927
3418.83 -693.681
3420.34 -694.435
3421.84 -695.189
3423.35 -695.943
3424.86 -696.696
3426.36 -697.45
3427.87 -698.204
3429.38 -698.958
3430.88 -699.712
3432.39 -700.466
3433.89 -701.219
3435.4 -701.973
3436.91 -702.727
3438.41 -703.481
3439.92 -704.235
3441.42 -704.989
3442.93 -705.742
3444.44 -706.496
3445.94 -707.25
3447.45 -708.004
3448.95 -708.758
3450.46 -709.512
3451.97 -710.266
