250 -600
251.451 -599.145
252.903 -598.29
254.354 -597.435
255.805 -596.581
257.256 -595.726
258.708 -594.871
260.159 -594.016
261.61 -593.161
263.061 -592.306
264.513 -591.451
265.964 -590.597
267.415 -589.742
268.866 -588.887
270.318 -588.032
271.769 -587.177
273.22 -586.322
274.672 -585.467
276.123 -584.613
277.574 -583.758
279.026 -582.903
280.477 -582.048
281.928 -581.193
283.379 -580.338
284.831 -579.483
286.282 -578.629
287.733 -577.774
289.185 -576.919
290.636 -576.064
292.087 -575.209
293.539 -574.355
294.99 -573.5
296.441 -572.645
297.893 -571.79
299.344 -570.935
300.795 -570.081
302.247 -569.226
303.698 -568.371
305.149 -567.516
306.601 -566.661
308.052 -565.807
309.503 -564.952
310.955 -564.097
312.406 -563.242
313.857 -562.388
315.309 -561.533
316.76 -560.678
318.212 -559.823
319.663 -558.968
321.114 -558.114
322.566 -557.259
324.017 -556.404
325.468 -555.549
326.92 -554.694
328.371 -553.84
329.823 -552.985
331.274 -552.13
332.725 -551.275
334.177 -550.42
335.628 -549.566
337.08 -548.711
338.531 -547.856
339.983 -547.001
341.434 -546.147
342.885 -545.292
344.337 -544.437
345.788 -543.582
347.24 -542.728
348.691 -541.873
350.143 -541.018
351.594 -540.163
353.046 -539.309
354.497 -538.454
355.949 -537.599
357.4 -536.745
358.851 -535.89
360.303 -535.035
361.754 -534.18
363.206 -533.326
364.657 -532.471
366.109 -531.616
367.56 -530.761
369.012 -529.907
370.463 -529.052
371.915 -528.197
373.367 -527.342
374.818 -526.488
376.27 -525.633
377.721 -524.778
379.173 -523.924
380.624 -523.069
382.076 -522.214
383.527 -521.36
384.979 -520.505
386.431 -519.65
387.882 -518.796
389.334 -517.941
390.785 -517.086
392.237 -516.232
393.689 -515.377
395.14 -514.522
396.592 -513.668
398.043 -512.813
399.495 -511.958
400.947 -511.104
402.398 -510.249
403.85 -509.394
405.302 -508.54
406.753 -507.685
408.205 -506.831
409.657 -505.976
411.108 -505.121
412.56 -504.267
414.012 -503.412
415.463 -502.557
416.915 -501.703
418.367 -500.848
419.819 -499.994
421.27 -499.139
422.722 -498.284
424.174 -497.43
425.626 -496.575
427.077 -495.721
428.529 -494.866
429.981 -494.012
431.433 -493.157
432.885 -492.303
434.336 -491.448
435.788 -490.593
437.24 -489.739
438.692 -488.884
440.144 -488.03
441.596 -487.175
443.047 -486.321
444.499 -485.466
445.951 -484.612
447.403 -483.757
448.855 -482.903
450.307 -482.048
451.759 -481.194
453.211 -480.339
454.663 -479.485
456.115 -478.63
457.567 -477.776
459.018 -476.921
460.47 -476.067
461.922 -475.212
463.374 -474.358
464.826 -473.504
466.278 -472.649
467.73 -471.795
469.183 -470.94
470.635 -470.086
472.087 -469.232
473.539 -468.377
474.991 -467.523
476.443 -466.668
477.895 -465.814
479.347 -464.96
480.799 -464.105
482.251 -463.251
483.704 -462.396
485.156 -461.542
486.608 -460.688
488.06 -459.833
489.512 -458.979
490.965 -458.125
492.417 -457.271
493.869 -456.416
495.321 -455.562
496.774 -454.708
498.226 -453.853
499.678 -452.999
501.131 -452.145
502.583 -451.291
504.035 -450.436
505.488 -449.582
506.94 -448.728
508.392 -447.874
509.845 -447.019
511.297 -446.165
512.75 -445.311
514.202 -444.457
515.655 -443.603
517.107 -442.749
518.56 -441.894
520.012 -441.04
521.465 -440.186
522.917 -439.332
524.37 -438.478
525.823 -437.624
527.275 -436.77
528.728 -435.916
530.18 -435.062
531.633 -434.207
533.086 -433.353
534.539 -432.499
535.991 -431.645
537.444 -430.791
538.897 -429.937
540.35 -429.083
541.802 -428.229
543.255 -427.375
544.708 -426.521
546.161 -425.667
547.614 -424.813
549.067 -423.96
550.52 -423.106
551.973 -422.252
553.426 -421.398
554.879 -420.544
556.332 -419.69
557.785 -418.836
559.238 -417.982
560.691 -417.129
562.144 -416.275
563.597 -415.421
565.05 -414.567
566.504 -413.713
567.957 -412.86
569.41 -412.006
570.863 -411.152
572.317 -410.298
573.77 -409.445
575.223 -408.591
576.677 -407.737
578.13 -406.884
579.584 -406.03
581.037 -405.176
582.491 -404.323
583.944 -403.469
585.398 -402.616
586.851 -401.762
588.305 -400.908
589.759 -400.055
591.212 -399.201
592.666 -398.348
594.12 -397.494
595.574 -396.641
597.027 -395.788
598.481 -394.934
599.935 -394.081
601.389 -393.227
602.843 -392.374
604.297 -391.521
605.751 -390.667
607.205 -389.814
608.659 -388.961
610.113 -388.107
611.567 -387.254
613.021 -386.401
614.476 -385.548
615.93 -384.695
617.384 -383.841
618.839 -382.988
620.293 -382.135
621.747 -381.282
623.202 -380.429
624.656 -379.576
626.111 -378.723
627.565 -377.87
629.02 -377.017
630.475 -376.164
631.929 -375.311
633.384 -374.458
634.839 -373.605
636.294 -372.752
637.749 -371.9
639.204 -371.047
640.659 -370.194
642.114 -369.341
643.569 -368.488
645.024 -367.636
646.479 -366.783
647.934 -365.93
649.389 -365.078
650.845 -364.225
652.3 -363.373
653.755 -362.52
655.211 -361.668
656.666 -360.815
658.122 -359.963
659.578 -359.11
661.033 -358.258
662.489 -357.405
663.945 -356.553
665.401 -355.701
666.857 -354.849
668.312 -353.996
669.768 -353.144
671.225 -352.292
672.681 -351.44
674.137 -350.588
675.593 -349.736
677.049 -348.884
678.506 -348.032
679.962 -347.18
681.419 -346.328
682.875 -345.476
684.332 -344.624
685.789 -343.772
687.245 -342.92
688.702 -342.069
690.159 -341.217
691.616 -340.365
693.073 -339.514
694.53 -338.662
695.988 -337.811
697.445 -336.959
698.902 -336.108
700.36 -335.256
701.817 -334.405
703.275 -333.554
704.732 -332.702
706.19 -331.851
707.648 -331
709.106 -330.149
710.564 -329.298
712.022 -328.447
713.48 -327.596
714.938 -326.745
716.396 -325.894
717.855 -325.043
719.313 -324.192
720.772 -323.341
722.231 -322.491
723.689 -321.64
725.148 -320.789
726.607 -319.939
728.066 -319.088
729.525 -318.238
730.984 -317.387
732.444 -316.537
733.903 -315.687
735.363 -314.837
736.822 -313.986
738.282 -313.136
739.742 -312.286
741.202 -311.436
742.662 -310.586
744.122 -309.737
745.582 -308.887
747.043 -308.037
748.503 -307.187
749.964 -306.338
751.424 -305.488
752.885 -304.639
754.346 -303.789
755.807 -302.94
757.268 -302.091
758.73 -301.241
760.191 -300.392
761.653 -299.543
763.114 -298.694
764.576 -297.845
766.038 -296.996
767.5 -296.148
768.962 -295.299
770.425 -294.45
771.887 -293.602
773.35 -292.753
774.812 -291.905
776.275 -291.057
777.738 -290.208
779.201 -289.36
780.665 -288.512
782.128 -287.664
783.592 -286.816
785.055 -285.968
786.519 -285.121
787.983 -284.273
789.448 -283.425
790.912 -282.578
792.376 -281.731
793.841 -280.883
795.306 -280.036
796.771 -279.189
798.236 -278.342
799.701 -277.495
801.167 -276.648
802.633 -275.802
804.099 -274.955
805.565 -274.109
807.031 -273.262
808.497 -272.416
809.964 -271.57
811.431 -270.724
812.898 -269.878
814.365 -269.032
815.832 -268.186
817.3 -267.34
818.767 -266.495
820.235 -265.65
821.703 -264.804
823.172 -263.959
824.64 -263.114
826.109 -262.269
827.578 -261.424
829.047 -260.58
830.517 -259.735
831.986 -258.891
833.456 -258.046
834.926 -257.202
836.397 -256.358
837.867 -255.514
839.338 -254.671
840.809 -253.827
842.28 -252.984
843.752 -252.14
845.223 -251.297
846.695 -250.454
848.168 -249.611
849.64 -248.768
851.113 -247.926
852.586 -247.083
854.059 -246.241
855.532 -245.399
857.006 -244.557
858.48 -243.715
859.955 -242.873
861.429 -242.032
862.904 -241.191
864.379 -240.349
865.855 -239.508
867.331 -238.668
868.807 -237.827
870.283 -236.987
871.76 -236.146
873.237 -235.306
874.714 -234.466
876.192 -233.627
877.669 -232.787
879.148 -231.948
880.626 -231.109
882.105 -230.27
883.584 -229.431
885.064 -228.592
886.544 -227.754
888.024 -226.916
889.505 -226.078
890.986 -225.24
892.467 -224.403
893.948 -223.565
895.43 -222.728
896.913 -221.891
898.396 -221.055
899.879 -220.218
901.362 -219.382
902.846 -218.546
904.331 -217.711
905.815 -216.875
907.3 -216.04
908.786 -215.205
910.272 -214.37
911.758 -213.536
913.245 -212.702
914.732 -211.868
916.22 -211.034
917.708 -210.201
919.196 -209.368
920.685 -208.535
922.175 -207.702
923.665 -206.87
925.155 -206.038
926.646 -205.206
928.137 -204.375
929.629 -203.544
931.121 -202.713
932.614 -201.882
934.107 -201.052
935.601 -200.222
937.095 -199.393
938.59 -198.563
940.085 -197.735
941.581 -196.906
943.077 -196.078
944.574 -195.25
946.071 -194.422
947.569 -193.595
949.068 -192.768
950.567 -191.941
952.067 -191.115
953.567 -190.289
955.068 -189.464
956.569 -188.639
958.071 -187.814
959.574 -186.99
961.077 -186.166
962.581 -185.343
964.086 -184.52
965.591 -183.697
967.096 -182.875
968.603 -182.053
970.11 -181.231
971.618 -180.41
973.126 -179.59
974.635 -178.77
976.145 -177.95
977.656 -177.131
979.167 -176.312
980.679 -175.494
982.191 -174.676
983.705 -173.858
985.219 -173.041
986.734 -172.225
988.249 -171.409
989.766 -170.594
991.283 -169.779
992.801 -168.965
994.32 -168.151
995.839 -167.338
997.359 -166.525
998.881 -165.713
1000.4 -164.901
1001.93 -164.09
1003.45 -163.279
1004.97 -162.47
1006.5 -161.66
1008.03 -160.851
1009.55 -160.043
1011.08 -159.236
1012.61 -158.429
1014.14 -157.623
1015.67 -156.817
1017.2 -156.012
1018.74 -155.208
1020.27 -154.404
1021.8 -153.601
1023.34 -152.799
1024.88 -151.997
1026.41 -151.196
1027.95 -150.396
1029.49 -149.597
1031.03 -148.798
1032.57 -148
1034.12 -147.203
1035.66 -146.406
1037.21 -145.61
1038.75 -144.816
1040.3 -144.021
1041.85 -143.228
1043.4 -142.436
1044.95 -141.644
1046.5 -140.853
1048.05 -140.063
1049.61 -139.274
1051.16 -138.486
1052.72 -137.699
1054.28 -136.912
1055.84 -136.127
1057.4 -135.342
1058.96 -134.559
1060.52 -133.776
1062.09 -132.995
1063.65 -132.214
1065.22 -131.434
1066.79 -130.656
1068.36 -129.878
1069.93 -129.102
1071.5 -128.326
1073.07 -127.552
1074.65 -126.778
1076.23 -126.006
1077.8 -125.235
1079.38 -124.465
1080.96 -123.696
1082.55 -122.929
1084.13 -122.163
1085.72 -121.397
1087.3 -120.633
1088.89 -119.871
1090.48 -119.109
1092.07 -118.349
1093.67 -117.59
1095.26 -116.833
1096.86 -116.077
1098.46 -115.322
1100.06 -114.569
1101.66 -113.817
1103.26 -113.066
1104.87 -112.317
1106.48 -111.569
1108.09 -110.823
1109.7 -110.078
1111.31 -109.335
1112.92 -108.594
1114.54 -107.854
1116.16 -107.116
1117.78 -106.379
1119.4 -105.644
1121.02 -104.91
1122.65 -104.179
1124.28 -103.449
1125.9 -102.721
1127.54 -101.994
1129.17 -101.27
1130.81 -100.547
1132.44 -99.8263
1134.08 -99.1074
1135.72 -98.3904
1137.37 -97.6753
1139.01 -96.9623
1140.66 -96.2512
1142.31 -95.5422
1143.97 -94.8353
1145.62 -94.1305
1147.28 -93.4278
1148.94 -92.7274
1150.6 -92.0291
1152.26 -91.3331
1153.93 -90.6393
1155.6 -89.9479
1157.27 -89.2588
1158.94 -88.5721
1160.62 -87.8878
1162.29 -87.206
1163.97 -86.5266
1165.66 -85.8498
1167.34 -85.1756
1169.03 -84.504
1170.72 -83.835
1172.41 -83.1687
1174.11 -82.5052
1175.81 -81.8444
1177.51 -81.1865
1179.21 -80.5314
1180.92 -79.8792
1182.62 -79.2299
1184.33 -78.5837
1186.05 -77.9405
1187.76 -77.3003
1189.48 -76.6633
1191.21 -76.0295
1192.93 -75.3989
1194.66 -74.7715
1196.39 -74.1475
1198.12 -73.5269
1199.86 -72.9097
1201.59 -72.2959
1203.33 -71.6857
1205.08 -71.079
1206.83 -70.476
1208.58 -69.8767
1210.33 -69.2811
1212.08 -68.6892
1213.84 -68.1013
1215.6 -67.5172
1217.37 -66.9371
1219.14 -66.361
1220.91 -65.789
1222.68 -65.2212
1224.46 -64.6575
1226.24 -64.0981
1228.02 -63.543
1229.8 -62.9922
1231.59 -62.4459
1233.38 -61.9041
1235.18 -61.3669
1236.97 -60.8343
1238.78 -60.3064
1240.58 -59.7832
1242.39 -59.2649
1244.2 -58.7514
1246.01 -58.2429
1247.82 -57.7394
1249.64 -57.241
1251.46 -56.7477
1253.29 -56.2597
1255.12 -55.7769
1256.95 -55.2995
1258.78 -54.8275
1260.62 -54.3611
1262.46 -53.9001
1264.3 -53.4449
1266.15 -52.9953
1268 -52.5515
1269.85 -52.1135
1271.7 -51.6814
1273.56 -51.2553
1275.42 -50.8353
1277.28 -50.4214
1279.15 -50.0137
1281.02 -49.6123
1282.89 -49.2171
1284.77 -48.8284
1286.65 -48.4462
1288.53 -48.0705
1290.41 -47.7014
1292.3 -47.3391
1294.18 -46.9834
1296.08 -46.6346
1297.97 -46.2927
1299.87 -45.9577
1301.76 -45.6297
1303.67 -45.3089
1305.57 -44.9952
1307.48 -44.6887
1309.39 -44.3895
1311.3 -44.0976
1313.21 -43.8132
1315.13 -43.5362
1317.04 -43.2668
1318.96 -43.0049
1320.89 -42.7507
1322.81 -42.5042
1324.74 -42.2655
1326.67 -42.0346
1328.6 -41.8115
1330.53 -41.5964
1332.46 -41.3893
1334.4 -41.1901
1336.33 -40.9991
1338.27 -40.8162
1340.21 -40.6414
1342.15 -40.4749
1344.1 -40.3165
1346.04 -40.1665
1347.99 -40.0248
1349.94 -39.8915
1351.88 -39.7666
1353.83 -39.6501
1355.78 -39.542
1357.73 -39.4424
1359.69 -39.3514
1361.64 -39.2689
1363.59 -39.1949
1365.55 -39.1295
1367.5 -39.0727
1369.46 -39.0246
1371.41 -38.985
1373.37 -38.9541
1375.32 -38.9318
1377.28 -38.9182
1379.24 -38.9133
1381.19 -38.917
1383.15 -38.9294
1385.1 -38.9504
1387.06 -38.9801
1389.02 -39.0184
1390.97 -39.0654
1392.93 -39.121
1394.88 -39.1852
1396.84 -39.2581
1398.79 -39.3395
1400.74 -39.4294
1402.69 -39.5279
1404.64 -39.6349
1406.59 -39.7505
1408.54 -39.8744
1410.49 -40.0068
1412.44 -40.1476
1414.38 -40.2968
1416.33 -40.4543
1418.27 -40.6201
1420.21 -40.7941
1422.15 -40.9763
1424.09 -41.1668
1426.02 -41.3653
1427.96 -41.5719
1429.89 -41.7866
1431.82 -42.0092
1433.75 -42.2398
1435.68 -42.4782
1437.61 -42.7245
1439.53 -42.9785
1441.45 -43.2402
1443.37 -43.5096
1445.29 -43.7866
1447.2 -44.0712
1449.11 -44.3632
1451.02 -44.6626
1452.93 -44.9693
1454.84 -45.2834
1456.74 -45.6047
1458.64 -45.9331
1460.54 -46.2686
1462.43 -46.6112
1464.33 -46.9607
1466.22 -47.3171
1468.1 -47.6803
1469.99 -48.0503
1471.87 -48.427
1473.75 -48.8102
1475.62 -49.2001
1477.5 -49.5963
1479.37 -49.999
1481.24 -50.4081
1483.1 -50.8234
1484.96 -51.2448
1486.82 -51.6724
1488.68 -52.1061
1490.53 -52.5457
1492.38 -52.9913
1494.23 -53.4427
1496.07 -53.8998
1497.91 -54.3626
1499.75 -54.8311
1501.59 -55.3051
1503.42 -55.7846
1505.25 -56.2696
1507.07 -56.7599
1508.9 -57.2554
1510.72 -57.7562
1512.53 -58.2621
1514.35 -58.7731
1516.16 -59.2891
1517.96 -59.81
1519.77 -60.3358
1521.57 -60.8664
1523.37 -61.4018
1525.16 -61.9418
1526.96 -62.4865
1528.74 -63.0357
1530.53 -63.5894
1532.31 -64.1475
1534.09 -64.7099
1535.87 -65.2767
1537.64 -65.8477
1539.41 -66.4229
1541.18 -67.0023
1542.95 -67.5856
1544.71 -68.173
1546.47 -68.7643
1548.22 -69.3596
1549.98 -69.9586
1551.73 -69.3643
1553.49 -68.7738
1555.24 -68.1872
1557.01 -67.6045
1558.77 -67.0257
1560.54 -66.451
1562.31 -65.8803
1564.08 -65.3137
1565.86 -64.7514
1567.64 -64.1932
1569.42 -63.6394
1571.21 -63.09
1572.99 -62.545
1574.79 -62.0045
1576.58 -61.4686
1578.38 -60.9373
1580.18 -60.4106
1581.98 -59.8887
1583.79 -59.3717
1585.6 -58.8595
1587.41 -58.3522
1589.23 -57.85
1591.05 -57.3528
1592.87 -56.8608
1594.69 -56.374
1596.52 -55.8925
1598.35 -55.4163
1600.18 -54.9455
1602.02 -54.4803
1603.86 -54.0205
1605.7 -53.5664
1607.55 -53.118
1609.4 -52.6754
1611.25 -52.2385
1613.1 -51.8076
1614.96 -51.3827
1616.82 -50.9638
1618.69 -50.551
1620.55 -50.1443
1622.42 -49.744
1624.29 -49.3499
1626.17 -48.9623
1628.05 -48.5811
1629.93 -48.2064
1631.81 -47.8384
1633.69 -47.477
1635.58 -47.1223
1637.47 -46.7745
1639.37 -46.4335
1641.26 -46.0994
1643.16 -45.7724
1645.06 -45.4524
1646.97 -45.1396
1648.87 -44.8339
1650.78 -44.5356
1652.69 -44.2445
1654.6 -43.9609
1656.52 -43.6847
1658.44 -43.416
1660.36 -43.1549
1662.28 -42.9014
1664.2 -42.6556
1666.13 -42.4175
1668.06 -42.1872
1669.99 -41.9648
1671.92 -41.7503
1673.85 -41.5437
1675.79 -41.3452
1677.72 -41.1547
1679.66 -40.9722
1681.6 -40.7979
1683.54 -40.6318
1685.48 -40.4739
1687.43 -40.3243
1689.37 -40.183
1691.32 -40.05
1693.27 -39.9254
1695.21 -39.8092
1697.16 -39.7014
1699.11 -39.602
1701.07 -39.5112
1703.02 -39.4288
1704.97 -39.355
1706.92 -39.2898
1708.88 -39.2331
1710.83 -39.185
1712.79 -39.1454
1714.74 -39.1145
1716.7 -39.0922
1718.65 -39.0786
1720.61 -39.0736
1722.56 -39.0771
1724.52 -39.0892
1726.48 -39.11
1728.43 -39.1393
1730.39 -39.1773
1732.34 -39.2239
1734.3 -39.2791
1736.25 -39.3429
1738.2 -39.4152
1740.15 -39.4961
1742.11 -39.5856
1744.06 -39.6835
1746.01 -39.79
1747.96 -39.9049
1749.9 -40.0282
1751.85 -40.16
1753.8 -40.3001
1755.74 -40.4485
1757.69 -40.6053
1759.63 -40.7703
1761.57 -40.9436
1763.51 -41.125
1765.45 -41.3146
1767.38 -41.5123
1769.32 -41.7181
1771.25 -41.9318
1773.18 -42.1535
1775.11 -42.3831
1777.03 -42.6206
1778.96 -42.8659
1780.88 -43.1189
1782.8 -43.3796
1784.72 -43.648
1786.64 -43.9239
1788.55 -44.2074
1790.47 -44.4983
1792.38 -44.7966
1794.28 -45.1022
1796.19 -45.4151
1798.09 -45.7352
1799.99 -46.0624
1801.89 -46.3968
1803.78 -46.7381
1805.68 -47.0864
1807.56 -47.4415
1809.45 -47.8035
1811.34 -48.1722
1813.22 -48.5476
1815.1 -48.9296
1816.97 -49.3181
1818.85 -49.713
1820.72 -50.1144
1822.58 -50.5221
1824.45 -50.936
1826.31 -51.3561
1828.17 -51.7824
1830.03 -52.2146
1831.88 -52.6529
1833.73 -53.097
1835.58 -53.547
1837.42 -54.0027
1839.26 -54.4642
1841.1 -54.9312
1842.93 -55.4038
1844.77 -55.8819
1846.6 -56.3654
1848.42 -56.8542
1850.24 -57.3483
1852.06 -57.8476
1853.88 -58.352
1855.69 -58.8615
1857.5 -59.3761
1859.31 -59.8955
1861.12 -60.4198
1862.92 -60.949
1864.72 -61.4829
1866.51 -62.0214
1868.3 -62.5646
1870.09 -63.1123
1871.88 -63.6645
1873.66 -64.2211
1875.44 -64.7821
1877.22 -65.3474
1878.99 -65.9169
1880.76 -66.4906
1882.53 -67.0684
1884.3 -67.6503
1886.06 -68.2362
1887.82 -68.826
1889.58 -69.4197
1891.33 -70.0173
1893.08 -70.6186
1894.83 -71.2236
1896.57 -71.8323
1898.31 -72.4447
1900.05 -73.0606
1901.79 -73.68
1903.52 -74.3028
1905.25 -74.9291
1906.98 -75.5587
1908.7 -76.1916
1910.43 -76.8278
1912.15 -77.4672
1913.86 -78.1097
1915.58 -78.7554
1917.29 -79.4041
1919 -80.0558
1920.7 -80.7105
1922.4 -81.3682
1924.1 -82.0287
1925.8 -82.6921
1927.5 -83.3583
1929.19 -84.0272
1930.88 -84.6988
1932.57 -85.3732
1934.25 -86.0501
1935.94 -86.7297
1937.62 -87.4118
1939.29 -88.0964
1940.97 -88.7835
1942.64 -89.473
1944.31 -90.165
1945.98 -90.8593
1947.65 -91.556
1949.31 -92.2549
1950.97 -92.9561
1952.63 -93.6595
1954.29 -94.3652
1955.94 -95.073
1957.59 -95.7829
1959.24 -96.4949
1960.89 -97.209
1962.54 -97.9251
1964.18 -98.6432
1965.82 -99.3633
1967.46 -100.085
1969.1 -100.809
1970.73 -101.535
1972.37 -102.263
1974 -102.992
1975.63 -103.724
1977.25 -104.457
1978.88 -105.191
1980.5 -105.928
1982.12 -106.666
1983.74 -107.406
1985.36 -108.148
1986.97 -108.891
1988.59 -109.636
1990.2 -110.382
1991.81 -111.13
1993.42 -111.879
1995.02 -112.63
1996.63 -113.383
1998.23 -114.136
1999.83 -114.892
2001.43 -115.648
2003.03 -116.406
2004.62 -117.166
2006.22 -117.927
2007.81 -118.689
2009.4 -119.452
2010.99 -120.217
2012.58 -120.983
2014.16 -121.75
2015.75 -122.519
2017.33 -123.289
2018.91 -124.06
2020.49 -124.832
2022.07 -125.605
2023.65 -126.379
2025.22 -127.155
2026.8 -127.932
2028.37 -128.709
2029.94 -129.488
2031.51 -130.268
2033.08 -131.049
2034.65 -131.831
2036.21 -132.614
2037.78 -133.398
2039.34 -134.183
2040.9 -134.969
2042.46 -135.756
2044.02 -136.544
2045.58 -137.333
2047.13 -138.123
2048.69 -138.914
2050.24 -139.705
2051.8 -140.498
2053.35 -141.291
2054.9 -142.085
2056.45 -142.88
2058 -143.676
2059.54 -144.473
2061.09 -145.27
2062.63 -146.069
2064.18 -146.868
2065.72 -147.668
2067.26 -148.468
2068.8 -149.27
2070.34 -150.072
2071.88 -150.875
2073.42 -151.679
2074.95 -152.483
2076.49 -153.288
2078.02 -154.094
2079.55 -154.9
2081.09 -155.707
2082.62 -156.515
2084.15 -157.323
2085.68 -158.132
2087.21 -158.942
2088.73 -159.752
2090.26 -160.563
2091.79 -161.375
2093.31 -162.187
2094.83 -163
2096.36 -163.813
2097.88 -164.627
2099.4 -165.442
2100.92 -166.257
2102.44 -167.072
2103.96 -167.888
2105.48 -168.705
2106.99 -169.522
2108.51 -170.34
2110.03 -171.158
2111.54 -171.977
2113.05 -172.796
2114.57 -173.616
2116.08 -174.437
2117.59 -175.257
2119.1 -176.079
2120.61 -176.9
2122.12 -177.722
2123.63 -178.545
2125.14 -179.368
2126.65 -180.192
2128.15 -181.016
2129.66 -181.84
2131.16 -182.665
2132.67 -183.49
2134.17 -184.316
2135.68 -185.142
2137.18 -185.969
2138.68 -186.795
2140.18 -187.623
2141.68 -188.45
2143.18 -189.279
2144.68 -190.107
2146.18 -190.936
2147.68 -191.765
2149.18 -192.595
2150.68 -193.424
2152.17 -194.255
2153.67 -195.085
2155.16 -195.916
2156.66 -196.748
2158.15 -197.579
2159.65 -198.411
2161.14 -199.244
2162.63 -200.076
2164.13 -200.909
2165.62 -201.743
2167.11 -202.576
2168.6 -203.41
2170.09 -204.244
2171.58 -205.079
2173.07 -205.913
2174.56 -206.749
2176.05 -207.584
2177.54 -208.42
2179.02 -209.256
2180.51 -210.092
2182 -210.928
2183.48 -211.765
2184.97 -212.602
2186.46 -213.439
2187.94 -214.277
2189.42 -215.115
2190.91 -215.953
2192.39 -216.791
2193.88 -217.63
2195.36 -218.468
2196.84 -219.307
2198.32 -220.147
2199.8 -220.986
2201.29 -221.826
2202.77 -222.666
2204.25 -223.506
2205.73 -224.346
2207.21 -225.187
2208.69 -226.028
2210.17 -226.869
2211.64 -227.71
2213.12 -228.552
2214.6 -229.393
2216.08 -230.235
2217.56 -231.077
2219.03 -231.92
2220.51 -232.762
2221.99 -233.605
2223.46 -234.448
2224.94 -235.291
2226.41 -236.134
2227.89 -236.977
2229.36 -237.821
2230.84 -238.665
2232.31 -239.509
2233.79 -240.353
2235.26 -241.197
2236.73 -242.042
2238.21 -242.886
2239.68 -243.731
2241.15 -244.576
2242.62 -245.421
2244.09 -246.266
2245.57 -247.112
2247.04 -247.957
2248.51 -248.803
2249.98 -249.649
2251.45 -250.495
2252.92 -251.341
2254.39 -252.188
2255.86 -253.034
2257.33 -253.881
2258.8 -254.728
2260.27 -255.575
2261.74 -256.422
2263.2 -257.269
2264.67 -258.116
2266.14 -258.964
2267.61 -259.811
2269.08 -260.659
2270.54 -261.507
2272.01 -262.355
2273.48 -263.203
2274.95 -264.051
2276.41 -264.899
2277.88 -265.748
2279.35 -266.596
2280.81 -267.445
2282.28 -268.294
2283.74 -269.143
2285.21 -269.992
2286.67 -270.841
2288.14 -271.69
2289.6 -272.539
2291.07 -273.389
2292.53 -274.238
2294 -275.088
2295.46 -275.938
2296.92 -276.788
2298.39 -277.638
2299.85 -278.488
2301.32 -279.338
2302.78 -280.188
2304.24 -281.038
2305.71 -281.889
2307.17 -282.739
2308.63 -283.59
2310.09 -284.441
2311.56 -285.292
2313.02 -286.143
2314.48 -286.993
2315.94 -287.845
2317.4 -288.696
2318.86 -289.547
2320.33 -290.398
2321.79 -291.25
2323.25 -292.101
2324.71 -292.953
2326.17 -293.804
2327.63 -294.656
2329.09 -295.508
2330.55 -296.36
2332.01 -297.212
2333.47 -298.064
2334.93 -298.916
2336.39 -299.768
2337.85 -300.62
2339.31 -301.473
2340.77 -302.325
2342.23 -303.178
2343.69 -304.03
2345.15 -304.883
2346.61 -305.735
2348.07 -306.588
2349.53 -307.441
2350.98 -308.294
2352.44 -309.147
2353.9 -310
2355.36 -310.853
2356.82 -311.706
2358.28 -312.559
2359.73 -313.412
2361.19 -314.265
2362.65 -315.119
2364.11 -315.972
2365.56 -316.826
2367.02 -317.679
2368.48 -318.533
2369.94 -319.386
2371.39 -320.24
2372.85 -321.094
2374.31 -321.948
2375.77 -322.801
2377.22 -323.655
2378.68 -324.509
2380.14 -325.363
2381.59 -326.217
2383.05 -327.071
2384.5 -327.925
2385.96 -328.78
2387.42 -329.634
2388.87 -330.488
2390.33 -331.342
2391.79 -332.197
2393.24 -333.051
2394.7 -333.906
2396.15 -334.76
2397.61 -335.615
2399.06 -336.469
2400.52 -337.324
2401.97 -338.179
2403.43 -339.033
2404.89 -339.888
2406.34 -340.743
2407.8 -341.598
2409.25 -342.453
2410.71 -343.307
2412.16 -344.162
2413.62 -345.017
2415.07 -345.872
2416.53 -346.727
2417.98 -347.583
2419.43 -348.438
2420.89 -349.293
2422.34 -350.148
2423.8 -351.003
2425.25 -351.859
2426.71 -352.714
2428.16 -353.569
2429.62 -354.425
2431.07 -355.28
2432.52 -356.135
2433.98 -356.991
2435.43 -357.846
2436.89 -358.702
2438.34 -359.558
2439.79 -360.413
2441.25 -361.269
2442.7 -362.124
2444.15 -362.98
2445.61 -363.836
2447.06 -364.692
2448.51 -365.547
2449.97 -366.403
2451.42 -367.259
2452.87 -368.115
2454.33 -368.971
2455.78 -369.827
2457.23 -370.683
2458.69 -371.538
2460.14 -372.394
2461.59 -373.25
2463.05 -374.107
2464.5 -374.963
2465.95 -375.819
2467.41 -376.675
2468.86 -377.531
2470.31 -378.387
2471.76 -379.243
2473.22 -380.099
2474.67 -380.956
2476.12 -381.812
2477.57 -382.668
2479.03 -383.525
2480.48 -384.381
2481.93 -385.237
2483.38 -386.094
2484.84 -386.95
2486.29 -387.806
2487.74 -388.663
2489.19 -389.519
2490.65 -390.376
2492.1 -391.232
2493.55 -392.089
2495 -392.945
2496.45 -393.802
2497.91 -394.658
2499.36 -395.515
2500.81 -396.371
2502.26 -397.228
2503.71 -398.085
2505.17 -398.941
2506.62 -399.798
2508.07 -400.655
2509.52 -401.511
2510.97 -402.368
2512.42 -403.225
2513.88 -404.081
2515.33 -404.938
2516.78 -405.795
2518.23 -406.652
2519.68 -407.509
2521.13 -408.365
2522.59 -409.222
2524.04 -410.079
2525.49 -410.936
2526.94 -411.793
2528.39 -412.65
2529.84 -413.507
2531.29 -414.364
2532.75 -415.221
2534.2 -416.078
2535.65 -416.935
2537.1 -417.792
2538.55 -418.649
2540 -419.506
2541.45 -420.363
2542.9 -421.22
2544.36 -422.077
2545.81 -422.934
2547.26 -423.791
2548.71 -424.648
2550.16 -425.505
2551.61 -426.362
2553.06 -427.219
2554.51 -428.076
2555.96 -428.934
2557.41 -429.791
2558.87 -430.648
2560.32 -431.505
2561.77 -432.362
2563.22 -433.219
2564.67 -434.077
2566.12 -434.934
2567.57 -435.791
2569.02 -436.648
2570.47 -437.506
2571.92 -438.363
2573.37 -439.22
2574.82 -440.077
2576.28 -440.935
2577.73 -441.792
2579.18 -442.649
2580.63 -443.507
2582.08 -444.364
2583.53 -445.221
2584.98 -446.079
2586.43 -446.936
2587.88 -447.793
2589.33 -448.651
2590.78 -449.508
2592.23 -450.366
2593.68 -451.223
2595.13 -452.08
2596.58 -452.938
2598.03 -453.795
2599.48 -454.653
2600.93 -455.51
2602.39 -456.368
2603.84 -457.225
2605.29 -458.083
2606.74 -458.94
2608.19 -459.797
2609.64 -460.655
2611.09 -461.512
2612.54 -462.37
2613.99 -463.228
2615.44 -464.085
2616.89 -464.943
2618.34 -465.8
2619.79 -466.658
2621.24 -467.515
2622.69 -468.373
2624.14 -469.23
2625.59 -470.088
2627.04 -470.945
2628.49 -471.803
2629.94 -472.661
2631.39 -473.518
2632.84 -474.376
2634.29 -475.233
2635.74 -476.091
2637.19 -476.949
2638.64 -477.806
2640.09 -478.664
2641.54 -479.522
2642.99 -480.379
2644.44 -481.237
2645.89 -482.094
2647.34 -482.952
2648.79 -483.81
2650.24 -484.667
2651.69 -485.525
2653.14 -486.383
2654.59 -487.24
2656.04 -488.098
2657.49 -488.956
2658.94 -489.814
2660.39 -490.671
2661.84 -491.529
2663.29 -492.387
2664.74 -493.244
2666.19 -494.102
2667.64 -494.96
2669.09 -495.818
2670.54 -496.675
2671.99 -497.533
2673.44 -498.391
2674.89 -499.248
2676.34 -500.106
2677.79 -500.964
2679.24 -501.822
2680.69 -502.679
2682.14 -503.537
2683.59 -504.395
2685.04 -505.253
2686.49 -506.111
2687.94 -506.968
2689.39 -507.826
2690.84 -508.684
2692.29 -509.542
2693.74 -510.4
2695.19 -511.257
2696.64 -512.115
2698.09 -512.973
2699.54 -513.831
2700.99 -514.688
2702.44 -515.546
2703.89 -516.404
2705.34 -517.262
2706.79 -518.12
2708.24 -518.978
2709.69 -519.836
2711.14 -520.693
2712.59 -521.551
2714.04 -522.409
2715.48 -523.267
2716.93 -524.125
2718.38 -524.983
2719.83 -525.841
2721.28 -526.698
2722.73 -527.556
2724.18 -528.414
2725.63 -529.272
2727.08 -530.13
2728.53 -530.988
2729.98 -531.845
2731.43 -532.703
2732.88 -533.561
2734.33 -534.419
2735.78 -535.277
2737.23 -536.135
2738.68 -536.993
2740.13 -537.851
2741.58 -538.709
2743.03 -539.567
2744.48 -540.424
2745.93 -541.282
2747.38 -542.14
2748.83 -542.998
2750.28 -543.856
2751.73 -544.714
2753.18 -545.572
2754.63 -546.43
2756.08 -547.288
2757.52 -548.146
2758.97 -549.004
2760.42 -549.862
2761.87 -550.719
2763.32 -551.577
2764.77 -552.435
2766.22 -553.293
2767.67 -554.151
2769.12 -555.009
2770.57 -555.867
2772.02 -556.725
2773.47 -557.583
2774.92 -558.441
2776.37 -559.299
2777.82 -560.157
2779.27 -561.015
2780.72 -561.873
2782.17 -562.731
2783.62 -563.589
2785.06 -564.447
2786.51 -565.305
2787.96 -566.163
2789.41 -567.021
2790.86 -567.879
2792.31 -568.737
2793.76 -569.594
2795.21 -570.452
2796.66 -571.31
2798.11 -572.168
2799.56 -573.026
2801.01 -573.884
2802.46 -574.742
2803.91 -575.6
2805.36 -576.458
2806.81 -577.316
2808.26 -578.174
2809.71 -579.032
2811.16 -579.89
2812.6 -580.748
2814.05 -581.606
2815.5 -582.464
2816.95 -583.322
2818.4 -584.18
2819.85 -585.038
2821.3 -585.896
2822.75 -586.754
2824.2 -587.612
2825.65 -588.47
2827.1 -589.328
2828.55 -590.186
2830 -591.044
2831.45 -591.902
2832.9 -592.76
2834.35 -593.618
2835.8 -594.476
2837.25 -595.334
2838.69 -596.192
2840.14 -597.05
2841.59 -597.908
2843.04 -598.766
2844.49 -599.624
2845.94 -600.482
2847.39 -601.34
2848.84 -602.198
2850.29 -603.056
2851.74 -603.914
2853.19 -604.772
2854.64 -605.63
2856.09 -606.488
2857.54 -607.346
2858.99 -608.205
2860.44 -609.063
2861.89 -609.921
2863.34 -610.779
2864.79 -611.637
2866.23 -612.495
2867.68 -613.353
2869.13 -614.211
2870.58 -615.069
2872.03 -615.927
2873.48 -616.785
2874.93 -617.643
2876.38 -618.501
2877.83 -619.359
2879.28 -620.217
2880.73 -621.075
2882.18 -621.933
2883.63 -622.791
2885.08 -623.649
2886.53 -624.507
2887.98 -625.365
2889.43 -626.223
2890.88 -627.081
2892.32 -627.939
2893.77 -628.797
2895.22 -629.655
2896.67 -630.513
2898.12 -631.371
2899.57 -632.229
2901.02 -633.087
2902.47 -633.945
2903.92 -634.804
2905.37 -635.662
2906.82 -636.52
2908.27 -637.378
2909.72 -638.236
2911.17 -639.094
2912.61 -639.952
2914.06 -640.81
2915.51 -641.668
2916.96 -642.526
2918.41 -643.384
2919.86 -644.242
2921.31 -645.1
2922.76 -645.958
2924.21 -646.816
2925.66 -647.674
2927.11 -648.532
2928.56 -649.39
2930 -650.248
2931.45 -651.106
2932.9 -651.964
2934.35 -652.822
2935.8 -653.68
2937.25 -654.538
2938.7 -655.396
2940.15 -656.254
2941.6 -657.112
2943.05 -657.97
2944.5 -658.828
2945.95 -659.687
2947.4 -660.545
2948.84 -661.403
2950.29 -662.261
2951.74 -663.119
2953.19 -663.977
2954.64 -664.835
2956.09 -665.693
2957.54 -666.551
2958.99 -667.409
2960.44 -668.268
2961.89 -669.126
2963.34 -669.984
2964.79 -670.842
2966.24 -671.7
2967.68 -672.558
2969.13 -673.416
2970.58 -674.274
2972.03 -675.132
2973.48 -675.99
2974.93 -676.848
2976.38 -677.707
2977.83 -678.565
2979.28 -679.423
2980.73 -680.281
2982.18 -681.139
2983.63 -681.997
2985.08 -682.855
2986.52 -683.713
2987.97 -684.571
2989.42 -685.429
2990.87 -686.287
2992.32 -687.146
2993.77 -688.004
2995.22 -688.862
2996.67 -689.72
2998.12 -690.578
2999.57 -691.436
3001.02 -692.294
3002.47 -693.152
3003.92 -694.01
3005.36 -694.868
3006.81 -695.727
3008.26 -696.585
3009.71 -697.443
3011.16 -698.301
3012.61 -699.159
3014.06 -700.017
3015.51 -700.875
3016.96 -701.733
3018.41 -702.591
3019.86 -703.449
3021.31 -704.307
3022.75 -705.166
3024.2 -706.024
3025.65 -706.882
3027.1 -707.74
3028.55 -708.598
3030 -709.456
3031.45 -710.314
3032.9 -711.172
3034.35 -712.03
3035.8 -712.888
3037.25 -713.746
3038.7 -714.605
3040.15 -715.463
3041.59 -716.321
3043.04 -717.179
3044.49 -718.037
3045.94 -718.895
3047.39 -719.753
3048.84 -720.611
3050.29 -721.469
3051.74 -722.327
3053.19 -723.185
3054.64 -724.044
3056.09 -724.902
3057.54 -725.76
3058.99 -726.618
3060.43 -727.476
3061.88 -728.334
3063.33 -729.192
3064.78 -730.05
3066.23 -730.908
3067.68 -731.766
3069.13 -732.625
3070.58 -733.483
3072.03 -734.341
3073.48 -735.199
3074.93 -736.057
3076.38 -736.915
3077.83 -737.773
3079.27 -738.631
3080.72 -739.489
3082.17 -740.347
3083.62 -741.205
3085.07 -742.064
3086.52 -742.922
3087.97 -743.78
3089.42 -744.638
3090.87 -745.496
3092.32 -746.354
3093.77 -747.212
3095.22 -748.07
3096.67 -748.928
3098.11 -749.786
3099.56 -750.644
3101.01 -751.503
3102.46 -752.361
3103.91 -753.219
3105.36 -754.077
3106.81 -754.935
3108.26 -755.793
3109.71 -756.651
3111.16 -757.509
3112.61 -758.367
3114.06 -759.225
3115.5 -760.083
3116.95 -760.942
3118.4 -761.8
3119.85 -762.658
3121.3 -763.516
3122.75 -764.374
3124.2 -765.232
3125.65 -766.09
3127.1 -766.948
3128.55 -767.806
3130 -768.664
3131.45 -769.523
3132.9 -770.381
3134.34 -771.239
3135.79 -772.097
3137.24 -772.955
3138.69 -773.813
3140.14 -774.671
3141.59 -775.529
3143.04 -776.387
3144.49 -777.245
3145.94 -778.103
3147.39 -778.962
3148.84 -779.82
3150.29 -780.678
3151.74 -781.536
3153.18 -782.394
3154.63 -783.252
3156.08 -784.11
3157.53 -784.968
3158.98 -785.826
3160.43 -786.684
3161.88 -787.542
3163.33 -788.401
3164.78 -789.259
3166.23 -790.117
3167.68 -790.975
3169.13 -791.833
3170.58 -792.691
3172.02 -793.549
3173.47 -794.407
3174.92 -795.265
3176.37 -796.123
3177.82 -796.982
3179.27 -797.84
3180.72 -798.698
3182.17 -799.556
3183.62 -800.414
3185.07 -801.272
3186.52 -802.13
3187.97 -802.988
3189.42 -803.846
3190.86 -804.704
3192.31 -805.562
3193.76 -806.421
3195.21 -807.279
3196.66 -808.137
3198.11 -808.995
3199.56 -809.853
3201.01 -810.711
3202.46 -811.569
3203.91 -812.427
3205.36 -813.285
3206.81 -814.143
3208.25 -815.001
3209.7 -815.86
3211.15 -816.718
3212.6 -817.576
3214.05 -818.434
3215.5 -819.292
3216.95 -820.15
3218.4 -821.008
3219.85 -821.866
3221.3 -822.724
3222.75 -823.582
3224.2 -824.44
3225.65 -825.299
3227.09 -826.157
3228.54 -827.015
3229.99 -827.873
3231.44 -828.731
3232.89 -829.589
3234.34 -830.447
3235.79 -831.305
3237.24 -832.163
3238.69 -833.021
3240.14 -833.88
3241.59 -834.738
3243.04 -835.596
3244.49 -836.454
3245.93 -837.312
3247.38 -838.17
3248.83 -839.028
3250.28 -839.886
3251.73 -840.744
3253.18 -841.602
3254.63 -842.46
3256.08 -843.319
3257.53 -844.177
3258.98 -845.035
3260.43 -845.893
3261.88 -846.751
3263.33 -847.609
3264.77 -848.467
3266.22 -849.325
3267.67 -850.183
3269.12 -851.041
3270.57 -851.899
3272.02 -852.758
3273.47 -853.616
3274.92 -854.474
3276.37 -855.332
3277.82 -856.19
3279.27 -857.048
3280.72 -857.906
3282.17 -858.764
3283.61 -859.622
3285.06 -860.48
3286.51 -861.339
3287.96 -862.197
3289.41 -863.055
3290.86 -863.913
3292.31 -864.771
3293.76 -865.629
3295.21 -866.487
3296.66 -867.345
3298.11 -868.203
3299.56 -869.061
3301 -869.919
3302.45 -870.778
3303.9 -871.636
3305.35 -872.494
3306.8 -873.352
3308.25 -874.21
3309.7 -875.068
3311.15 -875.926
3312.6 -876.784
3314.05 -877.642
3315.5 -878.5
3316.95 -879.358
3318.4 -880.217
3319.84 -881.075
3321.29 -881.933
3322.74 -882.791
3324.19 -883.649
3325.64 -884.507
3327.09 -885.365
3328.54 -886.223
3329.99 -887.081
3331.44 -887.939
3332.89 -888.797
3334.34 -889.656
3335.79 -890.514
3337.24 -891.372
3338.68 -892.23
3340.13 -893.088
3341.58 -893.946
3343.03 -894.804
3344.48 -895.662
3345.93 -896.52
3347.38 -897.378
3348.83 -898.237
3350.28 -899.095
3351.73 -899.953
3353.18 -900.811
3354.63 -901.669
3356.08 -902.527
3357.52 -903.385
3358.97 -904.243
