250 -600
251.451 -599.145
252.903 -598.29
254.354 -597.435
255.805 -596.581
257.256 -595.726
258.708 -594.871
260.159 -594.016
261.61 -593.161
263.061 -592.306
264.513 -591.451
265.964 -590.597
267.415 -589.742
268.866 -588.887
270.318 -588.032
271.769 -587.177
273.22 -586.322
274.672 -585.467
276.123 -584.613
277.574 -583.758
279.026 -582.903
280.477 -582.048
281.928 -581.193
283.379 -580.338
284.831 -579.483
286.282 -578.629
287.733 -577.774
289.185 -576.919
290.636 -576.064
292.087 -575.209
293.539 -574.355
294.99 -573.5
296.441 -572.645
297.893 -571.79
299.344 -570.935
300.795 -570.081
302.247 -569.226
303.698 -568.371
305.149 -567.516
306.601 -566.661
308.052 -565.807
309.503 -564.952
310.955 -564.097
312.406 -563.242
313.857 -562.388
315.309 -561.533
316.76 -560.678
318.212 -559.823
319.663 -558.968
321.114 -558.114
322.566 -557.259
324.017 -556.404
325.468 -555.549
326.92 -554.694
328.371 -553.84
329.823 -552.985
331.274 -552.13
332.725 -551.275
334.177 -550.42
335.628 -549.566
337.08 -548.711
338.531 -547.856
339.983 -547.001
341.434 -546.147
342.885 -545.292
344.337 -544.437
345.788 -543.582
347.24 -542.728
348.691 -541.873
350.143 -541.018
351.594 -540.163
353.046 -539.309
354.497 -538.454
355.949 -537.599
357.4 -536.745
358.851 -535.89
360.303 -535.035
361.754 -534.18
363.206 -533.326
364.657 -532.471
366.109 -531.616
367.56 -530.761
369.012 -529.907
370.463 -529.052
371.915 -528.197
373.367 -527.342
374.818 -526.488
376.27 -525.633
377.721 -524.778
379.173 -523.924
380.624 -523.069
382.076 -522.214
383.527 -521.36
384.979 -520.505
386.431 -519.65
387.882 -518.796
389.334 -517.941
390.785 -517.086
392.237 -516.232
393.689 -515.377
395.14 -514.522
396.592 -513.668
398.043 -512.813
399.495 -511.958
400.947 -511.104
402.398 -510.249
403.85 -509.394
405.302 -508.54
406.753 -507.685
408.205 -506.831
409.657 -505.976
411.108 -505.121
412.56 -504.267
414.012 -503.412
415.463 -502.557
416.915 -501.703
418.367 -500.848
419.819 -499.994
421.27 -499.139
422.722 -498.284
424.174 -497.43
425.626 -496.575
427.077 -495.721
428.529 -494.866
429.981 -494.012
431.433 -493.157
432.885 -492.303
434.336 -491.448
435.788 -490.593
437.24 -489.739
438.692 -488.884
440.144 -488.03
441.596 -487.175
443.047 -486.321
444.499 -485.466
445.951 -484.612
447.403 -483.757
448.855 -482.903
450.307 -482.048
451.759 -481.194
453.211 -480.339
454.663 -479.485
456.115 -478.63
457.567 -477.776
459.018 -476.921
460.47 -476.067
461.922 -475.212
463.374 -474.358
464.826 -473.504
466.278 -472.649
467.73 -471.795
469.183 -470.94
470.635 -470.086
472.087 -469.232
473.539 -468.377
474.991 -467.523
476.443 -466.668
477.895 -465.814
479.347 -464.96
480.799 -464.105
482.251 -463.251
483.704 -462.396
485.156 -461.542
486.608 -460.688
488.06 -459.833
489.512 -458.979
490.965 -458.125
492.417 -457.271
493.869 -456.416
495.321 -455.562
496.774 -454.708
498.226 -453.853
499.678 -452.999
501.131 -452.145
502.583 -451.291
504.035 -450.436
505.488 -449.582
506.94 -448.728
508.392 -447.874
509.845 -447.019
511.297 -446.165
512.75 -445.311
514.202 -444.457
515.655 -443.603
517.107 -442.749
518.56 -441.894
520.012 -441.04
521.465 -440.186
522.917 -439.332
524.37 -438.478
525.823 -437.624
527.275 -436.77
528.728 -435.916
530.18 -435.062
531.633 -434.207
533.086 -433.353
534.539 -432.499
535.991 -431.645
537.444 -430.791
538.897 -429.937
540.35 -429.083
541.802 -428.229
543.255 -427.375
544.708 -426.521
546.161 -425.667
547.614 -424.813
549.067 -423.96
550.52 -423.106
551.973 -422.252
553.426 -421.398
554.879 -420.544
556.332 -419.69
557.785 -418.836
559.238 -417.982
560.691 -417.129
562.144 -416.275
563.597 -415.421
565.05 -414.567
566.504 -413.713
567.957 -412.86
569.41 -412.006
570.863 -411.152
572.317 -410.298
573.77 -409.445
575.223 -408.591
576.677 -407.737
578.13 -406.884
579.584 -406.03
581.037 -405.176
582.491 -404.323
583.944 -403.469
585.398 -402.616
586.851 -401.762
588.305 -400.908
589.759 -400.055
591.212 -399.201
592.666 -398.348
594.12 -397.494
595.574 -396.641
597.027 -395.788
598.481 -394.934
599.935 -394.081
601.389 -393.227
602.843 -392.374
604.297 -391.521
605.751 -390.667
607.205 -389.814
608.659 -388.961
610.113 -388.107
611.567 -387.254
613.021 -386.401
614.476 -385.548
615.93 -384.695
617.384 -383.841
618.839 -382.988
620.293 -382.135
621.747 -381.282
623.202 -380.429
624.656 -379.576
626.111 -378.723
627.565 -377.87
629.02 -377.017
630.475 -376.164
631.929 -375.311
633.384 -374.458
634.839 -373.605
636.294 -372.752
637.749 -371.9
639.204 -371.047
640.659 -370.194
642.114 -369.341
643.569 -368.488
645.024 -367.636
646.479 -366.783
647.934 -365.93
649.389 -365.078
650.845 -364.225
652.3 -363.373
653.755 -362.52
655.211 -361.668
656.666 -360.815
658.122 -359.963
659.578 -359.11
661.033 -358.258
662.489 -357.405
663.945 -356.553
665.401 -355.701
666.857 -354.849
668.312 -353.996
669.768 -353.144
671.225 -352.292
672.681 -351.44
674.137 -350.588
675.593 -349.736
677.049 -348.884
678.506 -348.032
679.962 -347.18
681.419 -346.328
682.875 -345.476
684.332 -344.624
685.789 -343.772
687.245 -342.92
688.702 -342.069
690.159 -341.217
691.616 -340.365
693.073 -339.514
694.53 -338.662
695.988 -337.811
697.445 -336.959
698.902 -336.108
700.36 -335.256
701.817 -334.405
703.275 -333.554
704.732 -332.702
706.19 -331.851
707.648 -331
709.106 -330.149
710.564 -329.298
712.022 -328.447
713.48 -327.596
714.938 -326.745
716.396 -325.894
717.855 -325.043
719.313 -324.192
720.772 -323.341
722.231 -322.491
723.689 -321.64
725.148 -320.789
726.607 -319.939
728.066 -319.088
729.525 -318.238
730.984 -317.387
732.444 -316.537
733.903 -315.687
735.363 -314.837
736.822 -313.986
738.282 -313.136
739.742 -312.286
741.202 -311.436
742.662 -310.586
744.122 -309.737
745.582 -308.887
747.043 -308.037
748.503 -307.187
749.964 -306.338
751.424 -305.488
752.885 -304.639
754.346 -303.789
755.807 -302.94
757.268 -302.091
758.73 -301.241
760.191 -300.392
761.653 -299.543
763.114 -298.694
764.576 -297.845
766.038 -296.996
767.5 -296.148
768.962 -295.299
770.425 -294.45
771.887 -293.602
773.35 -292.753
774.812 -291.905
776.275 -291.057
777.738 -290.208
779.201 -289.36
780.665 -288.512
782.128 -287.664
783.592 -286.816
785.055 -285.968
786.519 -285.121
787.983 -284.273
789.448 -283.425
790.912 -282.578
792.376 -281.731
793.841 -280.883
795.306 -280.036
796.771 -279.189
798.236 -278.342
799.701 -277.495
801.167 -276.648
802.633 -275.802
804.099 -274.955
805.565 -274.109
807.031 -273.262
808.497 -272.416
809.964 -271.57
811.431 -270.724
812.898 -269.878
814.365 -269.032
815.832 -268.186
817.3 -267.34
818.767 -266.495
820.235 -265.65
821.703 -264.804
823.172 -263.959
824.64 -263.114
826.109 -262.269
827.578 -261.424
829.047 -260.58
830.517 -259.735
831.986 -258.891
833.456 -258.046
834.926 -257.202
836.397 -256.358
837.867 -255.514
839.338 -254.671
840.809 -253.827
842.28 -252.984
843.752 -252.14
845.223 -251.297
846.695 -250.454
848.168 -249.611
849.64 -248.768
851.113 -247.926
852.586 -247.083
854.059 -246.241
855.532 -245.399
857.006 -244.557
858.48 -243.715
859.955 -242.873
861.429 -242.032
862.904 -241.191
864.379 -240.349
865.855 -239.508
867.331 -238.668
868.807 -237.827
870.283 -236.987
871.76 -236.146
873.237 -235.306
874.714 -234.466
876.192 -233.627
877.669 -232.787
879.148 -231.948
880.626 -231.109
882.105 -230.27
883.584 -229.431
885.064 -228.592
886.544 -227.754
888.024 -226.916
889.505 -226.078
890.986 -225.24
892.467 -224.403
893.948 -223.565
895.43 -222.728
896.913 -221.891
898.396 -221.055
899.879 -220.218
901.362 -219.382
902.846 -218.546
904.331 -217.711
905.815 -216.875
907.3 -216.04
908.786 -215.205
910.272 -214.37
911.758 -213.536
913.245 -212.702
914.732 -211.868
916.22 -211.034
917.708 -210.201
919.196 -209.368
920.685 -208.535
922.175 -207.702
923.665 -206.87
925.155 -206.038
926.646 -205.206
928.137 -204.375
929.629 -203.544
931.121 -202.713
932.614 -201.882
934.107 -201.052
935.601 -200.222
937.095 -199.393
938.59 -198.563
940.085 -197.735
941.581 -196.906
943.077 -196.078
944.574 -195.25
946.071 -194.422
947.569 -193.595
949.068 -192.768
950.567 -191.941
952.067 -191.115
953.567 -190.289
955.068 -189.464
956.569 -188.639
958.071 -187.814
959.574 -186.99
961.077 -186.166
962.581 -185.343
964.086 -184.52
965.591 -183.697
967.096 -182.875
968.603 -182.053
970.11 -181.231
971.618 -180.41
973.126 -179.59
974.635 -178.77
976.145 -177.95
977.656 -177.131
979.167 -176.312
980.679 -175.494
982.191 -174.676
983.705 -173.858
985.219 -173.041
986.734 -172.225
988.249 -171.409
989.766 -170.594
991.283 -169.779
992.801 -168.965
994.32 -168.151
995.839 -167.338
997.359 -166.525
998.881 -165.713
1000.4 -164.901
1001.93 -164.09
1003.45 -163.279
1004.97 -162.47
1006.5 -161.66
1008.03 -160.851
1009.55 -160.043
1011.08 -159.236
1012.61 -158.429
1014.14 -157.623
1015.67 -156.817
1017.2 -156.012
1018.74 -155.208
1020.27 -154.404
1021.8 -153.601
1023.34 -152.799
1024.88 -151.997
1026.41 -151.196
1027.95 -150.396
1029.49 -149.597
1031.03 -148.798
1032.57 -148
1034.12 -147.203
1035.66 -146.406
1037.21 -145.61
1038.75 -144.816
1040.3 -144.021
1041.85 -143.228
1043.4 -142.436
1044.95 -141.644
1046.5 -140.853
1048.05 -140.063
1049.61 -139.274
1051.16 -138.486
1052.72 -137.699
1054.28 -136.912
1055.84 -136.127
1057.4 -135.342
1058.96 -134.559
1060.52 -133.776
1062.09 -132.995
1063.65 -132.214
1065.22 -131.434
1066.79 -130.656
1068.36 -129.878
1069.93 -129.102
1071.5 -128.326
1073.07 -127.552
1074.65 -126.778
1076.23 -126.006
1077.8 -125.235
1079.38 -124.465
1080.96 -123.696
1082.55 -122.929
1084.13 -122.163
1085.72 -121.397
1087.3 -120.633
1088.89 -119.871
1090.48 -119.109
1092.07 -118.349
1093.67 -117.59
1095.26 -116.833
1096.86 -116.077
1098.46 -115.322
1100.06 -114.569
1101.66 -113.817
1103.26 -113.066
1104.87 -112.317
1106.48 -111.569
1108.09 -110.823
1109.7 -110.078
1111.31 -109.335
1112.92 -108.594
1114.54 -107.854
1116.16 -107.116
1117.78 -106.379
1119.4 -105.644
1121.02 -104.91
1122.65 -104.179
1124.28 -103.449
1125.9 -102.721
1127.54 -101.994
1129.17 -101.27
1130.81 -100.547
1132.44 -99.8263
1134.08 -99.1074
1135.72 -98.3904
1137.37 -97.6753
1139.01 -96.9623
1140.66 -96.2512
1142.31 -95.5422
1143.97 -94.8353
1145.62 -94.1305
1147.28 -93.4278
1148.94 -92.7274
1150.6 -92.0291
1152.26 -91.3331
1153.93 -90.6393
1155.6 -89.9479
1157.27 -89.2588
1158.94 -88.5721
1160.62 -87.8878
1162.29 -87.206
1163.97 -86.5266
1165.66 -85.8498
1167.34 -85.1756
1169.03 -84.504
1170.72 -83.835
1172.41 -83.1687
1174.11 -82.5052
1175.81 -81.8444
1177.51 -81.1865
1179.21 -80.5314
1180.92 -79.8792
1182.62 -79.2299
1184.33 -78.5837
1186.05 -77.9405
1187.76 -77.3003
1189.48 -76.6633
1191.21 -76.0295
1192.93 -75.3989
1194.66 -74.7715
1196.39 -74.1475
1198.12 -73.5269
1199.86 -72.9097
1201.59 -72.2959
1203.33 -71.6857
1205.08 -71.079
1206.83 -70.476
1208.58 -69.8767
1210.33 -69.2811
1212.08 -68.6892
1213.84 -68.1013
1215.6 -67.5172
1217.37 -66.9371
1219.14 -66.361
1220.91 -65.789
1222.68 -65.2212
1224.46 -64.6575
1226.24 -64.0981
1228.02 -63.543
1229.8 -62.9922
1231.59 -62.4459
1233.38 -61.9041
1235.18 -61.3669
1236.97 -60.8343
1238.78 -60.3064
1240.58 -59.7832
1242.39 -59.2649
1244.2 -58.7514
1246.01 -58.2429
1247.82 -57.7394
1249.64 -57.241
1251.46 -56.7477
1253.29 -56.2597
1255.12 -55.7769
1256.95 -55.2995
1258.78 -54.8275
1260.62 -54.3611
1262.46 -53.9001
1264.3 -53.4449
1266.15 -52.9953
1268 -52.5515
1269.85 -52.1135
1271.7 -51.6814
1273.56 -51.2553
1275.42 -50.8353
1277.28 -50.4214
1279.15 -50.0137
1281.02 -49.6123
1282.89 -49.2171
1284.77 -48.8284
1286.65 -48.4462
1288.53 -48.0705
1290.41 -47.7014
1292.3 -47.3391
1294.18 -46.9834
1296.08 -46.6346
1297.97 -46.2927
1299.87 -45.9577
1301.76 -45.6297
1303.67 -45.3089
1305.57 -44.9952
1307.48 -44.6887
1309.39 -44.3895
1311.3 -44.0976
1313.21 -43.8132
1315.13 -43.5362
1317.04 -43.2668
1318.96 -43.0049
1320.89 -42.7507
1322.81 -42.5042
1324.74 -42.2655
1326.67 -42.0346
1328.6 -41.8115
1330.53 -41.5964
1332.46 -41.3893
1334.4 -41.1901
1336.33 -40.9991
1338.27 -40.8162
1340.21 -40.6414
1342.15 -40.4749
1344.1 -40.3165
1346.04 -40.1665
1347.99 -40.0248
1349.94 -39.8915
1351.88 -39.7666
1353.83 -39.6501
1355.78 -39.542
1357.73 -39.4424
1359.69 -39.3514
1361.64 -39.2689
1363.59 -39.1949
1365.55 -39.1295
1367.5 -39.0727
1369.46 -39.0246
1371.41 -38.985
1373.37 -38.9541
1375.32 -38.9318
1377.28 -38.9182
1379.24 -38.9133
1381.19 -38.917
1383.15 -38.9294
1385.1 -38.9504
1387.06 -38.9801
1389.02 -39.0184
1390.97 -39.0654
1392.93 -39.121
1394.88 -39.1852
1396.84 -39.2581
1398.79 -39.3395
1400.74 -39.4294
1402.69 -39.5279
1404.64 -39.6349
1406.59 -39.7505
1408.54 -39.8744
1410.49 -40.0068
1412.44 -40.1476
1414.38 -40.2968
1416.33 -40.4543
1418.27 -40.6201
1420.21 -40.7941
1422.15 -40.9763
1424.09 -41.1668
1426.02 -41.3653
1427.96 -41.5719
1429.89 -41.7866
1431.82 -42.0092
1433.75 -42.2398
1435.68 -42.4782
1437.61 -42.7245
1439.53 -42.9785
1441.45 -43.2402
1443.37 -43.5096
1445.29 -43.7866
1447.2 -44.0712
1449.11 -44.3632
1451.02 -44.6626
1452.93 -44.9693
1454.84 -45.2834
1456.74 -45.6047
1458.64 -45.9331
1460.54 -46.2686
1462.43 -46.6112
1464.33 -46.9607
1466.22 -47.3171
1468.1 -47.6803
1469.99 -48.0503
1471.87 -48.427
1473.75 -48.8102
1475.62 -49.2001
1477.5 -49.5963
1479.37 -49.999
1481.24 -50.4081
1483.1 -50.8234
1484.96 -51.2448
1486.82 -51.6724
1488.68 -52.1061
1490.53 -52.5457
1492.38 -52.9913
1494.23 -53.4427
1496.07 -53.8998
1497.91 -54.3626
1499.75 -54.8311
1501.59 -55.3051
1503.42 -55.7846
1505.25 -56.2696
1507.07 -56.7599
1508.9 -57.2554
1510.72 -57.7562
1512.53 -58.2621
1514.35 -58.7731
1516.16 -59.2891
1517.96 -59.81
1519.77 -60.3358
1521.57 -60.8664
1523.37 -61.4018
1525.16 -61.9418
1526.96 -62.4865
1528.74 -63.0357
1530.53 -63.5894
1532.31 -64.1475
1534.09 -64.7099
1535.87 -65.2767
1537.64 -65.8477
1539.41 -66.4229
1541.18 -67.0023
1542.95 -67.5856
1544.71 -68.173
1546.47 -68.7643
1548.22 -69.3596
1549.98 -69.9586
1551.73 -70.5614
1553.47 -71.168
1555.22 -71.7782
1556.96 -72.392
1558.7 -73.0094
1560.43 -73.6303
1562.17 -74.2546
1563.9 -74.8823
1565.62 -75.5134
1567.35 -76.1478
1569.07 -76.7855
1570.79 -77.4264
1572.5 -78.0704
1574.22 -78.7175
1575.93 -79.3677
1577.64 -80.0209
1579.34 -80.6771
1581.04 -81.3362
1582.74 -81.9982
1584.44 -82.663
1586.14 -83.3307
1587.83 -84.0011
1589.52 -84.6742
1591.21 -85.3499
1592.89 -86.0283
1594.57 -86.7093
1596.25 -87.3929
1597.93 -88.0789
1599.6 -88.7674
1601.28 -89.4584
1602.95 -90.1518
1604.61 -90.8475
1606.28 -91.5456
1607.94 -92.2459
1609.6 -92.9486
1611.26 -93.6534
1612.92 -94.3604
1614.57 -95.0696
1616.22 -95.7809
1617.87 -96.4943
1619.52 -97.2098
1621.16 -97.9273
1622.81 -98.6468
1624.45 -99.3682
1626.09 -100.092
1627.72 -99.3711
1629.37 -98.6524
1631.01 -97.9357
1632.65 -97.221
1634.3 -96.5083
1635.95 -95.7976
1637.6 -95.089
1639.25 -94.3824
1640.91 -93.678
1642.57 -92.9758
1644.23 -92.2758
1645.89 -91.578
1647.56 -90.8824
1649.22 -90.1892
1650.89 -89.4983
1652.56 -88.8097
1654.24 -88.1236
1655.92 -87.4399
1657.59 -86.7586
1659.28 -86.0799
1660.96 -85.4038
1662.65 -84.7302
1664.34 -84.0593
1666.03 -83.3911
1667.72 -82.7255
1669.42 -82.0628
1671.12 -81.4028
1672.82 -80.7457
1674.52 -80.0914
1676.23 -79.4401
1677.94 -78.7917
1679.65 -78.1464
1681.37 -77.5042
1683.08 -76.865
1684.81 -76.229
1686.53 -75.5962
1688.25 -74.9667
1689.98 -74.3404
1691.71 -73.7175
1693.45 -73.0981
1695.19 -72.482
1696.93 -71.8695
1698.67 -71.2605
1700.41 -70.6552
1702.16 -70.0535
1703.91 -69.4555
1705.67 -68.8613
1707.43 -68.2709
1709.19 -67.6844
1710.95 -67.1018
1712.72 -66.5232
1714.48 -65.9487
1716.26 -65.3783
1718.03 -64.8121
1719.81 -64.2501
1721.59 -63.6924
1723.38 -63.1391
1725.16 -62.5901
1726.95 -62.0457
1728.75 -61.5058
1730.54 -60.9705
1732.34 -60.4398
1734.14 -59.9139
1735.95 -59.3928
1737.76 -58.8766
1739.57 -58.3652
1741.38 -57.8589
1743.2 -57.3576
1745.02 -56.8615
1746.85 -56.3706
1748.67 -55.8849
1750.5 -55.4046
1752.33 -54.9296
1754.17 -54.4602
1756.01 -53.9963
1757.85 -53.538
1759.7 -53.0853
1761.54 -52.6384
1763.39 -52.1974
1765.25 -51.7622
1767.11 -51.333
1768.96 -50.9099
1770.83 -50.4928
1772.69 -50.0819
1774.56 -49.6773
1776.43 -49.2789
1778.31 -48.887
1780.18 -48.5015
1782.06 -48.1226
1783.95 -47.7502
1785.83 -47.3845
1787.72 -47.0256
1789.61 -46.6734
1791.5 -46.3281
1793.4 -45.9898
1795.3 -45.6585
1797.2 -45.3342
1799.1 -45.0171
1801.01 -44.7072
1802.91 -44.4046
1804.83 -44.1093
1806.74 -43.8214
1808.65 -43.541
1810.57 -43.2681
1812.49 -43.0027
1814.41 -42.745
1816.34 -42.4951
1818.26 -42.2528
1820.19 -42.0184
1822.12 -41.7919
1824.05 -41.5732
1825.98 -41.3626
1827.92 -41.16
1829.86 -40.9654
1831.8 -40.779
1833.74 -40.6007
1835.68 -40.4306
1837.62 -40.2688
1839.56 -40.1153
1841.51 -39.9701
1843.46 -39.8332
1845.41 -39.7048
1847.35 -39.5848
1849.31 -39.4733
1851.26 -39.3702
1853.21 -39.2757
1855.16 -39.1897
1857.12 -39.1123
1859.07 -39.0435
1861.02 -38.9833
1862.98 -38.9317
1864.94 -38.8888
1866.89 -38.8545
1868.85 -38.8289
1870.81 -38.8119
1872.76 -38.8037
1874.72 -38.8041
1876.68 -38.8132
1878.63 -38.831
1880.59 -38.8574
1882.55 -38.8925
1884.5 -38.9363
1886.46 -38.9888
1888.41 -39.0498
1890.37 -39.1195
1892.32 -39.1978
1894.27 -39.2847
1896.23 -39.3802
1898.18 -39.4842
1900.13 -39.5967
1902.08 -39.7178
1904.03 -39.8472
1905.97 -39.9851
1907.92 -40.1315
1909.87 -40.2861
1911.81 -40.4491
1913.75 -40.6204
1915.69 -40.7999
1917.63 -40.9876
1919.57 -41.1835
1921.5 -41.3875
1923.44 -41.5996
1925.37 -41.8197
1927.3 -42.0477
1929.23 -42.2837
1931.16 -42.5275
1933.08 -42.7791
1935 -43.0385
1936.92 -43.3055
1938.84 -43.5802
1940.76 -43.8625
1942.67 -44.1523
1944.58 -44.4495
1946.49 -44.7541
1948.4 -45.0661
1950.3 -45.3853
1952.2 -45.7117
1954.1 -46.0452
1956 -46.3858
1957.89 -46.7334
1959.78 -47.0879
1961.67 -47.4492
1963.56 -47.8174
1965.44 -48.1923
1967.32 -48.5738
1969.2 -48.9619
1971.07 -49.3565
1972.95 -49.7576
1974.82 -50.165
1976.68 -50.5788
1978.55 -50.9987
1980.41 -51.4248
1982.26 -51.857
1984.12 -52.2952
1985.97 -52.7394
1987.82 -53.1894
1989.66 -53.6453
1991.5 -54.1068
1993.34 -54.574
1995.18 -55.0468
1997.01 -55.5251
1998.84 -56.0089
2000.67 -56.4981
2002.49 -56.9925
2004.31 -57.4922
2006.13 -57.9971
2007.95 -58.5071
2009.76 -59.0221
2011.57 -59.5421
2013.37 -60.067
2015.17 -60.5967
2016.97 -61.1312
2018.77 -61.6704
2020.56 -62.2142
2022.35 -62.7626
2024.14 -63.3156
2025.92 -63.873
2027.71 -64.4347
2029.48 -65.0008
2031.26 -64.44
2033.04 -63.8834
2034.83 -63.3311
2036.61 -62.7833
2038.4 -62.2399
2040.2 -61.7011
2041.99 -61.1668
2043.79 -60.6372
2045.59 -60.1123
2047.4 -59.5922
2049.21 -59.077
2051.02 -58.5666
2052.83 -58.0613
2054.65 -57.5609
2056.47 -57.0657
2058.29 -56.5757
2060.12 -56.0909
2061.95 -55.6115
2063.78 -55.1374
2065.61 -54.6688
2067.45 -54.2057
2069.29 -53.7481
2071.14 -53.2963
2072.99 -52.8502
2074.84 -52.4098
2076.69 -51.9754
2078.55 -51.5469
2080.4 -51.1244
2082.27 -50.7079
2084.13 -50.2976
2086 -49.8936
2087.87 -49.4958
2089.74 -49.1044
2091.62 -48.7194
2093.5 -48.341
2095.38 -47.9691
2097.26 -47.6038
2099.15 -47.2452
2101.04 -46.8935
2102.93 -46.5485
2104.83 -46.2105
2106.73 -45.8794
2108.63 -45.5554
2110.53 -45.2385
2112.43 -44.9288
2114.34 -44.6263
2116.25 -44.3312
2118.16 -44.0434
2120.08 -43.763
2121.99 -43.4901
2123.91 -43.2248
2125.83 -42.967
2127.76 -42.7169
2129.68 -42.4746
2131.61 -42.24
2133.54 -42.0133
2135.47 -41.7944
2137.4 -41.5835
2139.33 -41.3806
2141.27 -41.1857
2143.21 -40.9989
2145.15 -40.8202
2147.09 -40.6496
2149.03 -40.4873
2150.97 -40.3333
2152.92 -40.1875
2154.86 -40.0501
2156.81 -39.921
2158.76 -39.8003
2160.71 -39.688
2162.66 -39.5842
2164.61 -39.4889
2166.56 -39.4021
2168.52 -39.3238
2170.47 -39.2541
2172.42 -39.193
2174.38 -39.1404
2176.33 -39.0964
2178.29 -39.0611
2180.24 -39.0344
2182.2 -39.0163
2184.15 -39.0068
2186.11 -39.006
2188.07 -39.0139
2190.02 -39.0304
2191.98 -39.0556
2193.93 -39.0894
2195.89 -39.1318
2197.84 -39.1828
2199.8 -39.2425
2201.75 -39.3107
2203.71 -39.3876
2205.66 -39.4729
2207.61 -39.5668
2209.56 -39.6692
2211.51 -39.7801
2213.46 -39.8995
2215.41 -40.0273
2217.35 -40.1635
2219.3 -40.3081
2221.24 -40.461
2223.19 -40.6222
2225.13 -40.7916
2227.07 -40.9693
2229.01 -41.1551
2230.94 -41.3491
2232.88 -41.5512
2234.81 -41.7613
2236.75 -41.9794
2238.68 -42.2054
2240.6 -42.4394
2242.53 -42.6812
2244.45 -42.9307
2246.38 -43.188
2248.3 -43.453
2250.21 -43.7255
2252.13 -44.0057
2254.04 -44.2933
2255.95 -44.5884
2257.86 -44.8908
2259.77 -45.2005
2261.67 -45.5175
2263.57 -45.8417
2265.47 -46.173
2267.37 -46.5113
2269.26 -46.8566
2271.15 -47.2089
2273.04 -47.568
2274.93 -47.9338
2276.81 -48.3064
2278.69 -48.6856
2280.57 -49.0714
2282.44 -49.4637
2284.32 -49.8624
2286.19 -50.2675
2288.05 -50.6789
2289.92 -51.0965
2291.78 -51.5202
2293.63 -51.9501
2295.49 -52.3859
2297.34 -52.8277
2299.19 -53.2753
2301.03 -53.7288
2302.88 -54.188
2304.72 -54.6528
2306.55 -55.1232
2308.39 -55.5991
2310.22 -56.0805
2312.04 -56.5673
2313.87 -57.0594
2315.69 -57.5567
2317.51 -58.0592
2319.32 -58.5668
2321.13 -59.0794
2322.94 -59.597
2324.75 -60.1196
2326.55 -60.6469
2328.35 -61.179
2330.15 -61.7159
2331.94 -62.2574
2333.73 -62.8034
2335.52 -63.354
2337.31 -63.9091
2339.09 -64.4685
2340.87 -65.0322
2342.64 -65.6003
2344.41 -66.1725
2346.18 -66.7489
2347.95 -67.3294
2349.71 -67.9139
2351.47 -68.5024
2353.23 -69.0948
2354.99 -69.6911
2356.74 -70.2912
2358.49 -70.895
2360.23 -71.5025
2361.98 -72.1136
2363.72 -72.7284
2365.45 -73.3467
2367.19 -73.9684
2368.92 -74.5936
2370.65 -75.2222
2372.37 -75.8541
2374.1 -76.4893
2375.82 -77.1277
2377.53 -77.7693
2379.25 -78.414
2380.96 -79.0618
2382.67 -79.7126
2384.38 -80.3665
2386.08 -81.0233
2387.79 -81.683
2389.48 -82.3456
2391.18 -83.011
2392.87 -83.6792
2394.57 -84.3501
2396.25 -85.0237
2397.94 -85.6999
2399.62 -86.3788
2401.31 -87.0602
2402.98 -87.7442
2404.66 -88.4307
2406.33 -89.1196
2408.01 -89.8109
2409.68 -90.5047
2411.34 -91.2008
2413.01 -91.8992
2414.67 -92.5998
2416.33 -93.3027
2417.99 -94.0079
2419.64 -94.7152
2421.29 -95.4246
2422.94 -96.1362
2424.59 -96.8498
2426.24 -97.5655
2427.88 -98.2832
2429.53 -99.0029
2431.17 -99.7245
2432.8 -100.448
2434.44 -101.174
2436.07 -101.901
2437.71 -102.63
2439.33 -103.361
2440.96 -104.094
2442.59 -104.828
2444.21 -105.565
2445.83 -106.303
2447.45 -107.042
2449.07 -107.783
2450.69 -108.526
2452.3 -109.271
2453.91 -110.017
2455.52 -110.765
2457.13 -111.514
2458.74 -112.265
2460.34 -113.017
2461.95 -113.77
2463.55 -114.526
2465.15 -115.282
2466.75 -116.04
2468.34 -116.799
2469.94 -117.56
2471.53 -118.322
2473.12 -119.085
2474.71 -119.85
2476.3 -120.616
2477.89 -121.383
2479.47 -122.152
2481.06 -122.921
2482.64 -123.692
2484.22 -124.464
2485.8 -125.237
2487.37 -126.012
2488.95 -126.787
2490.52 -127.564
2492.1 -128.342
2493.67 -129.121
2495.24 -129.901
2496.81 -130.682
2498.38 -131.464
2499.94 -132.247
2501.51 -133.031
2503.07 -133.816
2504.63 -134.602
2506.19 -135.389
2507.75 -136.177
2509.31 -136.966
2510.87 -137.756
2512.42 -138.546
2513.98 -139.338
2515.53 -140.13
2517.08 -140.924
2518.63 -141.718
2520.18 -142.513
2521.73 -143.309
2523.28 -144.106
2524.82 -144.904
2526.37 -145.702
2527.91 -146.501
2529.46 -147.301
2531 -148.102
2532.54 -148.904
2534.08 -149.706
2535.62 -150.509
2537.15 -151.313
2538.69 -152.117
2540.23 -152.922
2541.76 -153.728
2543.29 -154.535
2544.83 -155.342
2546.36 -156.15
2547.89 -156.959
2549.42 -157.768
2550.95 -158.578
2552.47 -159.388
2554 -160.199
2555.53 -161.011
2557.05 -161.823
2558.57 -162.636
2560.1 -163.45
2561.62 -164.264
2563.14 -165.079
2564.66 -165.894
2566.18 -166.71
2567.7 -167.526
2569.22 -168.343
2570.74 -169.16
2572.25 -169.978
2573.77 -170.797
2575.28 -171.616
2576.8 -172.435
2578.31 -173.255
2579.82 -174.076
2581.33 -174.897
2582.84 -175.718
2584.35 -176.54
2585.86 -177.363
2587.37 -178.186
2588.88 -179.009
2590.39 -179.833
2591.9 -180.657
2593.4 -181.482
2594.91 -182.307
2596.41 -183.132
2597.92 -183.958
2599.42 -184.784
2600.92 -185.611
2602.42 -186.438
2603.93 -187.266
2605.43 -188.094
2606.93 -188.922
2608.43 -189.751
2609.93 -190.58
2611.42 -191.409
2612.92 -192.239
2614.42 -193.07
2615.92 -193.9
2617.41 -194.731
2618.91 -195.562
2620.4 -196.394
2621.9 -197.226
2623.39 -198.058
2624.88 -198.891
2626.38 -199.723
2627.87 -200.557
2629.36 -201.39
2630.85 -202.224
2632.34 -203.058
2633.83 -203.893
2635.32 -204.728
2636.81 -205.563
2638.3 -206.398
2639.79 -207.234
2641.28 -208.07
2642.77 -208.906
2644.25 -209.742
2645.74 -210.579
2647.23 -211.416
2648.71 -212.254
2650.2 -213.091
2651.68 -213.929
2653.17 -214.767
2654.65 -215.606
2656.14 -216.444
2657.62 -217.283
2659.1 -218.122
2660.58 -218.961
2662.07 -219.801
2663.55 -220.641
2665.03 -221.481
2666.51 -222.321
2667.99 -223.162
2669.47 -224.002
2670.95 -224.843
2672.43 -225.684
2673.91 -226.526
2675.39 -227.367
2676.86 -228.209
2678.34 -229.051
2679.82 -229.893
2681.3 -230.736
2682.77 -231.578
2684.25 -232.421
2685.73 -233.264
2687.2 -234.107
2688.68 -234.951
2690.15 -235.794
2691.63 -236.638
2693.1 -237.482
2694.58 -238.326
2696.05 -239.17
2697.52 -240.015
2699 -240.859
2700.47 -241.704
2701.94 -242.549
2703.42 -243.394
2704.89 -244.24
2706.36 -245.085
2707.83 -245.931
2709.3 -246.777
2710.78 -247.623
2712.25 -248.469
2713.72 -249.315
2715.19 -250.161
2716.66 -251.008
2718.13 -251.854
2719.6 -252.701
2721.07 -253.548
2722.54 -254.395
2724.01 -255.243
2725.47 -256.09
2726.94 -256.938
2728.41 -257.785
2729.88 -258.633
2731.35 -259.481
2732.81 -260.329
2734.28 -261.177
2735.75 -262.025
2737.22 -262.874
2738.68 -263.722
2740.15 -264.571
2741.61 -265.42
2743.08 -266.269
2744.55 -267.118
2746.01 -267.967
2747.48 -268.816
2748.94 -269.666
2750.41 -270.515
2751.87 -271.365
2753.34 -272.214
2754.8 -273.064
2756.27 -273.914
2757.73 -274.764
2759.19 -275.614
2760.66 -276.464
2762.12 -277.315
2763.59 -278.165
2765.05 -279.016
2766.51 -279.866
2767.98 -280.717
2769.44 -281.568
2770.9 -282.419
2772.36 -283.27
2773.82 -284.121
2775.29 -284.972
2776.75 -285.823
2778.21 -286.674
2779.67 -287.526
2781.13 -288.377
2782.6 -289.229
2784.06 -290.081
2785.52 -290.932
2786.98 -291.784
2788.44 -292.636
2789.9 -293.488
2791.36 -294.34
2792.82 -295.193
2794.28 -296.045
2795.74 -296.897
2797.2 -297.749
2798.66 -298.602
2800.12 -299.454
2801.58 -300.307
2803.04 -301.16
2804.5 -302.013
2805.96 -302.865
2807.42 -303.718
2808.88 -304.571
2810.33 -305.424
2811.79 -306.277
2813.25 -307.13
2814.71 -307.984
2816.17 -308.837
2817.63 -309.69
2819.09 -310.544
2820.54 -311.397
2822 -312.251
2823.46 -313.104
2824.92 -313.958
2826.37 -314.812
2827.83 -315.665
2829.29 -316.519
2830.75 -317.373
2832.2 -318.227
2833.66 -319.081
2835.12 -319.935
2836.58 -320.789
2838.03 -321.643
2839.49 -322.498
2840.95 -323.352
2842.4 -324.206
2843.86 -325.061
2845.31 -325.915
2846.77 -326.769
2848.23 -327.624
2849.68 -328.478
2851.14 -329.333
2852.6 -330.188
2854.05 -331.042
2855.51 -331.897
2856.96 -332.752
2858.42 -333.607
2859.87 -334.462
2861.33 -335.317
2862.79 -336.172
2864.24 -337.027
2865.7 -337.882
2867.15 -338.737
2868.61 -339.592
2870.06 -340.447
2871.52 -341.302
2872.97 -342.157
2874.43 -343.013
2875.88 -343.868
2877.33 -344.723
2878.79 -345.579
2880.24 -346.434
2881.7 -347.29
2883.15 -348.145
2884.61 -349.001
2886.06 -349.856
2887.52 -350.712
2888.97 -351.568
2890.42 -352.423
2891.88 -353.279
2893.33 -354.135
2894.79 -354.99
2896.24 -355.846
2897.69 -356.702
2899.15 -357.558
2900.6 -358.414
2902.05 -359.27
2903.51 -360.126
2904.96 -360.982
2906.41 -361.838
2907.87 -362.694
2909.32 -363.55
2910.77 -364.406
2912.23 -365.262
2913.68 -366.118
2915.13 -366.975
2916.59 -367.831
2918.04 -368.687
2919.49 -369.543
2920.95 -370.4
2922.4 -371.256
2923.85 -372.112
2925.31 -372.969
2926.76 -373.825
2928.21 -374.682
2929.66 -375.538
2931.12 -376.395
2932.57 -377.251
2934.02 -378.108
2935.47 -378.964
2936.93 -379.821
2938.38 -380.677
2939.83 -381.534
2941.28 -382.391
2942.74 -383.247
2944.19 -384.104
2945.64 -384.961
2947.09 -385.817
2948.54 -386.674
2950 -387.531
2951.45 -388.388
2952.9 -389.245
2954.35 -390.101
2955.8 -390.958
2957.26 -391.815
2958.71 -392.672
2960.16 -393.529
2961.61 -394.386
2963.06 -395.243
2964.52 -396.1
2965.97 -396.957
2967.42 -397.814
2968.87 -398.671
2970.32 -399.528
2971.77 -400.385
2973.23 -401.242
2974.68 -402.099
2976.13 -402.956
2977.58 -403.813
2979.03 -404.67
2980.48 -405.528
2981.93 -406.385
2983.39 -407.242
2984.84 -408.099
2986.29 -408.956
2987.74 -409.814
2989.19 -410.671
2990.64 -411.528
2992.09 -412.385
2993.54 -413.243
2995 -414.1
2996.45 -414.957
2997.9 -415.815
2999.35 -416.672
3000.8 -417.529
3002.25 -418.387
3003.7 -419.244
3005.15 -420.102
3006.6 -420.959
3008.05 -421.816
3009.51 -422.674
3010.96 -423.531
3012.41 -424.389
3013.86 -425.246
3015.31 -426.104
3016.76 -426.961
3018.21 -427.819
3019.66 -428.676
3021.11 -429.534
3022.56 -430.391
3024.01 -431.249
3025.46 -432.106
3026.91 -432.964
3028.37 -433.822
3029.82 -434.679
3031.27 -435.537
3032.72 -436.394
3034.17 -437.252
3035.62 -438.11
3037.07 -438.967
3038.52 -439.825
3039.97 -440.683
3041.42 -441.54
3042.87 -442.398
3044.32 -443.256
3045.77 -444.114
3047.22 -444.971
3048.67 -445.829
3050.12 -446.687
3051.57 -447.544
3053.02 -448.402
3054.47 -449.26
3055.92 -450.118
3057.37 -450.976
3058.82 -451.833
3060.27 -452.691
3061.72 -453.549
3063.18 -454.407
3064.63 -455.265
3066.08 -456.122
3067.53 -456.98
3068.98 -457.838
3070.43 -458.696
3071.88 -459.554
3073.33 -460.412
3074.78 -461.27
3076.23 -462.127
3077.68 -462.985
3079.13 -463.843
3080.58 -464.701
3082.03 -465.559
3083.48 -466.417
3084.93 -467.275
3086.38 -468.133
3087.83 -468.991
3089.28 -469.849
3090.73 -470.707
3092.18 -471.565
3093.63 -472.423
3095.08 -473.281
3096.53 -474.139
3097.98 -474.997
3099.43 -475.855
3100.88 -476.713
3102.33 -477.571
3103.78 -478.429
3105.23 -479.287
3106.68 -480.145
3108.13 -481.003
3109.58 -481.861
3111.03 -482.719
3112.48 -483.577
3113.93 -484.435
3115.38 -485.293
3116.82 -486.151
3118.27 -487.009
3119.72 -487.867
3121.17 -488.725
3122.62 -489.583
3124.07 -490.441
3125.52 -491.299
3126.97 -492.157
3128.42 -493.016
3129.87 -493.874
3131.32 -494.732
3132.77 -495.59
3134.22 -496.448
3135.67 -497.306
3137.12 -498.164
3138.57 -499.022
3140.02 -499.88
3141.47 -500.739
3142.92 -501.597
3144.37 -502.455
3145.82 -503.313
3147.27 -504.171
3148.72 -505.029
3150.17 -505.887
3151.62 -506.746
3153.07 -507.604
3154.52 -508.462
3155.97 -509.32
3157.42 -510.178
3158.87 -511.037
3160.31 -511.895
3161.76 -512.753
3163.21 -513.611
3164.66 -514.469
3166.11 -515.328
3167.56 -516.186
3169.01 -517.044
3170.46 -517.902
3171.91 -518.76
3173.36 -519.619
3174.81 -520.477
3176.26 -521.335
3177.71 -522.193
3179.16 -523.052
3180.61 -523.91
3182.06 -524.768
3183.51 -525.626
3184.96 -526.484
3186.41 -527.343
3187.85 -528.201
3189.3 -529.059
3190.75 -529.917
3192.2 -530.776
3193.65 -531.634
3195.1 -532.492
3196.55 -533.351
3198 -534.209
3199.45 -535.067
3200.9 -535.925
3202.35 -536.784
3203.8 -537.642
3205.25 -538.5
3206.7 -539.358
3208.15 -540.217
3209.6 -541.075
3211.05 -541.933
3212.5 -542.792
3213.94 -543.65
3215.39 -544.508
3216.84 -545.366
3218.29 -546.225
3219.74 -547.083
3221.19 -547.941
3222.64 -548.799
3224.09 -549.658
3225.54 -550.516
3226.99 -551.375
3228.44 -552.233
3229.89 -553.091
3231.34 -553.95
3232.79 -554.808
3234.23 -555.666
3235.68 -556.525
3237.13 -557.383
3238.58 -558.241
3240.03 -559.1
3241.48 -559.958
3242.93 -560.816
3244.38 -561.675
3245.83 -562.533
3247.28 -563.391
3248.73 -564.25
3250.18 -565.108
3251.63 -565.966
3253.07 -566.825
3254.52 -567.683
3255.97 -568.541
3257.42 -569.4
3258.87 -570.258
3260.32 -571.116
3261.77 -571.975
3263.22 -572.833
3264.67 -573.691
3266.12 -574.55
3267.57 -575.408
3269.02 -576.266
3270.47 -577.125
3271.91 -577.983
3273.36 -578.841
3274.81 -579.7
3276.26 -580.558
3277.71 -581.417
3279.16 -582.275
3280.61 -583.133
3282.06 -583.992
3283.51 -584.85
3284.96 -585.708
3286.41 -586.567
3287.86 -587.425
3289.31 -588.284
3290.75 -589.142
3292.2 -590
3293.65 -590.859
3295.1 -591.717
3296.55 -592.576
3298 -593.434
3299.45 -594.292
3300.9 -595.151
3302.35 -596.009
3303.8 -596.868
3305.25 -597.726
3306.7 -598.584
3308.15 -599.443
3309.59 -600.301
3311.04 -601.16
3312.49 -602.018
3313.94 -602.876
3315.39 -603.735
3316.84 -604.593
3318.29 -605.452
3319.74 -606.31
3321.19 -607.168
3322.64 -608.027
3324.09 -608.885
3325.54 -609.744
3326.98 -610.602
3328.43 -611.46
3329.88 -612.319
3331.33 -613.177
3332.78 -614.036
3334.23 -614.894
3335.68 -615.752
3337.13 -616.611
3338.58 -617.469
3340.03 -618.328
3341.48 -619.186
3342.93 -620.044
3344.38 -620.903
3345.82 -621.761
3347.27 -622.62
3348.72 -623.478
3350.17 -624.336
3351.62 -625.195
3353.07 -626.053
3354.52 -626.912
3355.97 -627.77
3357.42 -628.628
3358.87 -629.487
3360.32 -630.345
3361.77 -631.204
3363.22 -632.062
3364.66 -632.92
3366.11 -633.779
3367.56 -634.637
3369.01 -635.496
3370.46 -636.354
3371.91 -637.213
3373.36 -638.071
3374.81 -638.93
3376.26 -639.788
3377.71 -640.647
3379.16 -641.505
3380.61 -642.363
3382.05 -643.222
3383.5 -644.08
3384.95 -644.939
3386.4 -645.797
3387.85 -646.656
3389.3 -647.514
3390.75 -648.373
3392.2 -649.231
3393.65 -650.09
3395.1 -650.948
3396.54 -651.807
3397.99 -652.665
3399.44 -653.523
3400.89 -654.382
3402.34 -655.24
3403.79 -656.099
3405.24 -656.957
3406.69 -657.816
3408.14 -658.674
3409.59 -659.533
3411.03 -660.391
3412.48 -661.25
3413.93 -662.108
3415.38 -662.966
3416.83 -663.825
3418.28 -664.683
3419.73 -665.542
3421.18 -666.4
3422.63 -667.259
3424.08 -668.117
3425.52 -668.976
3426.97 -669.834
3428.42 -670.693
3429.87 -671.551
3431.32 -672.41
3432.77 -673.268
3434.22 -674.126
3435.67 -674.985
3437.12 -675.843
3438.56 -676.702
3440.01 -677.56
3441.46 -678.419
3442.91 -679.277
3444.36 -680.136
3445.81 -680.994
3447.26 -681.853
3448.71 -682.711
3450.16 -683.57
3451.61 -684.428
3453.05 -685.286
