250 -600
251.466 -599.171
252.932 -598.341
254.398 -597.512
255.864 -596.682
257.33 -595.853
258.796 -595.024
260.262 -594.194
261.728 -593.365
263.194 -592.535
264.66 -591.706
266.126 -590.877
267.592 -590.047
269.058 -589.218
270.524 -588.388
271.99 -587.559
273.456 -586.729
274.922 -585.9
276.388 -585.071
277.854 -584.241
279.32 -583.412
280.786 -582.583
282.252 -581.753
283.718 -580.924
285.184 -580.095
286.65 -579.265
288.116 -578.436
289.582 -577.607
291.048 -576.777
292.514 -575.948
293.98 -575.119
295.446 -574.289
296.912 -573.46
298.378 -572.63
299.844 -571.801
301.31 -570.972
302.776 -570.142
304.242 -569.313
305.708 -568.484
307.174 -567.654
308.64 -566.825
310.106 -565.996
311.572 -565.166
313.038 -564.337
314.504 -563.508
315.97 -562.678
317.436 -561.849
318.902 -561.02
320.368 -560.19
321.835 -559.361
323.301 -558.532
324.767 -557.702
326.233 -556.873
327.699 -556.044
329.165 -555.214
330.631 -554.385
332.097 -553.556
333.563 -552.726
335.029 -551.897
336.495 -551.068
337.962 -550.239
339.428 -549.409
340.894 -548.58
342.36 -547.751
343.826 -546.921
345.292 -546.092
346.758 -545.263
348.224 -544.434
349.691 -543.604
351.157 -542.775
352.623 -541.946
354.089 -541.116
355.555 -540.287
357.021 -539.458
358.488 -538.629
359.954 -537.799
361.42 -536.97
362.886 -536.141
364.352 -535.311
365.818 -534.482
367.285 -533.653
368.751 -532.824
370.217 -531.994
371.683 -531.165
373.149 -530.336
374.616 -529.507
376.082 -528.678
377.548 -527.848
379.014 -527.019
380.481 -526.19
381.947 -525.361
383.413 -524.531
384.879 -523.702
386.346 -522.873
387.812 -522.044
389.278 -521.215
390.744 -520.385
392.211 -519.556
393.677 -518.727
395.143 -517.898
396.61 -517.068
398.076 -516.239
399.542 -515.41
401.009 -514.581
402.475 -513.752
403.941 -512.923
405.408 -512.094
406.874 -511.264
408.34 -510.435
409.807 -509.606
411.273 -508.777
412.739 -507.948
414.206 -507.119
415.672 -506.289
417.138 -505.46
418.605 -504.631
420.071 -503.802
421.538 -502.973
423.004 -502.144
424.47 -501.315
425.937 -500.486
427.403 -499.656
428.87 -498.827
430.336 -497.998
431.803 -497.169
433.269 -496.34
434.736 -495.511
436.202 -494.682
437.669 -493.853
439.135 -493.024
440.602 -492.195
442.068 -491.366
443.535 -490.537
445.001 -489.708
446.468 -488.879
447.934 -488.049
449.401 -487.22
450.867 -486.391
452.334 -485.562
453.801 -484.733
455.267 -483.904
456.734 -483.075
458.2 -482.246
459.667 -481.417
461.134 -480.588
462.6 -479.759
464.067 -478.93
465.534 -478.101
467 -477.272
468.467 -476.443
469.934 -475.615
471.4 -474.786
472.867 -473.957
474.334 -473.128
475.8 -472.299
477.267 -471.47
478.734 -470.641
480.201 -469.812
481.668 -468.983
483.134 -468.154
484.601 -467.325
486.068 -466.496
487.535 -465.668
489.002 -464.839
490.468 -464.01
491.935 -463.181
493.402 -462.352
494.869 -461.523
496.336 -460.694
497.803 -459.866
499.27 -459.037
500.737 -458.208
502.204 -457.379
503.671 -456.55
505.138 -455.722
506.605 -454.893
508.072 -454.064
509.539 -453.235
511.006 -452.407
512.473 -451.578
513.94 -450.749
515.407 -449.92
516.874 -449.092
518.341 -448.263
519.808 -447.434
521.275 -446.606
522.742 -445.777
524.21 -444.948
525.677 -444.12
527.144 -443.291
528.611 -442.462
530.078 -441.634
531.546 -440.805
533.013 -439.977
534.48 -439.148
535.948 -438.319
537.415 -437.491
538.882 -436.662
540.35 -435.834
541.817 -435.005
543.284 -434.177
544.752 -433.348
546.219 -432.52
547.687 -431.691
549.154 -430.863
550.622 -430.034
552.089 -429.206
553.557 -428.377
555.024 -427.549
556.492 -426.72
557.959 -425.892
559.427 -425.064
560.895 -424.235
562.362 -423.407
563.83 -422.578
565.298 -421.75
566.765 -420.922
568.233 -420.093
569.701 -419.265
571.169 -418.437
572.636 -417.608
574.104 -416.78
575.572 -415.952
577.04 -415.124
578.508 -414.296
579.976 -413.467
581.444 -412.639
582.912 -411.811
584.38 -410.983
585.848 -410.155
587.316 -409.326
588.784 -408.498
590.252 -407.67
591.72 -406.842
593.188 -406.014
594.657 -405.186
596.125 -404.358
597.593 -403.53
599.061 -402.702
600.53 -401.874
601.998 -401.046
603.466 -400.218
604.935 -399.39
606.403 -398.562
607.872 -397.734
609.34 -396.906
610.809 -396.079
612.277 -395.251
613.746 -394.423
615.214 -393.595
616.683 -392.767
618.152 -391.94
619.62 -391.112
621.089 -390.284
622.558 -389.457
624.027 -388.629
625.496 -387.801
626.964 -386.974
628.433 -386.146
629.902 -385.318
631.371 -384.491
632.84 -383.663
634.309 -382.836
635.779 -382.008
637.248 -381.181
638.717 -380.353
640.186 -379.526
641.655 -378.699
643.125 -377.871
644.594 -377.044
646.063 -376.216
647.533 -375.389
649.002 -374.562
650.472 -373.735
651.941 -372.907
653.411 -372.08
654.881 -371.253
656.35 -370.426
657.82 -369.599
659.29 -368.772
660.76 -367.945
662.23 -367.118
663.7 -366.291
665.17 -365.464
666.64 -364.637
668.11 -363.81
669.58 -362.983
671.05 -362.156
672.52 -361.329
673.99 -360.503
675.461 -359.676
676.931 -358.849
678.402 -358.022
679.872 -357.196
681.343 -356.369
682.813 -355.542
684.284 -354.716
685.755 -353.889
687.225 -353.063
688.696 -352.236
690.167 -351.41
691.638 -350.584
693.109 -349.757
694.58 -348.931
696.051 -348.105
697.522 -347.279
698.994 -346.452
700.465 -345.626
701.936 -344.8
703.408 -343.974
704.879 -343.148
706.351 -342.322
707.823 -341.496
709.294 -340.67
710.766 -339.844
712.238 -339.018
713.71 -338.193
715.182 -337.367
716.654 -336.541
718.126 -335.716
719.598 -334.89
721.071 -334.064
722.543 -333.239
724.015 -332.413
725.488 -331.588
726.96 -330.763
728.433 -329.937
729.906 -329.112
731.379 -328.287
732.852 -327.462
734.325 -326.637
735.798 -325.811
737.271 -324.986
738.744 -324.161
740.217 -323.337
741.691 -322.512
743.164 -321.687
744.638 -320.862
746.112 -320.037
747.586 -319.213
749.059 -318.388
750.533 -317.564
752.008 -316.739
753.482 -315.915
754.956 -315.091
756.43 -314.266
757.905 -313.442
759.379 -312.618
760.854 -311.794
762.329 -310.97
763.804 -310.146
765.279 -309.322
766.754 -308.498
768.229 -307.674
769.704 -306.851
771.18 -306.027
772.655 -305.203
774.131 -304.38
775.607 -303.556
777.083 -302.733
778.559 -301.91
780.035 -301.087
781.511 -300.263
782.987 -299.44
784.464 -298.617
785.941 -297.795
787.417 -296.972
788.894 -296.149
790.371 -295.326
791.848 -294.504
793.326 -293.681
794.803 -292.859
796.28 -292.036
797.758 -291.214
799.236 -290.392
800.714 -289.57
802.192 -288.748
803.67 -287.926
805.149 -287.104
806.627 -286.283
808.106 -285.461
809.585 -284.639
811.063 -283.818
812.543 -282.997
814.022 -282.175
815.501 -281.354
816.981 -280.533
818.461 -279.712
819.941 -278.891
821.421 -278.071
822.901 -277.25
824.381 -276.429
825.862 -275.609
827.343 -274.789
828.824 -273.968
830.305 -273.148
831.786 -272.328
833.267 -271.508
834.749 -270.689
836.231 -269.869
837.713 -269.049
839.195 -268.23
840.677 -267.411
842.16 -266.592
843.643 -265.772
845.126 -264.954
846.609 -264.135
848.092 -263.316
849.576 -262.497
851.06 -261.679
852.544 -260.861
854.028 -260.043
855.512 -259.225
856.997 -258.407
858.482 -257.589
859.967 -256.771
861.452 -255.954
862.938 -255.137
864.423 -254.319
865.909 -253.502
867.396 -252.686
868.882 -251.869
870.369 -251.052
871.856 -250.236
873.343 -249.42
874.83 -248.603
876.318 -247.788
877.806 -246.972
879.294 -246.156
880.783 -245.341
882.271 -244.525
883.76 -243.71
885.25 -242.895
886.739 -242.081
888.229 -241.266
889.719 -240.452
891.209 -239.637
892.7 -238.823
894.191 -238.009
895.682 -237.196
897.174 -236.382
898.666 -235.569
900.158 -234.756
901.65 -233.943
903.143 -233.13
904.636 -232.318
906.129 -231.506
907.623 -230.693
909.117 -229.882
910.611 -229.07
912.106 -228.258
913.601 -227.447
915.096 -226.636
916.592 -225.825
918.088 -225.015
919.585 -224.205
921.081 -223.394
922.579 -222.585
924.076 -221.775
925.574 -220.966
927.072 -220.156
928.571 -219.348
930.07 -218.539
931.569 -217.73
933.069 -216.922
934.569 -216.114
936.069 -215.307
937.57 -214.499
939.072 -213.692
940.573 -212.886
942.076 -212.079
943.578 -211.273
945.081 -210.467
946.585 -209.661
948.089 -208.856
949.593 -208.051
951.098 -207.246
952.603 -206.441
954.108 -205.637
955.615 -204.833
957.121 -204.03
958.628 -203.226
960.136 -202.423
961.644 -201.621
963.152 -200.818
964.661 -200.016
966.171 -199.215
967.681 -198.414
969.191 -197.613
970.702 -196.812
972.214 -196.012
973.726 -195.212
975.239 -194.412
976.752 -193.613
978.266 -192.814
979.78 -192.016
981.295 -191.218
982.81 -190.42
984.326 -189.623
985.842 -188.826
987.36 -188.03
988.877 -187.234
990.396 -186.438
991.914 -185.643
993.434 -184.848
994.954 -184.054
996.475 -183.26
997.996 -182.467
999.518 -181.674
1001.04 -180.881
1002.56 -180.089
1004.09 -179.297
1005.61 -178.506
1007.14 -177.715
1008.66 -176.925
1010.19 -176.135
1011.72 -175.346
1013.25 -174.557
1014.78 -173.769
1016.3 -172.981
1017.84 -172.194
1019.37 -171.407
1020.9 -170.621
1022.43 -169.836
1023.96 -169.051
1025.5 -168.266
1027.03 -167.482
1028.57 -166.699
1030.1 -165.916
1031.64 -165.134
1033.18 -164.352
1034.72 -163.571
1036.26 -162.791
1037.8 -162.011
1039.34 -161.232
1040.88 -160.454
1042.43 -159.676
1043.97 -158.898
1045.51 -158.122
1047.06 -157.346
1048.61 -156.571
1050.15 -155.796
1051.7 -155.022
1053.25 -154.249
1054.8 -153.477
1056.35 -152.705
1057.91 -151.934
1059.46 -151.164
1061.01 -150.395
1062.57 -149.626
1064.13 -148.858
1065.68 -148.091
1067.24 -147.325
1068.8 -146.559
1070.36 -145.794
1071.92 -145.03
1073.49 -144.267
1075.05 -143.505
1076.61 -142.744
1078.18 -141.983
1079.75 -141.224
1081.32 -140.465
1082.88 -139.707
1084.46 -138.951
1086.03 -138.195
1087.6 -137.44
1089.17 -136.686
1090.75 -135.933
1092.33 -135.181
1093.9 -134.43
1095.48 -133.68
1097.06 -132.931
1098.64 -132.183
1100.23 -131.436
1101.81 -130.69
1103.4 -129.946
1104.98 -129.202
1106.57 -128.459
1108.16 -127.718
1109.75 -126.978
1111.34 -126.239
1112.94 -125.501
1114.53 -124.765
1116.13 -124.029
1117.73 -123.295
1119.33 -122.562
1120.93 -121.83
1122.53 -121.1
1124.13 -120.371
1125.74 -119.643
1127.35 -118.917
1128.95 -118.192
1130.56 -117.468
1132.18 -116.746
1133.79 -116.025
1135.4 -115.306
1137.02 -114.588
1138.64 -113.871
1140.26 -113.156
1141.88 -112.443
1143.5 -111.731
1145.13 -111.021
1146.75 -110.312
1148.38 -109.605
1150.01 -108.899
1151.64 -108.195
1153.28 -107.493
1154.91 -106.793
1156.55 -106.094
1158.19 -105.397
1159.83 -104.702
1161.47 -104.009
1163.12 -103.317
1164.76 -102.627
1166.41 -101.94
1168.06 -101.254
1169.71 -100.57
1171.37 -99.8878
1173.02 -99.2078
1174.68 -98.5298
1176.34 -97.8539
1178 -97.1801
1179.67 -96.5084
1181.33 -95.8388
1183 -95.1714
1184.67 -94.5061
1186.35 -93.8432
1188.02 -93.1824
1189.7 -92.524
1191.38 -91.868
1193.06 -91.2142
1194.74 -90.5629
1196.43 -89.914
1198.11 -89.2676
1199.8 -88.6237
1201.5 -87.9823
1203.19 -87.3435
1204.89 -86.7073
1206.59 -86.0737
1208.29 -85.4429
1209.99 -84.8147
1211.7 -84.1893
1213.41 -83.5668
1215.12 -82.947
1216.83 -82.3301
1218.55 -81.7162
1220.27 -81.1052
1221.99 -80.4972
1223.71 -79.8923
1225.44 -79.2905
1227.16 -78.6917
1228.89 -78.0962
1230.63 -77.5039
1232.36 -76.9148
1234.1 -76.3291
1235.84 -75.7467
1237.58 -75.1677
1239.33 -74.5921
1241.08 -74.0201
1242.83 -73.4516
1244.58 -72.8866
1246.34 -72.3254
1248.1 -71.7678
1249.86 -71.2139
1251.62 -70.6638
1253.39 -70.1176
1255.16 -69.5753
1256.93 -69.0369
1258.71 -68.5024
1260.48 -67.9721
1262.26 -67.4458
1264.05 -66.9237
1265.83 -66.4058
1267.62 -65.8922
1269.41 -65.3828
1271.2 -64.8779
1273 -64.3773
1274.8 -63.8813
1276.6 -63.3898
1278.4 -62.9028
1280.21 -62.4206
1282.02 -61.943
1283.83 -61.4702
1285.65 -61.0023
1287.47 -60.5392
1289.29 -60.081
1291.11 -59.6279
1292.93 -59.1798
1294.76 -58.7368
1296.59 -58.299
1298.43 -57.8665
1300.26 -57.4392
1302.1 -57.0173
1303.94 -56.6008
1305.79 -56.1898
1307.64 -55.7843
1309.49 -55.3845
1311.34 -54.9902
1313.19 -54.6017
1315.05 -54.219
1316.91 -53.8421
1318.77 -53.4711
1320.63 -53.106
1322.5 -52.747
1324.37 -52.394
1326.24 -52.0471
1328.12 -51.7065
1329.99 -51.3721
1331.87 -51.044
1333.75 -50.7222
1335.64 -50.4069
1337.52 -50.098
1339.41 -49.7957
1341.3 -49.4999
1343.19 -49.2108
1345.08 -48.9283
1346.98 -48.6526
1348.88 -48.3838
1350.78 -48.1217
1352.68 -47.8666
1354.58 -47.6184
1356.49 -47.3771
1358.4 -47.143
1360.31 -46.9159
1362.22 -46.696
1364.13 -46.4832
1366.04 -46.2777
1367.96 -46.0794
1369.88 -45.8884
1371.79 -45.7048
1373.71 -45.5286
1375.64 -45.3598
1377.56 -45.1985
1379.48 -45.0446
1381.41 -44.8983
1383.33 -44.7596
1385.26 -44.6284
1387.19 -44.5049
1389.12 -44.389
1391.05 -44.2808
1392.98 -44.1803
1394.91 -44.0875
1396.85 -44.0025
1398.78 -43.9252
1400.71 -43.8558
1402.65 -43.7941
1404.58 -43.7402
1406.52 -43.6941
1408.45 -43.6559
1410.39 -43.6256
1412.33 -43.6031
1414.26 -43.5884
1416.2 -43.5816
1418.14 -43.5827
1420.07 -43.5917
1422.01 -43.6085
1423.95 -43.6332
1425.88 -43.6657
1427.82 -43.7061
1429.75 -43.7544
1431.69 -43.8104
1433.62 -43.8743
1435.56 -43.946
1437.49 -44.0255
1439.42 -44.1128
1441.36 -44.2079
1443.29 -44.3106
1445.22 -44.4211
1447.15 -44.5393
1449.08 -44.6652
1451 -44.7987
1452.93 -44.9398
1454.86 -45.0885
1456.78 -45.2448
1458.7 -45.4085
1460.62 -45.5798
1462.54 -45.7585
1464.46 -45.9446
1466.38 -46.1381
1468.3 -46.339
1470.21 -46.5471
1472.12 -46.7625
1474.04 -46.9851
1475.94 -47.2148
1477.85 -47.4517
1479.76 -47.6957
1481.66 -47.9467
1483.56 -48.2046
1485.46 -48.4695
1487.36 -48.7413
1489.26 -49.0199
1491.15 -49.3053
1493.05 -49.5974
1494.94 -49.8962
1496.82 -50.2016
1498.71 -50.5135
1500.59 -50.832
1502.47 -51.1569
1504.35 -51.4882
1506.23 -51.8258
1508.1 -52.1698
1509.97 -52.5199
1511.84 -52.8762
1513.71 -53.2386
1515.58 -53.6071
1517.44 -53.9815
1519.3 -54.3619
1521.15 -54.7481
1523.01 -55.1402
1524.86 -55.538
1526.71 -55.9415
1528.56 -56.3506
1530.4 -56.7653
1532.24 -57.1855
1534.08 -57.6111
1535.92 -58.0421
1537.75 -58.4785
1539.58 -58.9201
1541.41 -59.367
1543.24 -59.8189
1545.06 -60.276
1546.88 -60.7381
1548.7 -61.2052
1550.51 -61.6771
1552.32 -62.154
1554.13 -62.6356
1555.94 -63.122
1557.74 -63.613
1559.54 -64.1087
1561.34 -64.6089
1563.14 -65.1136
1564.93 -65.6228
1566.72 -66.1364
1568.51 -66.6543
1570.29 -67.1765
1572.08 -67.7029
1573.86 -68.2335
1575.63 -68.7682
1577.41 -69.307
1579.18 -69.8498
1580.95 -70.3965
1582.71 -70.9472
1584.48 -71.5017
1586.24 -72.06
1588 -72.6221
1589.75 -73.1879
1591.5 -73.7573
1593.25 -74.3304
1595 -74.907
1596.75 -74.3348
1598.5 -73.766
1600.25 -73.2009
1602.01 -72.6394
1603.76 -72.0815
1605.52 -71.5274
1607.29 -70.977
1609.05 -70.4304
1610.82 -69.8877
1612.59 -69.3489
1614.37 -68.8141
1616.14 -68.2833
1617.92 -67.7566
1619.7 -67.234
1621.49 -66.7156
1623.27 -66.2014
1625.06 -65.6915
1626.86 -65.1859
1628.65 -64.6848
1630.45 -64.1881
1632.25 -63.6959
1634.05 -63.2083
1635.86 -62.7253
1637.67 -62.247
1639.48 -61.7734
1641.29 -61.3046
1643.11 -60.8406
1644.93 -60.3816
1646.75 -59.9276
1648.57 -59.4785
1650.4 -59.0346
1652.23 -58.5958
1654.06 -58.1622
1655.9 -57.7338
1657.74 -57.3108
1659.58 -56.8932
1661.42 -56.481
1663.27 -56.0743
1665.11 -55.6732
1666.96 -55.2777
1668.82 -54.8878
1670.67 -54.5038
1672.53 -54.1255
1674.39 -53.753
1676.26 -53.3865
1678.12 -53.0259
1679.99 -52.6714
1681.86 -52.323
1683.73 -51.9807
1685.61 -51.6447
1687.48 -51.3149
1689.36 -50.9914
1691.25 -50.6743
1693.13 -50.3636
1695.02 -50.0594
1696.91 -49.7618
1698.8 -49.4707
1700.69 -49.1863
1702.58 -48.9086
1704.48 -48.6377
1706.38 -48.3736
1708.28 -48.1163
1710.18 -47.8659
1712.09 -47.6225
1713.99 -47.3861
1715.9 -47.1568
1717.81 -46.9345
1719.72 -46.7194
1721.63 -46.5115
1723.55 -46.3108
1725.47 -46.1174
1727.38 -45.9313
1729.3 -45.7525
1731.22 -45.5811
1733.14 -45.4172
1735.07 -45.2607
1736.99 -45.1117
1738.92 -44.9702
1740.84 -44.8363
1742.77 -44.71
1744.7 -44.5913
1746.63 -44.4802
1748.56 -44.3768
1750.49 -44.2811
1752.42 -44.1931
1754.35 -44.1129
1756.29 -44.0403
1758.22 -43.9756
1760.15 -43.9186
1762.09 -43.8695
1764.02 -43.8281
1765.96 -43.7946
1767.89 -43.7688
1769.83 -43.751
1771.77 -43.7409
1773.7 -43.7387
1775.64 -43.7445
1777.57 -43.758
1779.51 -43.7795
1781.45 -43.8088
1783.38 -43.8459
1785.32 -43.8908
1787.25 -43.9435
1789.18 -44.0041
1791.12 -44.0724
1793.05 -44.1485
1794.98 -44.2324
1796.92 -44.324
1798.85 -44.4233
1800.78 -44.5304
1802.71 -44.6451
1804.63 -44.7675
1806.56 -44.8975
1808.49 -45.0351
1810.41 -45.1803
1812.34 -45.333
1814.26 -45.4932
1816.18 -45.6609
1818.1 -45.8361
1820.02 -46.0186
1821.94 -46.2086
1823.86 -46.4058
1825.77 -46.6104
1827.68 -46.8222
1829.59 -47.0412
1831.5 -47.2674
1833.41 -47.5007
1835.32 -47.7411
1837.22 -47.9885
1839.13 -48.2428
1841.03 -48.5042
1842.92 -48.7724
1844.82 -49.0474
1846.72 -49.3292
1848.61 -49.6177
1850.5 -49.9129
1852.39 -50.2148
1854.27 -50.5232
1856.16 -50.8381
1858.04 -51.1595
1859.92 -51.4872
1861.8 -51.8214
1863.67 -52.1618
1865.54 -52.5084
1867.41 -52.8612
1869.28 -53.2201
1871.15 -53.5851
1873.01 -53.9561
1874.87 -54.333
1876.73 -54.7159
1878.58 -55.1045
1880.44 -55.4989
1882.29 -55.899
1884.13 -56.3047
1885.98 -56.716
1887.82 -57.1328
1889.66 -57.5551
1891.5 -57.9828
1893.33 -58.4159
1895.16 -58.8542
1896.99 -59.2978
1898.82 -59.7465
1900.64 -60.2003
1902.47 -60.6592
1904.28 -61.123
1906.1 -61.5918
1907.91 -62.0655
1909.72 -62.5439
1911.53 -63.0272
1913.34 -63.5151
1915.14 -64.0076
1916.94 -64.5048
1918.74 -65.0064
1920.53 -64.51
1922.33 -64.018
1924.13 -63.5306
1925.94 -63.0478
1927.75 -62.5697
1929.56 -62.0962
1931.37 -61.6275
1933.19 -61.1636
1935 -60.7047
1936.83 -60.2506
1938.65 -59.8015
1940.47 -59.3575
1942.3 -58.9187
1944.14 -58.4849
1945.97 -58.0565
1947.81 -57.6333
1949.65 -57.2154
1951.49 -56.803
1953.33 -56.396
1955.18 -55.9945
1957.03 -55.5987
1958.88 -55.2084
1960.73 -54.8239
1962.59 -54.4451
1964.45 -54.0722
1966.31 -53.7051
1968.18 -53.344
1970.04 -52.9888
1971.91 -52.6397
1973.78 -52.2968
1975.66 -51.9599
1977.53 -51.6293
1979.41 -51.305
1981.29 -50.9871
1983.18 -50.6755
1985.06 -50.3703
1986.95 -50.0717
1988.84 -49.7796
1990.73 -49.4941
1992.62 -49.2153
1994.52 -48.9432
1996.42 -48.6779
1998.31 -48.4193
2000.22 -48.1677
2002.12 -47.9229
2004.02 -47.6851
2005.93 -47.4544
2007.84 -47.2306
2009.75 -47.014
2011.66 -46.8045
2013.57 -46.6022
2015.49 -46.4071
2017.4 -46.2193
2019.32 -46.0388
2021.24 -45.8656
2023.16 -45.6998
2025.08 -45.5415
2027.01 -45.3905
2028.93 -45.2471
2030.86 -45.1112
2032.78 -44.9828
2034.71 -44.862
2036.64 -44.7487
2038.57 -44.6431
2040.5 -44.5452
2042.43 -44.4549
2044.36 -44.3723
2046.29 -44.2974
2048.22 -44.2303
2050.16 -44.1709
2052.09 -44.1192
2054.02 -44.0753
2055.96 -44.0392
2057.89 -44.0109
2059.83 -43.9904
2061.76 -43.9776
2063.7 -43.9727
2065.63 -43.9756
2067.57 -43.9863
2069.5 -44.0049
2071.44 -44.0312
2073.37 -44.0654
2075.31 -44.1073
2077.24 -44.157
2079.17 -44.2145
2081.11 -44.2797
2083.04 -44.3527
2084.97 -44.4334
2086.9 -44.5218
2088.83 -44.6179
2090.76 -44.7217
2092.69 -44.8332
2094.62 -44.9522
2096.54 -45.0789
2098.47 -45.2132
2100.4 -45.355
2102.32 -45.5043
2104.24 -45.6611
2106.16 -45.8254
2108.08 -45.9971
2110 -46.1762
2111.92 -46.3626
2113.83 -46.5564
2115.75 -46.7574
2117.66 -46.9656
2119.57 -47.1811
2121.48 -47.4037
2123.39 -47.6334
2125.3 -47.8702
2127.2 -48.114
2129.1 -48.3647
2131 -48.6224
2132.9 -48.8869
2134.8 -49.1583
2136.69 -49.4365
2138.59 -49.7213
2140.48 -50.0129
2142.37 -50.311
2144.25 -50.6157
2146.14 -50.927
2148.02 -51.2446
2149.9 -51.5687
2151.78 -51.8992
2153.65 -52.2359
2155.52 -52.5788
2157.39 -52.9279
2159.26 -53.2832
2161.13 -53.6445
2162.99 -54.0118
2164.85 -54.385
2166.71 -54.7641
2168.57 -55.1491
2170.42 -55.5398
2172.27 -55.9362
2174.12 -56.3383
2175.97 -56.7459
2177.81 -57.1591
2179.65 -57.5778
2181.49 -58.0019
2183.32 -58.4313
2185.16 -58.866
2186.99 -59.3059
2188.81 -59.7511
2190.64 -60.2013
2192.46 -60.6566
2194.28 -61.1169
2196.1 -61.5821
2197.91 -62.0522
2199.72 -62.5271
2201.53 -63.0068
2203.34 -63.4912
2205.14 -63.9803
2206.94 -64.4739
2208.74 -64.9721
2210.54 -64.4792
2212.34 -63.9907
2214.14 -63.5068
2215.95 -63.0275
2217.76 -62.5529
2219.57 -62.0829
2221.38 -61.6178
2223.2 -61.1575
2225.02 -60.7021
2226.84 -60.2516
2228.66 -59.8061
2230.49 -59.3658
2232.32 -58.9305
2234.15 -58.5004
2235.99 -58.0755
2237.82 -57.656
2239.66 -57.2418
2241.51 -56.833
2243.35 -56.4297
2245.2 -56.0319
2247.05 -55.6397
2248.9 -55.2531
2250.76 -54.8723
2252.62 -54.4972
2254.48 -54.128
2256.34 -53.7646
2258.2 -53.4072
2260.07 -53.0557
2261.94 -52.7103
2263.81 -52.3711
2265.69 -52.0379
2267.56 -51.7111
2269.44 -51.3905
2271.32 -51.0762
2273.21 -50.7683
2275.09 -50.4669
2276.98 -50.1719
2278.87 -49.8835
2280.76 -49.6017
2282.65 -49.3266
2284.55 -49.0582
2286.45 -48.7965
2288.34 -48.5416
2290.25 -48.2936
2292.15 -48.0525
2294.05 -47.8183
2295.96 -47.5912
2297.87 -47.3711
2299.78 -47.158
2301.69 -46.9521
2303.6 -46.7533
2305.52 -46.5618
2307.43 -46.3775
2309.35 -46.2005
2311.27 -46.0308
2313.19 -45.8685
2315.11 -45.7136
2317.03 -45.5661
2318.96 -45.4261
2320.88 -45.2935
2322.81 -45.1685
2324.73 -45.051
2326.66 -44.9411
2328.59 -44.8388
2330.52 -44.7441
2332.45 -44.6571
2334.38 -44.5777
2336.31 -44.506
2338.24 -44.442
2340.18 -44.3857
2342.11 -44.3371
2344.04 -44.2962
2345.97 -44.2631
2347.91 -44.2378
2349.84 -44.2202
2351.78 -44.2104
2353.71 -44.2083
2355.64 -44.2141
2357.58 -44.2276
2359.51 -44.2488
2361.45 -44.2779
2363.38 -44.3147
2365.31 -44.3592
2367.25 -44.4115
2369.18 -44.4715
2371.11 -44.5392
2373.04 -44.6146
2374.97 -44.6978
2376.9 -44.7886
2378.83 -44.887
2380.76 -44.9931
2382.69 -45.1067
2384.61 -45.228
2386.54 -45.3568
2388.46 -45.4932
2390.39 -45.6371
2392.31 -45.7884
2394.23 -45.9472
2396.15 -46.1134
2398.07 -46.287
2399.99 -46.4679
2401.9 -46.6561
2403.82 -46.8516
2405.73 -47.0543
2407.64 -47.2642
2409.55 -47.4813
2411.46 -47.7054
2413.37 -47.9366
2415.27 -48.1749
2417.18 -48.4201
2419.08 -48.6722
2420.98 -48.9312
2422.87 -49.1971
2424.77 -49.4697
2426.66 -49.749
2428.55 -50.0351
2430.44 -50.3277
2432.33 -50.6269
2434.21 -50.9327
2436.1 -51.2449
2437.98 -51.5635
2439.86 -51.8885
2441.73 -52.2198
2443.61 -52.5573
2445.48 -52.901
2447.35 -53.2509
2449.22 -53.6068
2451.08 -53.9687
2452.94 -54.3366
2454.8 -54.7104
2456.66 -55.0901
2458.51 -55.4755
2460.37 -55.8667
2462.22 -56.2635
2464.06 -56.666
2465.91 -57.074
2467.75 -57.4875
2469.59 -57.9064
2471.43 -58.3307
2473.26 -58.7604
2475.09 -59.1952
2476.92 -59.6353
2478.75 -60.0805
2480.57 -60.5308
2482.39 -60.9862
2484.21 -61.4465
2486.03 -61.9117
2487.84 -62.3817
2489.65 -62.8565
2491.46 -63.3361
2493.26 -63.8204
2495.07 -64.3093
2496.87 -64.8027
2498.66 -65.3007
2500.46 -65.8031
2502.25 -66.3099
2504.04 -66.821
2505.82 -67.3365
2507.61 -67.8562
2509.39 -68.38
2511.17 -68.908
2512.94 -69.4401
2514.72 -69.9762
2516.49 -70.5162
2518.25 -71.0602
2520.02 -71.608
2521.78 -72.1597
2523.54 -72.7151
2525.3 -73.2743
2527.05 -73.8371
2528.8 -74.4036
2530.55 -74.9736
2532.3 -75.5471
2534.05 -76.1241
2535.79 -76.7045
2537.53 -77.2884
2539.26 -77.8755
2541 -78.466
2542.73 -79.0597
2544.46 -79.6566
2546.19 -80.2566
2547.91 -80.8598
2549.63 -81.4661
2551.35 -82.0754
2553.07 -82.6876
2554.78 -83.3029
2556.49 -83.921
2558.2 -84.542
2559.91 -85.1658
2561.62 -85.7924
2563.32 -86.4218
2565.02 -87.0538
2566.72 -87.6886
2568.41 -88.326
2570.11 -88.9659
2571.8 -89.6085
2573.49 -90.2535
2575.17 -90.9011
2576.86 -91.5511
2578.54 -92.2036
2580.22 -92.8584
2581.9 -93.5156
2583.57 -94.1751
2585.25 -94.8369
2586.92 -95.5009
2588.59 -96.1672
2590.26 -96.8356
2591.92 -97.5063
2593.58 -98.179
2595.25 -98.8539
2596.9 -99.5308
2598.56 -100.21
2600.22 -100.891
2601.87 -101.574
2603.52 -102.259
2605.17 -102.946
2606.82 -103.634
2608.46 -104.325
2610.11 -105.017
2611.75 -105.712
2613.39 -106.408
2615.03 -107.106
2616.66 -107.805
2618.3 -108.507
2619.93 -109.21
2621.56 -109.914
2623.19 -110.621
2624.82 -111.329
2626.44 -112.038
2628.07 -112.75
2629.69 -113.462
2631.31 -114.177
2632.93 -114.893
2634.55 -115.61
2636.16 -116.329
2637.78 -117.049
2639.39 -117.771
2641 -118.494
2642.61 -119.218
2644.22 -119.944
2645.82 -120.671
2647.43 -121.4
2649.03 -122.13
2650.63 -122.861
2652.23 -123.593
2653.83 -124.327
2655.43 -125.062
2657.02 -125.798
2658.62 -126.535
2660.21 -127.274
2661.8 -128.014
2663.39 -128.755
2664.98 -129.497
2666.57 -130.24
2668.16 -130.984
2669.74 -131.73
2671.32 -132.476
2672.91 -133.224
2674.49 -133.973
2676.07 -134.722
2677.64 -135.473
2679.22 -136.225
2680.8 -136.977
2682.37 -137.731
2683.95 -138.486
2685.52 -139.242
2687.09 -139.998
2688.66 -140.756
2690.23 -141.514
2691.8 -142.273
2693.36 -143.034
2694.93 -143.795
2696.49 -144.557
2698.05 -145.32
2699.62 -146.083
2701.18 -146.848
2702.74 -147.613
2704.3 -148.379
2705.85 -149.146
2707.41 -149.914
2708.97 -150.683
2710.52 -151.452
2712.08 -152.222
2713.63 -152.993
2715.18 -153.765
2716.73 -154.537
2718.28 -155.31
2719.83 -156.084
2721.38 -156.858
2722.92 -157.633
2724.47 -158.409
2726.02 -159.186
2727.56 -159.963
2729.1 -160.741
2730.65 -161.519
2732.19 -162.298
2733.73 -163.078
2735.27 -163.858
2736.81 -164.639
2738.35 -165.421
2739.88 -166.203
2741.42 -166.986
2742.96 -167.769
2744.49 -168.553
2746.03 -169.338
2747.56 -170.123
2749.09 -170.909
2750.62 -171.695
2752.16 -172.481
2753.69 -173.269
2755.22 -174.057
2756.74 -174.845
2758.27 -175.634
2759.8 -176.423
2761.33 -177.213
2762.85 -178.003
2764.38 -178.794
2765.9 -179.585
2767.43 -180.377
2768.95 -181.169
2770.47 -181.962
2772 -182.755
2773.52 -183.548
2775.04 -184.342
2776.56 -185.137
2778.08 -185.932
2779.6 -186.727
2781.12 -187.523
2782.64 -188.319
2784.15 -189.116
2785.67 -189.912
2787.19 -190.71
2788.7 -191.508
2790.22 -192.306
2791.73 -193.104
2793.24 -193.903
2794.76 -194.703
2796.27 -195.502
2797.78 -196.302
2799.29 -197.103
2800.8 -197.903
2802.32 -198.704
2803.83 -199.506
2805.34 -200.308
2806.84 -201.11
2808.35 -201.912
2809.86 -202.715
2811.37 -203.518
2812.88 -204.322
2814.38 -205.126
2815.89 -205.93
2817.39 -206.734
2818.9 -207.539
2820.4 -208.344
2821.91 -209.149
2823.41 -209.955
2824.92 -210.761
2826.42 -211.567
2827.92 -212.373
2829.42 -213.18
2830.93 -213.987
2832.43 -214.794
2833.93 -215.602
2835.43 -216.41
2836.93 -217.218
2838.43 -218.026
2839.93 -218.835
2841.43 -219.644
2842.93 -220.453
2844.42 -221.262
2845.92 -222.072
2847.42 -222.882
2848.92 -223.692
2850.41 -224.502
2851.91 -225.313
2853.41 -226.123
2854.9 -226.934
2856.4 -227.746
2857.89 -228.557
2859.39 -229.369
2860.88 -230.181
2862.37 -230.993
2863.87 -231.805
2865.36 -232.618
2866.85 -233.431
2868.35 -234.243
2869.84 -235.057
2871.33 -235.87
2872.82 -236.684
2874.32 -237.497
2875.81 -238.311
2877.3 -239.125
2878.79 -239.94
2880.28 -240.754
2881.77 -241.569
2883.26 -242.384
2884.75 -243.199
2886.24 -244.014
2887.73 -244.829
2889.21 -245.645
2890.7 -246.461
2892.19 -247.276
2893.68 -248.093
2895.17 -248.909
2896.65 -249.725
2898.14 -250.542
2899.63 -251.358
2901.11 -252.175
2902.6 -252.992
2904.09 -253.809
2905.57 -254.627
2907.06 -255.444
2908.54 -256.262
2910.03 -257.08
2911.51 -257.897
2913 -258.715
2914.48 -259.534
2915.97 -260.352
2917.45 -261.17
2918.94 -261.989
2920.42 -262.808
2921.9 -263.627
2923.39 -264.446
2924.87 -265.265
2926.35 -266.084
2927.84 -266.903
2929.32 -267.723
2930.8 -268.542
2932.28 -269.362
2933.76 -270.182
2935.25 -271.002
2936.73 -271.822
2938.21 -272.642
2939.69 -273.462
2941.17 -274.283
2942.65 -275.103
2944.13 -275.924
2945.61 -276.745
2947.09 -277.566
2948.57 -278.387
2950.05 -279.208
2951.53 -280.029
2953.01 -280.85
2954.49 -281.671
2955.97 -282.493
2957.45 -283.315
2958.93 -284.136
2960.41 -284.958
2961.89 -285.78
2963.37 -286.602
2964.84 -287.424
2966.32 -288.246
2967.8 -289.068
2969.28 -289.891
2970.76 -290.713
2972.23 -291.535
2973.71 -292.358
2975.19 -293.181
2976.67 -294.003
2978.14 -294.826
2979.62 -295.649
2981.1 -296.472
2982.57 -297.295
2984.05 -298.118
2985.53 -298.942
2987 -299.765
2988.48 -300.588
2989.96 -301.412
2991.43 -302.235
2992.91 -303.059
2994.38 -303.883
2995.86 -304.706
2997.33 -305.53
2998.81 -306.354
3000.29 -307.178
3001.76 -308.002
3003.24 -308.826
3004.71 -309.65
3006.19 -310.475
3007.66 -311.299
3009.13 -312.123
3010.61 -312.948
3012.08 -313.772
3013.56 -314.597
3015.03 -315.421
3016.51 -316.246
3017.98 -317.071
3019.45 -317.896
3020.93 -318.72
3022.4 -319.545
3023.88 -320.37
3025.35 -321.195
3026.82 -322.021
3028.3 -322.846
3029.77 -323.671
3031.24 -324.496
3032.72 -325.321
3034.19 -326.147
3035.66 -326.972
3037.13 -327.798
3038.61 -328.623
3040.08 -329.449
3041.55 -330.274
3043.02 -331.1
3044.5 -331.926
3045.97 -332.751
3047.44 -333.577
3048.91 -334.403
3050.39 -335.229
3051.86 -336.055
3053.33 -336.881
3054.8 -337.707
3056.27 -338.533
3057.75 -339.359
3059.22 -340.185
3060.69 -341.012
3062.16 -341.838
3063.63 -342.664
3065.1 -343.491
3066.57 -344.317
3068.05 -345.143
3069.52 -345.97
3070.99 -346.796
3072.46 -347.623
3073.93 -348.449
3075.4 -349.276
3076.87 -350.103
3078.34 -350.929
3079.81 -351.756
3081.28 -352.583
3082.76 -353.41
3084.23 -354.237
3085.7 -355.063
3087.17 -355.89
3088.64 -356.717
3090.11 -357.544
3091.58 -358.371
3093.05 -359.198
3094.52 -360.025
3095.99 -360.853
3097.46 -361.68
3098.93 -362.507
3100.4 -363.334
3101.87 -364.161
3103.34 -364.989
3104.81 -365.816
3106.28 -366.643
3107.75 -367.471
3109.22 -368.298
3110.69 -369.125
3112.16 -369.953
3113.63 -370.78
3115.1 -371.608
3116.57 -372.435
3118.03 -373.263
3119.5 -374.09
3120.97 -374.918
3122.44 -375.746
3123.91 -376.573
3125.38 -377.401
3126.85 -378.229
3128.32 -379.056
3129.79 -379.884
3131.26 -380.712
3132.73 -381.54
3134.2 -382.368
3135.66 -383.195
3137.13 -384.023
3138.6 -384.851
3140.07 -385.679
3141.54 -386.507
3143.01 -387.335
3144.48 -388.163
3145.95 -388.991
3147.41 -389.819
3148.88 -390.647
3150.35 -391.475
3151.82 -392.303
3153.29 -393.131
3154.76 -393.96
3156.23 -394.788
3157.69 -395.616
3159.16 -396.444
3160.63 -397.272
3162.1 -398.1
3163.57 -398.929
3165.04 -399.757
3166.5 -400.585
3167.97 -401.414
3169.44 -402.242
3170.91 -403.07
3172.38 -403.899
3173.84 -404.727
3175.31 -405.555
3176.78 -406.384
3178.25 -407.212
3179.72 -408.041
3181.18 -408.869
3182.65 -409.698
3184.12 -410.526
3185.59 -411.355
3187.06 -412.183
3188.52 -413.012
3189.99 -413.84
3191.46 -414.669
3192.93 -415.497
3194.39 -416.326
3195.86 -417.155
3197.33 -417.983
3198.8 -418.812
3200.26 -419.641
3201.73 -420.469
3203.2 -421.298
3204.67 -422.127
3206.13 -422.955
3207.6 -423.784
3209.07 -424.613
3210.54 -425.442
3212 -426.27
3213.47 -427.099
3214.94 -427.928
3216.41 -428.757
3217.87 -429.586
3219.34 -430.414
3220.81 -431.243
3222.28 -432.072
3223.74 -432.901
3225.21 -433.73
3226.68 -434.559
3228.15 -435.388
3229.61 -436.216
3231.08 -437.045
3232.55 -437.874
3234.01 -438.703
3235.48 -439.532
3236.95 -440.361
3238.41 -441.19
3239.88 -442.019
3241.35 -442.848
3242.82 -443.677
3244.28 -444.506
3245.75 -445.335
3247.22 -446.164
3248.68 -446.993
3250.15 -447.822
3251.62 -448.651
3253.08 -449.48
3254.55 -450.309
3256.02 -451.139
3257.49 -451.968
3258.95 -452.797
3260.42 -453.626
3261.89 -454.455
3263.35 -455.284
3264.82 -456.113
3266.29 -456.942
3267.75 -457.772
3269.22 -458.601
3270.69 -459.43
3272.15 -460.259
3273.62 -461.088
3275.09 -461.918
3276.55 -462.747
3278.02 -463.576
3279.49 -464.405
3280.95 -465.234
3282.42 -466.064
3283.89 -466.893
3285.35 -467.722
3286.82 -468.551
3288.29 -469.381
3289.75 -470.21
3291.22 -471.039
3292.69 -471.868
3294.15 -472.698
3295.62 -473.527
3297.09 -474.356
3298.55 -475.186
3300.02 -476.015
3301.48 -476.844
3302.95 -477.674
3304.42 -478.503
3305.88 -479.332
3307.35 -480.162
3308.82 -480.991
3310.28 -481.82
3311.75 -482.65
3313.22 -483.479
3314.68 -484.308
3316.15 -485.138
3317.62 -485.967
3319.08 -486.797
3320.55 -487.626
3322.01 -488.455
3323.48 -489.285
3324.95 -490.114
3326.41 -490.944
3327.88 -491.773
3329.35 -492.602
3330.81 -493.432
3332.28 -494.261
3333.74 -495.091
3335.21 -495.92
3336.68 -496.75
3338.14 -497.579
3339.61 -498.409
3341.08 -499.238
3342.54 -500.068
3344.01 -500.897
3345.48 -501.726
3346.94 -502.556
3348.41 -503.385
3349.87 -504.215
3351.34 -505.044
3352.81 -505.874
3354.27 -506.703
3355.74 -507.533
3357.21 -508.362
3358.67 -509.192
3360.14 -510.022
3361.6 -510.851
3363.07 -511.681
3364.54 -512.51
3366 -513.34
3367.47 -514.169
3368.93 -514.999
3370.4 -515.828
3371.87 -516.658
3373.33 -517.487
3374.8 -518.317
3376.26 -519.146
3377.73 -519.976
3379.2 -520.806
3380.66 -521.635
3382.13 -522.465
3383.59 -523.294
3385.06 -524.124
3386.53 -524.954
3387.99 -525.783
3389.46 -526.613
3390.92 -527.442
3392.39 -528.272
3393.86 -529.102
3395.32 -529.931
3396.79 -530.761
3398.25 -531.59
3399.72 -532.42
3401.19 -533.249
3402.65 -534.079
3404.12 -534.909
3405.59 -535.738
3407.05 -536.568
3408.52 -537.398
3409.98 -538.227
3411.45 -539.057
3412.92 -539.887
3414.38 -540.716
3415.85 -541.546
3417.31 -542.376
3418.78 -543.205
3420.25 -544.035
3421.71 -544.865
3423.18 -545.694
3424.64 -546.524
3426.11 -547.353
3427.57 -548.183
3429.04 -549.013
3430.51 -549.842
3431.97 -550.672
3433.44 -551.502
3434.9 -552.331
3436.37 -553.161
3437.84 -553.991
3439.3 -554.82
3440.77 -555.65
3442.23 -556.48
3443.7 -557.309
3445.16 -558.139
3446.63 -558.969
3448.1 -559.799
3449.56 -560.628
3451.03 -561.458
3452.49 -562.288
3453.96 -563.117
3455.43 -563.947
3456.89 -564.777
3458.36 -565.607
3459.82 -566.436
3461.29 -567.266
3462.75 -568.096
3464.22 -568.925
3465.69 -569.755
3467.15 -570.585
3468.62 -571.415
3470.08 -572.244
3471.55 -573.074
3473.02 -573.904
3474.48 -574.733
3475.95 -575.563
3477.41 -576.393
3478.88 -577.223
3480.34 -578.052
3481.81 -578.882
3483.28 -579.712
3484.74 -580.541
3486.21 -581.371
3487.67 -582.201
3489.14 -583.031
3490.6 -583.86
3492.07 -584.69
3493.54 -585.52
3495 -586.35
3496.47 -587.179
3497.93 -588.009
3499.4 -588.839
3500.87 -589.669
3502.33 -590.498
3503.8 -591.328
3505.26 -592.158
3506.73 -592.988
3508.19 -593.818
3509.66 -594.647
3511.13 -595.477
3512.59 -596.307
3514.06 -597.137
