250 -600
251.487 -599.209
252.974 -598.419
254.462 -597.628
255.949 -596.837
257.436 -596.046
258.923 -595.256
260.41 -594.465
261.897 -593.674
263.385 -592.884
264.872 -592.093
266.359 -591.302
267.846 -590.511
269.333 -589.721
270.82 -588.93
272.308 -588.139
273.795 -587.349
275.282 -586.558
276.769 -585.767
278.256 -584.977
279.744 -584.186
281.231 -583.395
282.718 -582.604
284.205 -581.814
285.693 -581.023
287.18 -580.232
288.667 -579.442
290.154 -578.651
291.641 -577.86
293.129 -577.069
294.616 -576.279
296.103 -575.488
297.59 -574.697
299.078 -573.907
300.565 -573.116
302.052 -572.325
303.539 -571.534
305.026 -570.744
306.514 -569.953
308.001 -569.162
309.488 -568.372
310.975 -567.581
312.463 -566.79
313.95 -566
315.437 -565.209
316.925 -564.418
318.412 -563.628
319.899 -562.837
321.386 -562.046
322.874 -561.256
324.361 -560.465
325.848 -559.674
327.335 -558.884
328.823 -558.093
330.31 -557.302
331.797 -556.512
333.285 -555.721
334.772 -554.931
336.259 -554.14
337.747 -553.349
339.234 -552.559
340.721 -551.768
342.208 -550.977
343.696 -550.187
345.183 -549.396
346.671 -548.605
348.158 -547.815
349.645 -547.024
351.133 -546.233
352.62 -545.443
354.107 -544.652
355.595 -543.862
357.082 -543.071
358.569 -542.28
360.057 -541.49
361.544 -540.699
363.031 -539.909
364.519 -539.118
366.006 -538.328
367.493 -537.537
368.981 -536.746
370.468 -535.956
371.956 -535.165
373.443 -534.375
374.93 -533.584
376.418 -532.793
377.905 -532.003
379.393 -531.212
380.88 -530.422
382.368 -529.631
383.855 -528.841
385.342 -528.05
386.83 -527.259
388.317 -526.469
389.805 -525.678
391.292 -524.888
392.78 -524.097
394.267 -523.307
395.755 -522.516
397.242 -521.726
398.73 -520.935
400.217 -520.145
401.705 -519.354
403.192 -518.564
404.68 -517.773
406.167 -516.983
407.655 -516.192
409.142 -515.402
410.63 -514.611
412.117 -513.821
413.605 -513.03
415.092 -512.24
416.58 -511.449
418.067 -510.659
419.555 -509.868
421.043 -509.078
422.53 -508.287
424.018 -507.497
425.505 -506.706
426.993 -505.916
428.481 -505.126
429.968 -504.335
431.456 -503.545
432.943 -502.754
434.431 -501.964
435.919 -501.173
437.406 -500.383
438.894 -499.593
440.382 -498.802
441.869 -498.012
443.357 -497.221
444.845 -496.431
446.332 -495.641
447.82 -494.85
449.308 -494.06
450.795 -493.269
452.283 -492.479
453.771 -491.689
455.259 -490.898
456.746 -490.108
458.234 -489.318
459.722 -488.527
461.21 -487.737
462.697 -486.947
464.185 -486.156
465.673 -485.366
467.161 -484.576
468.649 -483.785
470.136 -482.995
471.624 -482.205
473.112 -481.415
474.6 -480.624
476.088 -479.834
477.576 -479.044
479.064 -478.254
480.551 -477.463
482.039 -476.673
483.527 -475.883
485.015 -475.093
486.503 -474.302
487.991 -473.512
489.479 -472.722
490.967 -471.932
492.455 -471.142
493.943 -470.351
495.431 -469.561
496.919 -468.771
498.407 -467.981
499.895 -467.191
501.383 -466.4
502.871 -465.61
504.359 -464.82
505.847 -464.03
507.335 -463.24
508.823 -462.45
510.311 -461.66
511.799 -460.87
513.288 -460.08
514.776 -459.289
516.264 -458.499
517.752 -457.709
519.24 -456.919
520.729 -456.129
522.217 -455.339
523.705 -454.549
525.193 -453.759
526.681 -452.969
528.17 -452.179
529.658 -451.389
531.146 -450.599
532.635 -449.809
534.123 -449.019
535.611 -448.229
537.1 -447.439
538.588 -446.649
540.076 -445.86
541.565 -445.07
543.053 -444.28
544.542 -443.49
546.03 -442.7
547.518 -441.91
549.007 -441.12
550.495 -440.33
551.984 -439.541
553.472 -438.751
554.961 -437.961
556.45 -437.171
557.938 -436.381
559.427 -435.592
560.915 -434.802
562.404 -434.012
563.893 -433.222
565.381 -432.433
566.87 -431.643
568.359 -430.853
569.847 -430.063
571.336 -429.274
572.825 -428.484
574.314 -427.694
575.802 -426.905
577.291 -426.115
578.78 -425.326
580.269 -424.536
581.758 -423.746
583.247 -422.957
584.736 -422.167
586.224 -421.378
587.713 -420.588
589.202 -419.799
590.691 -419.009
592.18 -418.22
593.67 -417.43
595.159 -416.641
596.648 -415.851
598.137 -415.062
599.626 -414.273
601.115 -413.483
602.604 -412.694
604.094 -411.904
605.583 -411.115
607.072 -410.326
608.561 -409.537
610.051 -408.747
611.54 -407.958
613.029 -407.169
614.519 -406.379
616.008 -405.59
617.498 -404.801
618.987 -404.012
620.477 -403.223
621.966 -402.434
623.456 -401.644
624.945 -400.855
626.435 -400.066
627.925 -399.277
629.414 -398.488
630.904 -397.699
632.394 -396.91
633.883 -396.121
635.373 -395.332
636.863 -394.543
638.353 -393.754
639.843 -392.965
641.333 -392.177
642.823 -391.388
644.313 -390.599
645.803 -389.81
647.293 -389.021
648.783 -388.233
650.273 -387.444
651.763 -386.655
653.253 -385.866
654.743 -385.078
656.234 -384.289
657.724 -383.5
659.214 -382.712
660.705 -381.923
662.195 -381.135
663.686 -380.346
665.176 -379.558
666.667 -378.769
668.157 -377.981
669.648 -377.192
671.138 -376.404
672.629 -375.616
674.12 -374.827
675.611 -374.039
677.101 -373.251
678.592 -372.463
680.083 -371.674
681.574 -370.886
683.065 -370.098
684.556 -369.31
686.047 -368.522
687.538 -367.734
689.029 -366.946
690.521 -366.158
692.012 -365.37
693.503 -364.582
694.994 -363.794
696.486 -363.006
697.977 -362.218
699.469 -361.43
700.96 -360.643
702.452 -359.855
703.943 -359.067
705.435 -358.28
706.927 -357.492
708.419 -356.704
709.911 -355.917
711.403 -355.129
712.894 -354.342
714.386 -353.554
715.879 -352.767
717.371 -351.98
718.863 -351.192
720.355 -350.405
721.847 -349.618
723.34 -348.831
724.832 -348.043
726.325 -347.256
727.817 -346.469
729.31 -345.682
730.803 -344.895
732.295 -344.108
733.788 -343.321
735.281 -342.534
736.774 -341.747
738.267 -340.961
739.76 -340.174
741.253 -339.387
742.746 -338.601
744.239 -337.814
745.733 -337.027
747.226 -336.241
748.72 -335.455
750.213 -334.668
751.707 -333.882
753.201 -333.095
754.694 -332.309
756.188 -331.523
757.682 -330.737
759.176 -329.951
760.67 -329.165
762.164 -328.379
763.658 -327.593
765.153 -326.807
766.647 -326.021
768.142 -325.235
769.636 -324.45
771.131 -323.664
772.625 -322.878
774.12 -322.093
775.615 -321.307
777.11 -320.522
778.605 -319.737
780.1 -318.951
781.596 -318.166
783.091 -317.381
784.586 -316.596
786.082 -315.811
787.578 -315.026
789.073 -314.241
790.569 -313.456
792.065 -312.671
793.561 -311.887
795.057 -311.102
796.553 -310.318
798.05 -309.533
799.546 -308.749
801.042 -307.964
802.539 -307.18
804.036 -306.396
805.533 -305.612
807.03 -304.828
808.527 -304.044
810.024 -303.26
811.521 -302.476
813.018 -301.692
814.516 -300.909
816.014 -300.125
817.511 -299.341
819.009 -298.558
820.507 -297.775
822.005 -296.991
823.504 -296.208
825.002 -295.425
826.5 -294.642
827.999 -293.859
829.498 -293.076
830.997 -292.294
832.496 -291.511
833.995 -290.729
835.494 -289.946
836.993 -289.164
838.493 -288.382
839.993 -287.599
841.492 -286.817
842.992 -286.035
844.492 -285.254
845.993 -284.472
847.493 -283.69
848.994 -282.909
850.494 -282.127
851.995 -281.346
853.496 -280.565
854.997 -279.783
856.499 -279.002
858 -278.221
859.502 -277.441
861.003 -276.66
862.505 -275.879
864.008 -275.099
865.51 -274.319
867.012 -273.538
868.515 -272.758
870.018 -271.978
871.521 -271.199
873.024 -270.419
874.527 -269.639
876.031 -268.86
877.534 -268.08
879.038 -267.301
880.542 -266.522
882.046 -265.743
883.551 -264.964
885.055 -264.186
886.56 -263.407
888.065 -262.629
889.571 -261.85
891.076 -261.072
892.582 -260.294
894.087 -259.517
895.594 -258.739
897.1 -257.961
898.606 -257.184
900.113 -256.407
901.62 -255.63
903.127 -254.853
904.634 -254.076
906.142 -253.299
907.65 -252.523
909.158 -251.747
910.666 -250.971
912.174 -250.195
913.683 -249.419
915.192 -248.643
916.701 -247.868
918.211 -247.093
919.72 -246.318
921.23 -245.543
922.741 -244.768
924.251 -243.994
925.762 -243.219
927.273 -242.445
928.784 -241.671
930.295 -240.897
931.807 -240.124
933.319 -239.35
934.832 -238.577
936.344 -237.804
937.857 -237.031
939.37 -236.259
940.884 -235.487
942.398 -234.714
943.912 -233.943
945.426 -233.171
946.941 -232.399
948.456 -231.628
949.971 -230.857
951.486 -230.086
953.002 -229.316
954.518 -228.545
956.035 -227.775
957.552 -227.005
959.069 -226.236
960.586 -225.466
962.104 -224.697
963.622 -223.928
965.141 -223.159
966.66 -222.391
968.179 -221.623
969.699 -220.855
971.219 -220.087
972.739 -219.32
974.26 -218.553
975.781 -217.786
977.302 -217.02
978.824 -216.253
980.346 -215.487
981.869 -214.722
983.392 -213.956
984.915 -213.191
986.439 -212.426
987.963 -211.662
989.487 -210.898
991.012 -210.134
992.538 -209.37
994.064 -208.607
995.59 -207.844
997.116 -207.081
998.644 -206.319
1000.17 -205.557
1001.7 -204.795
1003.23 -204.034
1004.76 -203.273
1006.29 -202.513
1007.82 -201.752
1009.35 -200.992
1010.88 -200.233
1012.41 -199.474
1013.94 -198.715
1015.47 -197.956
1017 -197.198
1018.54 -196.441
1020.07 -195.683
1021.61 -194.926
1023.14 -194.17
1024.67 -193.414
1026.21 -192.658
1027.75 -191.903
1029.28 -191.148
1030.82 -190.393
1032.36 -189.639
1033.9 -188.886
1035.44 -188.133
1036.98 -187.38
1038.52 -186.627
1040.06 -185.876
1041.6 -185.124
1043.14 -184.373
1044.68 -183.623
1046.23 -182.873
1047.77 -182.123
1049.31 -181.374
1050.86 -180.626
1052.4 -179.878
1053.95 -179.13
1055.5 -178.383
1057.04 -177.637
1058.59 -176.891
1060.14 -176.145
1061.69 -175.4
1063.24 -174.656
1064.79 -173.912
1066.34 -173.169
1067.9 -172.426
1069.45 -171.684
1071 -170.942
1072.56 -170.201
1074.11 -169.461
1075.67 -168.721
1077.22 -167.982
1078.78 -167.243
1080.34 -166.505
1081.9 -165.768
1083.46 -165.031
1085.02 -164.295
1086.58 -163.559
1088.14 -162.825
1089.7 -162.091
1091.27 -161.357
1092.83 -160.624
1094.4 -159.892
1095.96 -159.161
1097.53 -158.43
1099.1 -157.7
1100.67 -156.971
1102.24 -156.243
1103.81 -155.515
1105.38 -154.788
1106.95 -154.062
1108.52 -153.336
1110.1 -152.612
1111.67 -151.888
1113.25 -151.165
1114.82 -150.442
1116.4 -149.721
1117.98 -149
1119.56 -148.281
1121.14 -147.562
1122.72 -146.844
1124.31 -146.126
1125.89 -145.41
1127.47 -144.695
1129.06 -143.98
1130.65 -143.267
1132.23 -142.554
1133.82 -141.843
1135.41 -141.132
1137 -140.422
1138.6 -139.713
1140.19 -139.006
1141.78 -138.299
1143.38 -137.593
1144.98 -136.888
1146.57 -136.185
1148.17 -135.482
1149.77 -134.781
1151.37 -134.08
1152.98 -133.381
1154.58 -132.683
1156.19 -131.986
1157.79 -131.29
1159.4 -130.595
1161.01 -129.901
1162.62 -129.209
1164.23 -128.518
1165.84 -127.828
1167.45 -127.139
1169.07 -126.451
1170.69 -125.765
1172.3 -125.08
1173.92 -124.397
1175.54 -123.714
1177.16 -123.033
1178.79 -122.354
1180.41 -121.675
1182.04 -120.998
1183.67 -120.323
1185.29 -119.649
1186.92 -118.976
1188.56 -118.305
1190.19 -117.635
1191.82 -116.967
1193.46 -116.301
1195.1 -115.635
1196.74 -114.972
1198.38 -114.31
1200.02 -113.649
1201.66 -112.991
1203.31 -112.334
1204.95 -111.678
1206.6 -111.024
1208.25 -110.372
1209.9 -109.722
1211.56 -109.073
1213.21 -108.426
1214.87 -107.781
1216.53 -107.138
1218.19 -106.497
1219.85 -105.857
1221.51 -105.219
1223.18 -104.584
1224.84 -103.95
1226.51 -103.318
1228.18 -102.688
1229.85 -102.06
1231.53 -101.435
1233.2 -100.811
1234.88 -100.189
1236.56 -99.5699
1238.24 -98.9526
1239.92 -98.3374
1241.61 -97.7245
1243.3 -97.1138
1244.98 -96.5053
1246.67 -95.8991
1248.37 -95.2953
1250.06 -94.6938
1251.76 -94.0947
1253.46 -93.498
1255.16 -92.9037
1256.86 -92.3119
1258.56 -91.7226
1260.27 -91.1359
1261.98 -90.5517
1263.69 -89.9701
1265.4 -89.3912
1267.11 -88.8149
1268.83 -88.2414
1270.55 -87.6705
1272.27 -87.1025
1273.99 -86.5372
1275.71 -85.9748
1277.44 -85.4152
1279.17 -84.8586
1280.9 -84.3049
1282.63 -83.7542
1284.37 -83.2065
1286.1 -82.6619
1287.84 -82.1204
1289.58 -81.582
1291.33 -81.0467
1293.07 -80.5147
1294.82 -79.986
1296.57 -79.4605
1298.32 -78.9384
1300.08 -78.4196
1301.83 -77.9042
1303.59 -77.3923
1305.35 -76.8839
1307.12 -76.379
1308.88 -75.8777
1310.65 -75.38
1312.42 -74.8859
1314.19 -74.3956
1315.97 -73.909
1317.74 -73.4262
1319.52 -72.9472
1321.3 -72.4721
1323.09 -72.0009
1324.87 -71.5337
1326.66 -71.0705
1328.45 -70.6113
1330.24 -70.1562
1332.04 -69.7053
1333.84 -69.2586
1335.64 -68.8161
1337.44 -68.3778
1339.24 -67.9439
1341.05 -67.5144
1342.85 -67.0893
1344.66 -66.6686
1346.48 -66.2525
1348.29 -65.8409
1350.11 -65.4339
1351.93 -65.0315
1353.75 -64.6339
1355.57 -64.241
1357.4 -63.8529
1359.23 -63.4696
1361.06 -63.0912
1362.89 -62.7177
1364.72 -62.3492
1366.56 -61.9858
1368.4 -61.6274
1370.24 -61.2741
1372.08 -60.9259
1373.92 -60.583
1375.77 -60.2453
1377.62 -59.913
1379.47 -59.5859
1381.32 -59.2643
1383.17 -58.9481
1385.03 -58.6374
1386.89 -58.3322
1388.75 -58.0325
1390.61 -57.7385
1392.47 -57.4501
1394.34 -57.1674
1396.21 -56.8905
1398.08 -56.6193
1399.95 -56.354
1401.82 -56.0945
1403.69 -55.8409
1405.57 -55.5933
1407.45 -55.3516
1409.32 -55.116
1411.21 -54.8864
1413.09 -54.663
1414.97 -54.4456
1416.85 -54.2344
1418.74 -54.0294
1420.63 -53.8307
1422.52 -53.6382
1424.41 -53.4521
1426.3 -53.2722
1428.19 -53.0988
1430.09 -52.9317
1431.98 -52.771
1433.88 -52.6168
1435.77 -52.4691
1437.67 -52.3279
1439.57 -52.1932
1441.47 -52.0651
1443.37 -51.9436
1445.27 -51.8286
1447.17 -51.7203
1449.08 -51.6186
1450.98 -51.5236
1452.89 -51.4352
1454.79 -51.3536
1456.7 -51.2786
1458.6 -51.2104
1460.51 -51.1489
1462.42 -51.0942
1464.32 -51.0462
1466.23 -51.005
1468.14 -50.9706
1470.05 -50.943
1471.96 -50.9221
1473.87 -50.908
1475.77 -50.9008
1477.68 -50.9003
1479.59 -50.9066
1481.5 -50.9197
1483.41 -50.9396
1485.32 -50.9663
1487.23 -50.9998
1489.13 -51.0401
1491.04 -51.0871
1492.95 -51.1409
1494.86 -51.2015
1496.76 -51.2689
1498.67 -51.3429
1500.57 -51.4237
1502.48 -51.5112
1504.38 -51.6054
1506.29 -51.7063
1508.19 -51.8138
1510.09 -51.928
1511.99 -52.0488
1513.89 -52.1763
1515.79 -52.3103
1517.69 -52.4508
1519.59 -52.5979
1521.49 -52.7515
1523.38 -52.9116
1525.28 -53.0781
1527.17 -53.2511
1529.06 -53.4305
1530.95 -53.6162
1532.84 -53.8083
1534.73 -54.0066
1536.62 -54.2113
1538.5 -54.4222
1540.39 -54.6393
1542.27 -54.8625
1544.15 -55.0919
1546.03 -55.3274
1547.91 -55.569
1549.78 -55.8166
1551.66 -56.0701
1553.53 -56.3296
1555.4 -56.5951
1557.27 -56.8663
1559.14 -57.1434
1561.01 -57.4263
1562.87 -57.715
1564.74 -58.0093
1566.6 -58.3093
1568.46 -58.6149
1570.31 -58.926
1572.17 -59.2427
1574.02 -59.5649
1575.87 -59.8925
1577.72 -60.2255
1579.57 -60.5638
1581.41 -60.9075
1583.26 -61.2563
1585.1 -61.6104
1586.94 -61.9697
1588.78 -62.3341
1590.61 -62.7035
1592.44 -63.078
1594.27 -63.4574
1596.1 -63.8418
1597.93 -64.231
1599.75 -64.6251
1601.58 -65.024
1603.4 -65.4276
1605.21 -65.8359
1607.03 -66.2488
1608.84 -66.6663
1610.65 -67.0884
1612.46 -67.515
1614.27 -67.9461
1616.07 -68.3816
1617.88 -68.8214
1619.68 -69.2656
1621.47 -69.714
1623.27 -70.1667
1625.06 -70.6235
1626.85 -71.0845
1628.64 -71.5496
1630.43 -72.0187
1632.21 -72.4918
1633.99 -72.9689
1635.77 -73.4499
1637.55 -73.9347
1639.33 -74.4234
1641.1 -74.9159
1642.87 -74.4278
1644.65 -73.9434
1646.42 -73.4629
1648.2 -72.9861
1649.99 -72.5133
1651.77 -72.0444
1653.56 -71.5794
1655.34 -71.1185
1657.13 -70.6616
1658.93 -70.2087
1660.72 -69.7601
1662.52 -69.3156
1664.32 -68.8754
1666.12 -68.4394
1667.93 -68.0078
1669.73 -67.5805
1671.54 -67.1577
1673.35 -66.7393
1675.16 -66.3254
1676.98 -65.9161
1678.8 -65.5114
1680.61 -65.1113
1682.44 -64.7159
1684.26 -64.3253
1686.09 -63.9394
1687.91 -63.5584
1689.74 -63.1823
1691.58 -62.8111
1693.41 -62.4448
1695.25 -62.0836
1697.08 -61.7274
1698.93 -61.3764
1700.77 -61.0305
1702.61 -60.6898
1704.46 -60.3544
1706.31 -60.0242
1708.16 -59.6994
1710.01 -59.38
1711.86 -59.0659
1713.72 -58.7574
1715.58 -58.4544
1717.44 -58.1569
1719.3 -57.865
1721.16 -57.5788
1723.03 -57.2983
1724.9 -57.0235
1726.76 -56.7544
1728.64 -56.4912
1730.51 -56.2338
1732.38 -55.9823
1734.26 -55.7368
1736.13 -55.4972
1738.01 -55.2636
1739.89 -55.0361
1741.77 -54.8146
1743.66 -54.5993
1745.54 -54.3901
1747.43 -54.1871
1749.31 -53.9903
1751.2 -53.7998
1753.09 -53.6155
1754.98 -53.4376
1756.88 -53.266
1758.77 -53.1008
1760.66 -52.9421
1762.56 -52.7897
1764.46 -52.6438
1766.35 -52.5044
1768.25 -52.3715
1770.15 -52.2451
1772.05 -52.1253
1773.95 -52.0121
1775.85 -51.9054
1777.76 -51.8054
1779.66 -51.712
1781.56 -51.6253
1783.47 -51.5452
1785.37 -51.4719
1787.28 -51.4052
1789.19 -51.3453
1791.09 -51.292
1793 -51.2455
1794.91 -51.2058
1796.81 -51.1728
1798.72 -51.1465
1800.63 -51.127
1802.54 -51.1143
1804.44 -51.1084
1806.35 -51.1092
1808.26 -51.1168
1810.17 -51.1312
1812.08 -51.1523
1813.98 -51.1802
1815.89 -51.2149
1817.8 -51.2563
1819.71 -51.3044
1821.61 -51.3594
1823.52 -51.421
1825.42 -51.4894
1827.33 -51.5644
1829.23 -51.6462
1831.14 -51.7346
1833.04 -51.8298
1834.94 -51.9315
1836.85 -52.0399
1838.75 -52.1549
1840.65 -52.2765
1842.55 -52.4047
1844.45 -52.5395
1846.34 -52.6807
1848.24 -52.8285
1850.14 -52.9827
1852.03 -53.1434
1853.92 -53.3105
1855.82 -53.4841
1857.71 -53.664
1859.6 -53.8502
1861.49 -54.0427
1863.37 -54.2415
1865.26 -54.4466
1867.14 -54.6579
1869.03 -54.8753
1870.91 -55.0989
1872.79 -55.3286
1874.67 -55.5644
1876.55 -55.8061
1878.42 -56.0539
1880.3 -56.3077
1882.17 -56.5674
1884.04 -56.8329
1885.91 -57.1043
1887.78 -57.3815
1889.64 -57.6644
1891.51 -57.953
1893.37 -58.2474
1895.23 -58.5473
1897.09 -58.8529
1898.94 -59.1639
1900.8 -59.4805
1902.65 -59.8026
1904.5 -60.13
1906.35 -60.4628
1908.2 -60.801
1910.04 -61.1444
1911.88 -61.493
1913.72 -61.8468
1915.56 -62.2058
1917.4 -62.5698
1919.23 -62.9389
1921.07 -63.313
1922.9 -63.6921
1924.72 -64.076
1926.55 -64.4649
1928.37 -64.8585
1930.19 -65.2569
1932.01 -65.66
1933.83 -66.0678
1935.65 -66.4802
1937.46 -66.8972
1939.27 -67.3188
1941.08 -67.7448
1942.88 -68.1753
1944.69 -68.6101
1946.49 -69.0493
1948.29 -69.4929
1950.09 -69.9406
1951.88 -70.3926
1953.67 -70.8488
1955.47 -71.309
1957.25 -71.7734
1959.04 -72.2418
1960.82 -72.7141
1962.6 -73.1904
1964.38 -73.6707
1966.16 -74.1547
1967.94 -74.6426
1969.71 -75.1342
1971.48 -75.6296
1973.25 -76.1286
1975.01 -76.6313
1976.78 -77.1376
1978.54 -77.6475
1980.3 -78.1608
1982.05 -78.6776
1983.81 -79.1979
1985.56 -79.7215
1987.31 -80.2485
1989.06 -80.7788
1990.8 -81.3124
1992.55 -81.8492
1994.29 -82.3892
1996.03 -82.9324
1997.77 -83.4786
1999.5 -84.028
2001.23 -84.5804
2002.96 -85.1358
2004.69 -85.6941
2006.42 -86.2554
2008.14 -86.8196
2009.87 -87.3866
2011.59 -87.9565
2013.3 -88.5291
2015.02 -89.1045
2016.73 -89.6826
2018.45 -90.2634
2020.16 -90.8469
2021.86 -91.4329
2023.57 -92.0216
2025.27 -92.6128
2026.98 -93.2065
2028.68 -93.8027
2030.37 -94.4014
2032.07 -95.0025
2033.76 -95.6059
2035.46 -96.2118
2037.15 -96.82
2038.83 -97.4305
2040.52 -98.0432
2042.21 -98.6582
2043.89 -99.2755
2045.57 -99.8949
2047.25 -100.516
2048.92 -101.14
2050.6 -101.766
2052.27 -102.394
2053.94 -103.024
2055.61 -103.656
2057.28 -104.29
2058.95 -104.926
2060.61 -105.564
2062.28 -106.203
2063.94 -106.845
2065.6 -107.489
2067.25 -108.134
2068.91 -108.781
2070.57 -109.431
2072.22 -110.081
2073.87 -110.734
2075.52 -111.388
2077.17 -112.044
2078.81 -112.702
2080.46 -113.362
2082.1 -114.023
2083.74 -114.685
2085.38 -115.35
2087.02 -116.015
2088.66 -116.683
2090.29 -117.352
2091.93 -118.022
2093.56 -118.694
2095.19 -119.368
2096.82 -120.043
2098.45 -120.719
2100.08 -121.397
2101.7 -122.076
2103.32 -122.757
2104.95 -123.439
2106.57 -124.122
2108.19 -124.807
2109.81 -125.493
2111.42 -126.181
2113.04 -126.869
2114.65 -127.559
2116.27 -128.25
2117.88 -128.943
2119.49 -129.636
2121.1 -130.331
2122.71 -131.027
2124.31 -131.724
2125.92 -132.423
2127.52 -133.122
2129.12 -133.823
2130.73 -134.524
2132.33 -135.227
2133.93 -135.931
2135.52 -136.636
2137.12 -137.342
2138.72 -138.05
2140.31 -138.758
2141.9 -139.467
2143.5 -140.177
2145.09 -140.888
2146.68 -141.6
2148.27 -142.314
2149.85 -143.028
2151.44 -143.743
2153.03 -144.459
2154.61 -145.176
2156.2 -145.894
2157.78 -146.612
2159.36 -147.332
2160.94 -148.052
2162.52 -148.774
2164.1 -149.496
2165.68 -150.219
2167.26 -150.943
2168.83 -151.668
2170.41 -152.393
2171.98 -153.12
2173.55 -153.847
2175.12 -154.575
2176.7 -155.303
2178.27 -156.033
2179.84 -156.763
2181.4 -157.494
2182.97 -158.226
2184.54 -158.958
2186.1 -159.691
2187.67 -160.425
2189.23 -161.16
2190.8 -161.895
2192.36 -162.631
2193.92 -163.367
2195.48 -164.105
2197.04 -164.843
2198.6 -165.581
2200.16 -166.32
2201.72 -167.06
2203.28 -167.801
2204.83 -168.542
2206.39 -169.283
2207.94 -170.026
2209.5 -170.769
2211.05 -171.512
2212.6 -172.256
2214.15 -173.001
2215.7 -173.746
2217.25 -174.492
2218.8 -175.238
2220.35 -175.985
2221.9 -176.733
2223.45 -177.481
2225 -178.229
2226.54 -178.978
2228.09 -179.727
2229.63 -180.478
2231.18 -181.228
2232.72 -181.979
2234.27 -182.731
2235.81 -183.483
2237.35 -184.235
2238.89 -184.988
2240.43 -185.741
2241.97 -186.495
2243.51 -187.25
2245.05 -188.004
2246.59 -188.76
2248.13 -189.515
2249.66 -190.271
2251.2 -191.028
2252.74 -191.785
2254.27 -192.542
2255.81 -193.3
2257.34 -194.058
2258.88 -194.817
2260.41 -195.576
2261.94 -196.335
2263.48 -197.095
2265.01 -197.855
2266.54 -198.616
2268.07 -199.376
2269.6 -200.138
2271.13 -200.899
2272.66 -201.661
2274.19 -202.424
2275.72 -203.186
2277.25 -203.95
2278.77 -204.713
2280.3 -205.477
2281.83 -206.241
2283.35 -207.005
2284.88 -207.77
2286.4 -208.535
2287.93 -209.301
2289.45 -210.066
2290.98 -210.832
2292.5 -211.599
2294.03 -212.365
2295.55 -213.132
2297.07 -213.899
2298.59 -214.667
2300.11 -215.435
2301.64 -216.203
2303.16 -216.971
2304.68 -217.74
2306.2 -218.509
2307.72 -219.278
2309.24 -220.048
2310.76 -220.818
2312.27 -221.588
2313.79 -222.358
2315.31 -223.129
2316.83 -223.899
2318.35 -224.671
2319.86 -225.442
2321.38 -226.213
2322.9 -226.985
2324.41 -227.757
2325.93 -228.53
2327.44 -229.302
2328.96 -230.075
2330.47 -230.848
2331.99 -231.621
2333.5 -232.395
2335.01 -233.169
2336.53 -233.942
2338.04 -234.717
2339.55 -235.491
2341.07 -236.266
2342.58 -237.04
2344.09 -237.815
2345.6 -238.59
2347.11 -239.366
2348.62 -240.141
2350.14 -240.917
2351.65 -241.693
2353.16 -242.469
2354.67 -243.246
2356.18 -244.022
2357.69 -244.799
2359.19 -245.576
2360.7 -246.353
2362.21 -247.13
2363.72 -247.908
2365.23 -248.686
2366.74 -249.463
2368.25 -250.241
2369.75 -251.02
2371.26 -251.798
2372.77 -252.576
2374.27 -253.355
2375.78 -254.134
2377.29 -254.913
2378.79 -255.692
2380.3 -256.471
2381.8 -257.251
2383.31 -258.03
2384.81 -258.81
2386.32 -259.59
2387.82 -260.37
2389.33 -261.15
2390.83 -261.931
2392.34 -262.711
2393.84 -263.492
2395.35 -264.273
2396.85 -265.054
2398.35 -265.835
2399.86 -266.616
2401.36 -267.397
2402.86 -268.179
2404.36 -268.96
2405.87 -269.742
2407.37 -270.524
2408.87 -271.306
2410.37 -272.088
2411.87 -272.87
2413.38 -273.653
2414.88 -274.435
2416.38 -275.218
2417.88 -276
2419.38 -276.783
2420.88 -277.566
2422.38 -278.349
2423.88 -279.133
2425.38 -279.916
2426.88 -280.699
2428.38 -281.483
2429.88 -282.266
2431.38 -283.05
2432.88 -283.834
2434.38 -284.618
2435.88 -285.402
2437.38 -286.186
2438.88 -286.97
2440.38 -287.755
2441.87 -288.539
2443.37 -289.323
2444.87 -290.108
2446.37 -290.893
2447.87 -291.678
2449.36 -292.463
2450.86 -293.248
2452.36 -294.033
2453.86 -294.818
2455.36 -295.603
2456.85 -296.389
2458.35 -297.174
2459.85 -297.959
2461.34 -298.745
2462.84 -299.531
2464.34 -300.317
2465.83 -301.102
2467.33 -301.888
2468.83 -302.674
2470.32 -303.461
2471.82 -304.247
2473.31 -305.033
2474.81 -305.819
2476.31 -306.606
2477.8 -307.392
2479.3 -308.179
2480.79 -308.965
2482.29 -309.752
2483.78 -310.539
2485.28 -311.326
2486.77 -312.113
2488.27 -312.9
2489.76 -313.687
2491.26 -314.474
2492.75 -315.261
2494.25 -316.048
2495.74 -316.836
2497.23 -317.623
2498.73 -318.411
2500.22 -319.198
2501.72 -319.986
2503.21 -320.773
2504.7 -321.561
2506.2 -322.349
2507.69 -323.136
2509.19 -323.924
2510.68 -324.712
2512.17 -325.5
2513.67 -326.288
2515.16 -327.076
2516.65 -327.865
2518.15 -328.653
2519.64 -329.441
2521.13 -330.229
2522.62 -331.018
2524.12 -331.806
2525.61 -332.595
2527.1 -333.383
2528.59 -334.172
2530.09 -334.961
2531.58 -335.749
2533.07 -336.538
2534.56 -337.327
2536.06 -338.116
2537.55 -338.905
2539.04 -339.693
2540.53 -340.482
2542.02 -341.271
2543.52 -342.061
2545.01 -342.85
2546.5 -343.639
2547.99 -344.428
2549.48 -345.217
2550.97 -346.007
2552.46 -346.796
2553.96 -347.585
2555.45 -348.375
2556.94 -349.164
2558.43 -349.954
2559.92 -350.743
2561.41 -351.533
2562.9 -352.322
2564.39 -353.112
2565.89 -353.902
2567.38 -354.692
2568.87 -355.481
2570.36 -356.271
2571.85 -357.061
2573.34 -357.851
2574.83 -358.641
2576.32 -359.431
2577.81 -360.221
2579.3 -361.011
2580.79 -361.801
2582.28 -362.591
2583.77 -363.381
2585.26 -364.171
2586.75 -364.961
2588.24 -365.752
2589.73 -366.542
2591.22 -367.332
2592.71 -368.122
2594.2 -368.913
2595.69 -369.703
2597.18 -370.494
2598.67 -371.284
2600.16 -372.075
2601.65 -372.865
2603.14 -373.656
2604.63 -374.446
2606.12 -375.237
2607.61 -376.027
2609.1 -376.818
2610.59 -377.609
2612.08 -378.399
2613.57 -379.19
2615.06 -379.981
2616.54 -380.772
2618.03 -381.562
2619.52 -382.353
2621.01 -383.144
2622.5 -383.935
2623.99 -384.726
2625.48 -385.517
2626.97 -386.308
2628.46 -387.099
2629.95 -387.89
2631.44 -388.681
2632.92 -389.472
2634.41 -390.263
2635.9 -391.054
2637.39 -391.845
2638.88 -392.636
2640.37 -393.428
2641.86 -394.219
2643.35 -395.01
2644.83 -395.801
2646.32 -396.592
2647.81 -397.384
2649.3 -398.175
2650.79 -398.966
2652.28 -399.758
2653.77 -400.549
2655.25 -401.34
2656.74 -402.132
2658.23 -402.923
2659.72 -403.715
2661.21 -404.506
2662.7 -405.298
2664.18 -406.089
2665.67 -406.881
2667.16 -407.672
2668.65 -408.464
2670.14 -409.255
2671.62 -410.047
2673.11 -410.838
2674.6 -411.63
2676.09 -412.422
2677.58 -413.213
2679.06 -414.005
2680.55 -414.797
2682.04 -415.588
2683.53 -416.38
2685.02 -417.172
2686.5 -417.964
2687.99 -418.755
2689.48 -419.547
2690.97 -420.339
2692.45 -421.131
2693.94 -421.922
2695.43 -422.714
2696.92 -423.506
2698.41 -424.298
2699.89 -425.09
2701.38 -425.882
2702.87 -426.674
2704.36 -427.466
2705.84 -428.258
2707.33 -429.049
2708.82 -429.841
2710.31 -430.633
2711.79 -431.425
2713.28 -432.217
2714.77 -433.009
2716.26 -433.801
2717.74 -434.593
2719.23 -435.385
2720.72 -436.178
2722.21 -436.97
2723.69 -437.762
2725.18 -438.554
2726.67 -439.346
2728.16 -440.138
2729.64 -440.93
2731.13 -441.722
2732.62 -442.514
2734.1 -443.307
2735.59 -444.099
2737.08 -444.891
2738.57 -445.683
2740.05 -446.475
2741.54 -447.268
2743.03 -448.06
2744.51 -448.852
2746 -449.644
2747.49 -450.437
2748.98 -451.229
2750.46 -452.021
2751.95 -452.813
2753.44 -453.606
2754.92 -454.398
2756.41 -455.19
2757.9 -455.983
2759.39 -456.775
2760.87 -457.567
2762.36 -458.36
2763.85 -459.152
2765.33 -459.944
2766.82 -460.737
2768.31 -461.529
2769.79 -462.322
2771.28 -463.114
2772.77 -463.906
2774.25 -464.699
2775.74 -465.491
2777.23 -466.284
2778.71 -467.076
2780.2 -467.868
2781.69 -468.661
2783.18 -469.453
2784.66 -470.246
2786.15 -471.038
2787.64 -471.831
2789.12 -472.623
2790.61 -473.416
2792.1 -474.208
2793.58 -475.001
2795.07 -475.793
2796.56 -476.586
2798.04 -477.378
2799.53 -478.171
2801.02 -478.963
2802.5 -479.756
2803.99 -480.549
2805.48 -481.341
2806.96 -482.134
2808.45 -482.926
2809.94 -483.719
2811.42 -484.511
2812.91 -485.304
2814.4 -486.097
2815.88 -486.889
2817.37 -487.682
2818.85 -488.475
2820.34 -489.267
2821.83 -490.06
2823.31 -490.852
2824.8 -491.645
2826.29 -492.438
2827.77 -493.23
2829.26 -494.023
2830.75 -494.816
2832.23 -495.608
2833.72 -496.401
2835.21 -497.194
2836.69 -497.986
2838.18 -498.779
2839.67 -499.572
2841.15 -500.364
2842.64 -501.157
2844.13 -501.95
2845.61 -502.743
2847.1 -503.535
2848.58 -504.328
2850.07 -505.121
2851.56 -505.913
2853.04 -506.706
2854.53 -507.499
2856.02 -508.292
2857.5 -509.084
2858.99 -509.877
2860.48 -510.67
2861.96 -511.463
2863.45 -512.255
2864.93 -513.048
2866.42 -513.841
2867.91 -514.634
2869.39 -515.427
2870.88 -516.219
2872.37 -517.012
2873.85 -517.805
2875.34 -518.598
2876.82 -519.391
2878.31 -520.183
2879.8 -520.976
2881.28 -521.769
2882.77 -522.562
2884.26 -523.355
2885.74 -524.147
2887.23 -524.94
2888.72 -525.733
2890.2 -526.526
2891.69 -527.319
2893.17 -528.112
2894.66 -528.905
2896.15 -529.697
2897.63 -530.49
2899.12 -531.283
2900.61 -532.076
2902.09 -532.869
2903.58 -533.662
2905.06 -534.454
2906.55 -535.247
2908.04 -536.04
2909.52 -536.833
2911.01 -537.626
2912.49 -538.419
2913.98 -539.212
2915.47 -540.005
2916.95 -540.798
2918.44 -541.59
2919.93 -542.383
2921.41 -543.176
2922.9 -543.969
2924.38 -544.762
2925.87 -545.555
2927.36 -546.348
2928.84 -547.141
2930.33 -547.934
2931.81 -548.727
2933.3 -549.52
2934.79 -550.312
2936.27 -551.105
2937.76 -551.898
2939.24 -552.691
2940.73 -553.484
2942.22 -554.277
2943.7 -555.07
2945.19 -555.863
2946.67 -556.656
2948.16 -557.449
2949.65 -558.242
2951.13 -559.035
2952.62 -559.828
2954.1 -560.621
2955.59 -561.414
2957.08 -562.207
2958.56 -563
2960.05 -563.792
2961.54 -564.585
2963.02 -565.378
2964.51 -566.171
2965.99 -566.964
2967.48 -567.757
2968.97 -568.55
2970.45 -569.343
2971.94 -570.136
2973.42 -570.929
2974.91 -571.722
2976.4 -572.515
2977.88 -573.308
2979.37 -574.101
2980.85 -574.894
2982.34 -575.687
2983.83 -576.48
2985.31 -577.273
2986.8 -578.066
2988.28 -578.859
2989.77 -579.652
2991.26 -580.445
2992.74 -581.238
2994.23 -582.031
2995.72 -582.824
2997.2 -583.617
2998.69 -584.41
3000.17 -585.203
3001.66 -585.996
3003.15 -586.789
3004.63 -587.582
3006.12 -588.375
3007.6 -589.168
3009.09 -589.961
3010.58 -590.754
3012.06 -591.547
3013.55 -592.34
3015.03 -593.133
3016.52 -593.926
3018.01 -594.719
3019.49 -595.512
3020.98 -596.305
3022.46 -597.098
3023.95 -597.891
3025.44 -598.684
3026.92 -599.477
3028.41 -600.27
3029.89 -601.063
3031.38 -601.857
3032.86 -602.65
3034.35 -603.443
3035.84 -604.236
3037.32 -605.029
3038.81 -605.822
3040.29 -606.615
3041.78 -607.408
3043.27 -608.201
3044.75 -608.994
3046.24 -609.787
3047.72 -610.58
3049.21 -611.373
3050.69 -612.166
3052.18 -612.959
3053.67 -613.752
3055.15 -614.545
3056.64 -615.338
3058.12 -616.131
3059.61 -616.924
3061.1 -617.717
3062.58 -618.51
3064.07 -619.303
3065.55 -620.096
3067.04 -620.889
3068.52 -621.682
3070.01 -622.475
3071.5 -623.268
3072.98 -624.061
3074.47 -624.854
3075.95 -625.648
3077.44 -626.441
3078.93 -627.234
3080.41 -628.027
3081.9 -628.82
3083.38 -629.613
3084.87 -630.406
3086.35 -631.199
3087.84 -631.992
3089.33 -632.785
3090.81 -633.578
3092.3 -634.372
3093.78 -635.165
3095.27 -635.958
3096.76 -636.751
3098.24 -637.544
3099.73 -638.337
3101.21 -639.13
3102.7 -639.923
3104.18 -640.716
3105.67 -641.509
3107.16 -642.302
3108.64 -643.096
3110.13 -643.889
3111.61 -644.682
3113.1 -645.475
3114.59 -646.268
3116.07 -647.061
3117.56 -647.854
3119.04 -648.647
3120.53 -649.44
3122.01 -650.233
3123.5 -651.026
3124.99 -651.82
3126.47 -652.613
3127.96 -653.406
3129.44 -654.199
3130.93 -654.992
3132.42 -655.785
3133.9 -656.578
3135.39 -657.371
3136.87 -658.164
3138.36 -658.957
3139.84 -659.75
3141.33 -660.544
3142.82 -661.337
3144.3 -662.13
3145.79 -662.923
3147.27 -663.716
3148.76 -664.509
3150.25 -665.302
3151.73 -666.095
3153.22 -666.888
3154.7 -667.681
3156.19 -668.474
3157.68 -669.268
3159.16 -670.061
3160.65 -670.854
3162.13 -671.647
3163.62 -672.44
3165.1 -673.233
3166.59 -674.026
3168.08 -674.819
3169.56 -675.612
3171.05 -676.405
3172.53 -677.198
3174.02 -677.992
3175.51 -678.785
3176.99 -679.578
3178.48 -680.371
3179.96 -681.164
3181.45 -681.957
3182.93 -682.75
3184.42 -683.543
3185.91 -684.336
3187.39 -685.129
3188.88 -685.922
3190.36 -686.716
3191.85 -687.509
3193.34 -688.302
3194.82 -689.095
3196.31 -689.888
3197.79 -690.681
3199.28 -691.474
3200.76 -692.267
3202.25 -693.06
3203.74 -693.853
3205.22 -694.646
3206.71 -695.44
3208.19 -696.233
3209.68 -697.026
3211.17 -697.819
3212.65 -698.612
3214.14 -699.405
3215.62 -700.198
3217.11 -700.991
3218.59 -701.784
3220.08 -702.577
3221.57 -703.37
3223.05 -704.164
3224.54 -704.957
3226.02 -705.75
3227.51 -706.543
3229 -707.336
3230.48 -708.129
3231.97 -708.922
3233.45 -709.715
3234.94 -710.508
3236.42 -711.301
3237.91 -712.094
3239.4 -712.888
3240.88 -713.681
3242.37 -714.474
3243.85 -715.267
3245.34 -716.06
3246.83 -716.853
3248.31 -717.646
3249.8 -718.439
3251.28 -719.232
3252.77 -720.025
3254.25 -720.818
3255.74 -721.612
3257.23 -722.405
3258.71 -723.198
3260.2 -723.991
3261.68 -724.784
3263.17 -725.577
3264.66 -726.37
3266.14 -727.163
3267.63 -727.956
3269.11 -728.749
3270.6 -729.542
3272.08 -730.336
3273.57 -731.129
3275.06 -731.922
3276.54 -732.715
3278.03 -733.508
3279.51 -734.301
3281 -735.094
3282.49 -735.887
3283.97 -736.68
3285.46 -737.474
3286.94 -738.267
3288.43 -739.06
3289.91 -739.853
3291.4 -740.646
3292.89 -741.439
3294.37 -742.232
3295.86 -743.026
3297.34 -743.819
3298.83 -744.612
3300.32 -745.405
3301.8 -746.198
3303.29 -746.991
3304.77 -747.785
3306.26 -748.578
3307.74 -749.371
3309.23 -750.164
3310.72 -750.957
3312.2 -751.75
3313.69 -752.543
3315.17 -753.337
3316.66 -754.13
3318.15 -754.923
3319.63 -755.716
3321.12 -756.509
3322.6 -757.302
3324.09 -758.096
3325.57 -758.889
3327.06 -759.682
3328.55 -760.475
3330.03 -761.268
3331.52 -762.061
3333 -762.854
3334.49 -763.648
3335.98 -764.441
3337.46 -765.234
3338.95 -766.027
3340.43 -766.82
3341.92 -767.613
3343.41 -768.406
3344.89 -769.2
3346.38 -769.993
3347.86 -770.786
3349.35 -771.579
3350.83 -772.372
3352.32 -773.165
3353.81 -773.959
3355.29 -774.752
3356.78 -775.545
3358.26 -776.338
3359.75 -777.131
3361.24 -777.924
3362.72 -778.717
3364.21 -779.511
3365.69 -780.304
3367.18 -781.097
3368.66 -781.89
3370.15 -782.683
3371.64 -783.476
3373.12 -784.27
3374.61 -785.063
3376.09 -785.856
3377.58 -786.649
3379.07 -787.442
3380.55 -788.235
3382.04 -789.028
3383.52 -789.822
3385.01 -790.615
3386.49 -791.408
3387.98 -792.201
3389.47 -792.994
3390.95 -793.787
3392.44 -794.581
3393.92 -795.374
3395.41 -796.167
3396.9 -796.96
3398.38 -797.753
3399.87 -798.546
3401.35 -799.339
3402.84 -800.133
3404.32 -800.926
3405.81 -801.719
3407.3 -802.512
3408.78 -803.305
3410.27 -804.098
3411.75 -804.891
