250 -600
251.459 -599.158
252.917 -598.316
254.376 -597.474
255.835 -596.631
257.293 -595.789
258.752 -594.947
260.211 -594.105
261.669 -593.263
263.128 -592.421
264.587 -591.578
266.045 -590.736
267.504 -589.894
268.963 -589.052
270.421 -588.21
271.88 -587.368
273.339 -586.525
274.798 -585.683
276.256 -584.841
277.715 -583.999
279.174 -583.157
280.632 -582.315
282.091 -581.472
283.55 -580.63
285.008 -579.788
286.467 -578.946
287.926 -578.104
289.385 -577.262
290.843 -576.42
292.302 -575.578
293.761 -574.736
295.22 -573.893
296.678 -573.051
298.137 -572.209
299.596 -571.367
301.054 -570.525
302.513 -569.683
303.972 -568.841
305.431 -567.999
306.889 -567.157
308.348 -566.315
309.807 -565.472
311.266 -564.63
312.724 -563.788
314.183 -562.946
315.642 -562.104
317.101 -561.262
318.56 -560.42
320.018 -559.578
321.477 -558.736
322.936 -557.894
324.395 -557.051
325.853 -556.209
327.312 -555.367
328.771 -554.525
330.23 -553.683
331.689 -552.841
333.147 -551.999
334.606 -551.157
336.065 -550.315
337.524 -549.473
338.983 -548.631
340.442 -547.789
341.9 -546.947
343.359 -546.104
344.818 -545.262
346.277 -544.42
347.736 -543.578
349.195 -542.736
350.654 -541.894
352.112 -541.052
353.571 -540.21
355.03 -539.368
356.489 -538.526
357.948 -537.684
359.407 -536.842
360.866 -536
362.325 -535.158
363.783 -534.316
365.242 -533.474
366.701 -532.632
368.16 -531.79
369.619 -530.948
371.078 -530.106
372.537 -529.264
373.996 -528.422
375.455 -527.58
376.914 -526.738
378.373 -525.896
379.832 -525.054
381.291 -524.212
382.75 -523.37
384.208 -522.528
385.667 -521.686
387.126 -520.844
388.585 -520.002
390.044 -519.16
391.503 -518.318
392.962 -517.476
394.421 -516.634
395.88 -515.792
397.339 -514.95
398.798 -514.108
400.257 -513.266
401.716 -512.424
403.176 -511.582
404.635 -510.74
406.094 -509.898
407.553 -509.057
409.012 -508.215
410.471 -507.373
411.93 -506.531
413.389 -505.689
414.848 -504.847
416.307 -504.005
417.766 -503.163
419.225 -502.321
420.685 -501.479
422.144 -500.637
423.603 -499.796
425.062 -498.954
426.521 -498.112
427.98 -497.27
429.439 -496.428
430.899 -495.586
432.358 -494.744
433.817 -493.902
435.276 -493.061
436.735 -492.219
438.195 -491.377
439.654 -490.535
441.113 -489.693
442.572 -488.851
444.032 -488.01
445.491 -487.168
446.95 -486.326
448.409 -485.484
449.869 -484.642
451.328 -483.801
452.787 -482.959
454.247 -482.117
455.706 -481.275
457.165 -480.434
458.625 -479.592
460.084 -478.75
461.543 -477.908
463.003 -477.066
464.462 -476.225
465.921 -475.383
467.381 -474.541
468.84 -473.7
470.3 -472.858
471.759 -472.016
473.219 -471.174
474.678 -470.333
476.138 -469.491
477.597 -468.649
479.057 -467.808
480.516 -466.966
481.976 -466.124
483.435 -465.283
484.895 -464.441
486.354 -463.599
487.814 -462.758
489.273 -461.916
490.733 -461.074
492.193 -460.233
493.652 -459.391
495.112 -458.55
496.571 -457.708
498.031 -456.867
499.491 -456.025
500.95 -455.183
502.41 -454.342
503.87 -453.5
505.33 -452.659
506.789 -451.817
508.249 -450.976
509.709 -450.134
511.169 -449.293
512.628 -448.451
514.088 -447.61
515.548 -446.768
517.008 -445.927
518.468 -445.085
519.928 -444.244
521.388 -443.402
522.847 -442.561
524.307 -441.719
525.767 -440.878
527.227 -440.037
528.687 -439.195
530.147 -438.354
531.607 -437.513
533.067 -436.671
534.527 -435.83
535.988 -434.988
537.448 -434.147
538.908 -433.306
540.368 -432.465
541.828 -431.623
543.288 -430.782
544.748 -429.941
546.209 -429.099
547.669 -428.258
549.129 -427.417
550.589 -426.576
552.05 -425.734
553.51 -424.893
554.97 -424.052
556.431 -423.211
557.891 -422.37
559.351 -421.529
560.812 -420.687
562.272 -419.846
563.733 -419.005
565.193 -418.164
566.654 -417.323
568.114 -416.482
569.575 -415.641
571.035 -414.8
572.496 -413.959
573.957 -413.118
575.417 -412.277
576.878 -411.436
578.339 -410.595
579.799 -409.754
581.26 -408.913
582.721 -408.072
584.182 -407.231
585.643 -406.39
587.104 -405.549
588.564 -404.708
590.025 -403.868
591.486 -403.027
592.947 -402.186
594.408 -401.345
595.869 -400.504
597.33 -399.664
598.792 -398.823
600.253 -397.982
601.714 -397.142
603.175 -396.301
604.636 -395.46
606.097 -394.62
607.559 -393.779
609.02 -392.938
610.481 -392.098
611.943 -391.257
613.404 -390.417
614.866 -389.576
616.327 -388.735
617.789 -387.895
619.25 -387.055
620.712 -386.214
622.174 -385.374
623.635 -384.533
625.097 -383.693
626.559 -382.852
628.021 -382.012
629.482 -381.172
630.944 -380.332
632.406 -379.491
633.868 -378.651
635.33 -377.811
636.792 -376.971
638.254 -376.13
639.716 -375.29
641.179 -374.45
642.641 -373.61
644.103 -372.77
645.565 -371.93
647.028 -371.09
648.49 -370.25
649.953 -369.41
651.415 -368.57
652.878 -367.73
654.34 -366.89
655.803 -366.05
657.265 -365.211
658.728 -364.371
660.191 -363.531
661.654 -362.691
663.117 -361.851
664.58 -361.012
666.043 -360.172
667.506 -359.332
668.969 -358.493
670.432 -357.653
671.895 -356.814
673.358 -355.974
674.822 -355.135
676.285 -354.295
677.748 -353.456
679.212 -352.617
680.675 -351.777
682.139 -350.938
683.603 -350.099
685.066 -349.26
686.53 -348.42
687.994 -347.581
689.458 -346.742
690.922 -345.903
692.386 -345.064
693.85 -344.225
695.314 -343.386
696.779 -342.547
698.243 -341.708
699.707 -340.869
701.172 -340.031
702.636 -339.192
704.101 -338.353
705.565 -337.515
707.03 -336.676
708.495 -335.837
709.96 -334.999
711.425 -334.16
712.89 -333.322
714.355 -332.483
715.82 -331.645
717.285 -330.807
718.751 -329.969
720.216 -329.13
721.682 -328.292
723.147 -327.454
724.613 -326.616
726.079 -325.778
727.545 -324.94
729.011 -324.102
730.477 -323.264
731.943 -322.426
733.409 -321.589
734.875 -320.751
736.342 -319.913
737.808 -319.076
739.275 -318.238
740.741 -317.401
742.208 -316.563
743.675 -315.726
745.142 -314.888
746.609 -314.051
748.076 -313.214
749.543 -312.377
751.011 -311.54
752.478 -310.703
753.946 -309.866
755.413 -309.029
756.881 -308.192
758.349 -307.355
759.817 -306.519
761.285 -305.682
762.754 -304.846
764.222 -304.009
765.69 -303.173
767.159 -302.336
768.628 -301.5
770.096 -300.664
771.565 -299.828
773.034 -298.992
774.504 -298.156
775.973 -297.32
777.443 -296.484
778.912 -295.648
780.382 -294.812
781.852 -293.977
783.322 -293.141
784.792 -292.306
786.262 -291.471
787.732 -290.635
789.203 -289.8
790.674 -288.965
792.145 -288.13
793.615 -287.295
795.087 -286.46
796.558 -285.625
798.029 -284.791
799.501 -283.956
800.973 -283.122
802.444 -282.287
803.917 -281.453
805.389 -280.619
806.861 -279.785
808.334 -278.951
809.806 -278.117
811.279 -277.283
812.752 -276.449
814.225 -275.616
815.699 -274.782
817.172 -273.949
818.646 -273.116
820.12 -272.282
821.594 -271.449
823.068 -270.616
824.543 -269.784
826.018 -268.951
827.492 -268.118
828.968 -267.286
830.443 -266.453
831.918 -265.621
833.394 -264.789
834.87 -263.957
836.346 -263.125
837.822 -262.293
839.298 -261.462
840.775 -260.63
842.252 -259.799
843.729 -258.968
845.206 -258.137
846.684 -257.306
848.162 -256.475
849.64 -255.644
851.118 -254.814
852.596 -253.983
854.075 -253.153
855.554 -252.323
857.033 -251.493
858.513 -250.663
859.992 -249.833
861.472 -249.004
862.952 -248.174
864.433 -247.345
865.913 -246.516
867.394 -245.687
868.876 -244.858
870.357 -244.03
871.839 -243.201
873.321 -242.373
874.803 -241.545
876.286 -240.717
877.769 -239.89
879.252 -239.062
880.735 -238.235
882.219 -237.407
883.703 -236.58
885.187 -235.754
886.672 -234.927
888.157 -234.101
889.642 -233.274
891.128 -232.448
892.614 -231.622
894.1 -230.797
895.586 -229.971
897.073 -229.146
898.561 -228.321
900.048 -227.496
901.536 -226.672
903.024 -225.847
904.513 -225.023
906.002 -224.199
907.491 -223.376
908.981 -222.552
910.471 -221.729
911.961 -220.906
913.452 -220.083
914.943 -219.261
916.435 -218.438
917.927 -217.616
919.419 -216.794
920.912 -215.973
922.405 -215.152
923.898 -214.33
925.392 -213.51
926.887 -212.689
928.382 -211.869
929.877 -211.049
931.372 -210.229
932.869 -209.41
934.365 -208.591
935.862 -207.772
937.359 -206.953
938.857 -206.135
940.356 -205.317
941.854 -204.499
943.354 -203.682
944.854 -202.865
946.354 -202.048
947.854 -201.232
949.356 -200.416
950.857 -199.6
952.36 -198.785
953.862 -197.969
955.366 -197.155
956.87 -196.34
958.374 -195.526
959.879 -194.712
961.384 -193.899
962.89 -193.086
964.397 -192.273
965.904 -191.461
967.411 -190.649
968.92 -189.838
970.429 -189.026
971.938 -188.216
973.448 -187.405
974.959 -186.595
976.47 -185.786
977.982 -184.977
979.494 -184.168
981.007 -183.36
982.521 -182.552
984.035 -181.744
985.55 -180.937
987.066 -180.131
988.582 -179.325
990.099 -178.519
991.617 -177.714
993.136 -176.909
994.655 -176.105
996.175 -175.301
997.695 -174.498
999.216 -173.695
1000.74 -172.893
1002.26 -172.091
1003.78 -171.29
1005.31 -170.489
1006.83 -169.689
1008.36 -168.889
1009.89 -168.09
1011.41 -167.291
1012.94 -166.493
1014.47 -165.696
1016 -164.899
1017.53 -164.103
1019.06 -163.307
1020.59 -162.512
1022.13 -161.717
1023.66 -160.923
1025.2 -160.13
1026.73 -159.337
1028.27 -158.545
1029.81 -157.754
1031.35 -156.963
1032.88 -156.173
1034.43 -155.384
1035.97 -154.595
1037.51 -153.807
1039.05 -153.02
1040.6 -152.233
1042.14 -151.447
1043.69 -150.662
1045.23 -149.878
1046.78 -149.094
1048.33 -148.311
1049.88 -147.529
1051.43 -146.748
1052.99 -145.967
1054.54 -145.188
1056.09 -144.409
1057.65 -143.631
1059.21 -142.853
1060.77 -142.077
1062.32 -141.301
1063.89 -140.527
1065.45 -139.753
1067.01 -138.98
1068.57 -138.208
1070.14 -137.437
1071.7 -136.667
1073.27 -135.898
1074.84 -135.129
1076.41 -134.362
1077.98 -133.596
1079.55 -132.831
1081.13 -132.067
1082.7 -131.303
1084.28 -130.541
1085.86 -129.78
1087.44 -129.02
1089.02 -128.261
1090.6 -127.504
1092.18 -126.747
1093.77 -125.991
1095.35 -125.237
1096.94 -124.484
1098.53 -123.732
1100.12 -122.981
1101.71 -122.232
1103.31 -121.483
1104.9 -120.736
1106.5 -119.991
1108.1 -119.246
1109.7 -118.503
1111.3 -117.761
1112.9 -117.021
1114.51 -116.282
1116.11 -115.544
1117.72 -114.808
1119.33 -114.073
1120.94 -113.34
1122.55 -112.608
1124.17 -111.878
1125.78 -111.149
1127.4 -110.421
1129.02 -109.696
1130.64 -108.972
1132.27 -108.249
1133.89 -107.528
1135.52 -106.809
1137.15 -106.091
1138.78 -105.376
1140.41 -104.661
1142.05 -103.949
1143.68 -103.239
1145.32 -102.53
1146.96 -101.823
1148.6 -101.118
1150.25 -100.415
1151.89 -99.7138
1153.54 -99.0145
1155.19 -98.3173
1156.85 -97.622
1158.5 -96.9288
1160.16 -96.2377
1161.82 -95.5487
1163.48 -94.8618
1165.14 -94.177
1166.81 -93.4945
1168.47 -92.8142
1170.14 -92.1362
1171.81 -91.4604
1173.49 -90.787
1175.16 -90.1159
1176.84 -89.4473
1178.52 -88.781
1180.21 -88.1173
1181.89 -87.456
1183.58 -86.7973
1185.27 -86.1412
1186.96 -85.4877
1188.66 -84.8368
1190.36 -84.1886
1192.06 -83.5432
1193.76 -82.9006
1195.46 -82.2607
1197.17 -81.6238
1198.88 -80.9897
1200.59 -80.3586
1202.31 -79.7304
1204.03 -79.1053
1205.75 -78.4832
1207.47 -77.8643
1209.2 -77.2485
1210.92 -76.636
1212.65 -76.0267
1214.39 -75.4206
1216.12 -74.818
1217.86 -74.2187
1219.6 -73.6229
1221.35 -73.0306
1223.09 -72.4418
1224.84 -71.8566
1226.6 -71.2751
1228.35 -70.6973
1230.11 -70.1232
1231.87 -69.5529
1233.63 -68.9865
1235.4 -68.4239
1237.17 -67.8654
1238.94 -67.3108
1240.71 -66.7604
1242.49 -66.214
1244.27 -65.6719
1246.05 -65.134
1247.84 -64.6003
1249.63 -64.0711
1251.42 -63.5463
1253.22 -63.0259
1255.01 -62.5101
1256.81 -61.9989
1258.62 -61.4923
1260.42 -60.9905
1262.23 -60.4934
1264.04 -60.0011
1265.86 -59.5138
1267.67 -59.0314
1269.49 -58.5541
1271.32 -58.0819
1273.14 -57.6148
1274.97 -57.1529
1276.8 -56.6963
1278.64 -56.245
1280.47 -55.7992
1282.32 -55.3588
1284.16 -54.9239
1286 -54.4947
1287.85 -54.0711
1289.7 -53.6533
1291.56 -53.2412
1293.41 -52.8351
1295.27 -52.4348
1297.14 -52.0405
1299 -51.6523
1300.87 -51.2702
1302.74 -50.8943
1304.61 -50.5247
1306.49 -50.1614
1308.36 -49.8044
1310.24 -49.4539
1312.13 -49.1099
1314.01 -48.7724
1315.9 -48.4416
1317.79 -48.1175
1319.68 -47.8001
1321.58 -47.4895
1323.47 -47.1858
1325.37 -46.889
1327.27 -46.5993
1329.18 -46.3166
1331.08 -46.0409
1332.99 -45.7725
1334.9 -45.5112
1336.81 -45.2573
1338.73 -45.0106
1340.65 -44.7713
1342.56 -44.5395
1344.48 -44.3151
1346.4 -44.0983
1348.33 -43.889
1350.25 -43.6874
1352.18 -43.4934
1354.11 -43.3071
1356.04 -43.1286
1357.97 -42.9578
1359.9 -42.7949
1361.83 -42.6399
1363.77 -42.4928
1365.7 -42.3536
1367.64 -42.2224
1369.58 -42.0992
1371.52 -41.984
1373.46 -41.8769
1375.4 -41.7779
1377.34 -41.687
1379.28 -41.6042
1381.23 -41.5296
1383.17 -41.4632
1385.12 -41.4049
1387.06 -41.3549
1389.01 -41.313
1390.95 -41.2794
1392.9 -41.2541
1394.84 -41.237
1396.79 -41.2281
1398.74 -41.2275
1400.68 -41.2353
1402.63 -41.2514
1404.58 -41.2758
1406.52 -41.3084
1408.47 -41.3493
1410.41 -41.3984
1412.36 -41.4557
1414.3 -41.5212
1416.25 -41.5949
1418.19 -41.6768
1420.13 -41.7668
1422.07 -41.865
1424.01 -41.9713
1425.95 -42.0857
1427.89 -42.2081
1429.83 -42.3386
1431.77 -42.4771
1433.7 -42.6236
1435.64 -42.778
1437.57 -42.9403
1439.5 -43.1105
1441.43 -43.2885
1443.36 -43.4744
1445.29 -43.6679
1447.21 -43.8692
1449.14 -44.0782
1451.06 -44.2948
1452.98 -44.5189
1454.9 -44.7506
1456.82 -44.9898
1458.73 -45.2364
1460.65 -45.4904
1462.56 -45.7517
1464.47 -46.0203
1466.37 -46.2961
1468.28 -46.5791
1470.18 -46.8692
1472.08 -47.1663
1473.98 -47.4704
1475.88 -47.7815
1477.77 -48.0994
1479.66 -48.4241
1481.55 -48.7556
1483.44 -49.0938
1485.32 -49.4386
1487.2 -49.79
1489.08 -50.1479
1490.96 -50.5122
1492.83 -50.8829
1494.7 -51.2599
1496.57 -51.6432
1498.44 -52.0327
1500.3 -52.4282
1502.16 -52.8299
1504.02 -53.2375
1505.87 -53.651
1507.73 -54.0704
1509.58 -54.4956
1511.42 -54.9265
1513.27 -55.3631
1515.11 -55.8052
1516.95 -56.2529
1518.78 -56.7061
1520.61 -57.1647
1522.44 -57.6286
1524.27 -58.0978
1526.09 -58.5722
1527.92 -59.0517
1529.73 -59.5363
1531.55 -60.026
1533.36 -59.5421
1535.18 -59.0631
1537 -58.5892
1538.83 -58.1204
1540.65 -57.6568
1542.48 -57.1984
1544.32 -56.7453
1546.15 -56.2975
1547.99 -55.8551
1549.83 -55.4182
1551.67 -54.9869
1553.52 -54.5611
1555.37 -54.1411
1557.22 -53.7267
1559.08 -53.3182
1560.93 -52.9155
1562.79 -52.5188
1564.65 -52.128
1566.52 -51.7433
1568.39 -51.3648
1570.26 -50.9924
1572.13 -50.6262
1574.01 -50.2664
1575.88 -49.9129
1577.77 -49.5659
1579.65 -49.2254
1581.53 -48.8914
1583.42 -48.5641
1585.31 -48.2434
1587.2 -47.9295
1589.1 -47.6224
1591 -47.3221
1592.9 -47.0288
1594.8 -46.7424
1596.7 -46.4631
1598.61 -46.1909
1600.52 -45.9258
1602.43 -45.6679
1604.34 -45.4173
1606.25 -45.174
1608.17 -44.938
1610.08 -44.7095
1612 -44.4884
1613.92 -44.2748
1615.85 -44.0688
1617.77 -43.8704
1619.7 -43.6796
1621.63 -43.4965
1623.55 -43.3211
1625.49 -43.1535
1627.42 -42.9937
1629.35 -42.8417
1631.28 -42.6976
1633.22 -42.5615
1635.16 -42.4332
1637.09 -42.313
1639.03 -42.2007
1640.97 -42.0965
1642.91 -42.0003
1644.85 -41.9122
1646.8 -41.8322
1648.74 -41.7604
1650.68 -41.6966
1652.62 -41.6411
1654.57 -41.5936
1656.51 -41.5544
1658.46 -41.5234
1660.4 -41.5005
1662.35 -41.4859
1664.29 -41.4794
1666.24 -41.4812
1668.18 -41.4912
1670.13 -41.5094
1672.07 -41.5358
1674.02 -41.5704
1675.96 -41.6132
1677.91 -41.6642
1679.85 -41.7233
1681.79 -41.7906
1683.74 -41.8661
1685.68 -41.9497
1687.62 -42.0414
1689.56 -42.1412
1691.5 -42.2491
1693.44 -42.365
1695.38 -42.4889
1697.31 -42.6208
1699.25 -42.7607
1701.18 -42.9085
1703.12 -43.0642
1705.05 -43.2278
1706.98 -43.3992
1708.91 -43.5783
1710.83 -43.7653
1712.76 -43.9599
1714.68 -44.1622
1716.61 -44.3721
1718.53 -44.5896
1720.45 -44.8146
1722.37 -45.0471
1724.28 -45.2871
1726.2 -45.5344
1728.11 -45.7891
1730.02 -46.051
1731.93 -46.3202
1733.83 -46.5965
1735.73 -46.88
1737.64 -47.1705
1739.54 -47.4681
1741.43 -47.7726
1743.33 -48.0839
1745.22 -48.4022
1747.11 -48.7271
1749 -49.0588
1750.88 -49.3972
1752.77 -49.7421
1754.65 -50.0936
1756.52 -50.4515
1758.4 -50.8158
1760.27 -51.1865
1762.14 -51.5634
1764.01 -51.9466
1765.87 -52.3358
1767.74 -52.7312
1769.6 -53.1326
1771.45 -53.54
1773.31 -53.9532
1775.16 -54.3723
1777.01 -54.7971
1778.85 -55.2276
1780.7 -55.6638
1782.54 -56.1055
1784.37 -56.5527
1786.21 -57.0053
1788.04 -57.4634
1789.87 -57.9267
1791.69 -58.3953
1793.52 -58.869
1795.34 -59.3479
1797.16 -59.8318
1798.97 -60.3207
1800.78 -60.8146
1802.59 -61.3133
1804.4 -61.8168
1806.2 -62.3251
1808 -62.838
1809.8 -63.3556
1811.59 -63.8777
1813.38 -64.4044
1815.17 -64.9354
1816.96 -65.4709
1818.74 -66.0107
1820.52 -66.5547
1822.3 -67.103
1824.07 -67.6554
1825.85 -68.2119
1827.61 -68.7725
1829.38 -69.337
1831.14 -69.9055
1832.9 -70.4779
1834.66 -71.0541
1836.42 -71.634
1838.17 -72.2177
1839.92 -72.805
1841.66 -73.396
1843.41 -73.9905
1845.15 -74.5885
1846.89 -75.19
1848.62 -75.795
1850.36 -76.4032
1852.09 -77.0148
1853.81 -77.6297
1855.54 -78.2478
1857.26 -78.8691
1858.98 -79.4935
1860.7 -80.121
1862.41 -80.7516
1864.13 -81.3851
1865.84 -82.0216
1867.54 -82.661
1869.25 -83.3033
1870.95 -83.9484
1872.65 -84.5964
1874.35 -85.247
1876.04 -85.9004
1877.73 -86.5564
1879.42 -87.2151
1881.11 -87.8763
1882.8 -88.5402
1884.48 -89.2065
1886.16 -89.8753
1887.84 -90.5466
1889.51 -91.2202
1891.19 -91.8963
1892.86 -92.5747
1894.53 -93.2553
1896.19 -93.9383
1897.86 -94.6235
1899.52 -95.3109
1901.18 -96.0005
1902.84 -96.6922
1904.5 -97.386
1906.15 -98.0819
1907.8 -98.7798
1909.45 -99.4798
1911.1 -100.182
1912.74 -100.886
1914.39 -101.592
1916.03 -102.299
1917.67 -103.009
1919.31 -103.72
1920.94 -104.434
1922.58 -105.149
1924.21 -105.866
1925.84 -106.584
1927.47 -107.304
1929.09 -108.026
1930.72 -108.75
1932.34 -109.475
1933.96 -110.202
1935.58 -110.931
1937.2 -111.661
1938.81 -112.393
1940.42 -113.126
1942.04 -113.86
1943.65 -114.597
1945.25 -115.334
1946.86 -116.073
1948.47 -116.814
1950.07 -117.556
1951.67 -118.299
1953.27 -119.044
1954.87 -119.79
1956.47 -120.537
1958.06 -121.285
1959.66 -122.035
1961.25 -122.786
1962.84 -123.539
1964.43 -124.292
1966.02 -125.047
1967.61 -125.803
1969.19 -126.56
1970.77 -127.319
1972.36 -128.078
1973.94 -128.839
1975.52 -129.601
1977.09 -130.363
1978.67 -131.127
1980.25 -131.892
1981.82 -132.658
1983.39 -133.425
1984.96 -134.193
1986.53 -134.963
1988.1 -135.733
1989.67 -136.504
1991.24 -137.276
1992.8 -138.049
1994.37 -138.823
1995.93 -139.597
1997.49 -140.373
1999.05 -141.15
2000.61 -141.927
2002.17 -142.706
2003.72 -143.485
2005.28 -144.265
2006.83 -145.046
2008.39 -145.828
2009.94 -146.61
2011.49 -147.394
2013.04 -148.178
2014.59 -148.963
2016.14 -149.749
2017.68 -150.535
2019.23 -151.322
2020.78 -152.11
2022.32 -152.899
2023.86 -153.689
2025.4 -154.479
2026.94 -155.27
2028.48 -156.061
2030.02 -156.853
2031.56 -157.646
2033.1 -158.44
2034.64 -159.234
2036.17 -160.029
2037.7 -160.824
2039.24 -161.62
2040.77 -162.417
2042.3 -163.215
2043.83 -164.013
2045.36 -164.811
2046.89 -165.61
2048.42 -166.41
2049.95 -167.21
2051.48 -168.011
2053 -168.812
2054.53 -169.614
2056.05 -170.417
2057.57 -171.22
2059.1 -172.023
2060.62 -172.827
2062.14 -173.632
2063.66 -174.437
2065.18 -175.243
2066.7 -176.049
2068.22 -176.855
2069.74 -177.662
2071.25 -178.47
2072.77 -179.278
2074.28 -180.086
2075.8 -180.895
2077.31 -181.705
2078.83 -182.514
2080.34 -183.325
2081.85 -184.135
2083.36 -184.946
2084.88 -185.758
2086.39 -186.57
2087.9 -187.382
2089.4 -188.195
2090.91 -189.008
2092.42 -189.821
2093.93 -190.635
2095.44 -191.45
2096.94 -192.264
2098.45 -193.079
2099.95 -193.895
2101.46 -194.711
2102.96 -195.527
2104.46 -196.343
2105.97 -197.16
2107.47 -197.977
2108.97 -198.795
2110.47 -199.613
2111.97 -200.431
2113.47 -201.249
2114.97 -202.068
2116.47 -202.887
2117.97 -203.707
2119.47 -204.527
2120.97 -205.347
2122.46 -206.167
2123.96 -206.988
2125.46 -207.809
2126.95 -208.63
2128.45 -209.452
2129.94 -210.274
2131.44 -211.096
2132.93 -211.918
2134.43 -212.741
2135.92 -213.564
2137.41 -214.387
2138.9 -215.211
2140.4 -216.034
2141.89 -216.858
2143.38 -217.683
2144.87 -218.507
2146.36 -219.332
2147.85 -220.157
2149.34 -220.982
2150.83 -221.808
2152.32 -222.633
2153.81 -223.459
2155.29 -224.286
2156.78 -225.112
2158.27 -225.939
2159.76 -226.766
2161.24 -227.593
2162.73 -228.42
2164.22 -229.247
2165.7 -230.075
2167.19 -230.903
2168.67 -231.731
2170.16 -232.559
2171.64 -233.388
2173.13 -234.217
2174.61 -235.046
2176.09 -235.875
2177.58 -236.704
2179.06 -237.534
2180.54 -238.363
2182.02 -239.193
2183.5 -240.023
2184.99 -240.853
2186.47 -241.684
2187.95 -242.514
2189.43 -243.345
2190.91 -244.176
2192.39 -245.007
2193.87 -245.838
2195.35 -246.67
2196.83 -247.501
2198.31 -248.333
2199.79 -249.165
2201.27 -249.997
2202.74 -250.829
2204.22 -251.661
2205.7 -252.494
2207.18 -253.326
2208.66 -254.159
2210.13 -254.992
2211.61 -255.825
2213.09 -256.658
2214.56 -257.492
2216.04 -258.325
2217.52 -259.159
2218.99 -259.993
2220.47 -260.827
2221.94 -261.661
2223.42 -262.495
2224.89 -263.329
2226.37 -264.163
2227.84 -264.998
2229.32 -265.833
2230.79 -266.667
2232.26 -267.502
2233.74 -268.337
2235.21 -269.172
2236.68 -270.008
2238.16 -270.843
2239.63 -271.679
2241.1 -272.514
2242.58 -273.35
2244.05 -274.186
2245.52 -275.022
2246.99 -275.858
2248.46 -276.694
2249.94 -277.53
2251.41 -278.366
2252.88 -279.203
2254.35 -280.039
2255.82 -280.876
2257.29 -281.713
2258.76 -282.549
2260.23 -283.386
2261.7 -284.223
2263.17 -285.06
2264.64 -285.898
2266.11 -286.735
2267.58 -287.572
2269.05 -288.41
2270.52 -289.247
2271.99 -290.085
2273.46 -290.923
2274.93 -291.76
2276.4 -292.598
2277.87 -293.436
2279.34 -294.274
2280.8 -295.112
2282.27 -295.951
2283.74 -296.789
2285.21 -297.627
2286.68 -298.466
2288.14 -299.304
2289.61 -300.143
2291.08 -300.981
2292.55 -301.82
2294.01 -302.659
2295.48 -303.498
2296.95 -304.337
2298.42 -305.176
2299.88 -306.015
2301.35 -306.854
2302.82 -307.693
2304.28 -308.533
2305.75 -309.372
2307.22 -310.211
2308.68 -311.051
2310.15 -311.89
2311.61 -312.73
2313.08 -313.57
2314.55 -314.409
2316.01 -315.249
2317.48 -316.089
2318.94 -316.929
2320.41 -317.769
2321.87 -318.609
2323.34 -319.449
2324.8 -320.289
2326.27 -321.129
2327.73 -321.97
2329.2 -322.81
2330.66 -323.65
2332.13 -324.491
2333.59 -325.331
2335.06 -326.172
2336.52 -327.012
2337.98 -327.853
2339.45 -328.693
2340.91 -329.534
2342.38 -330.375
2343.84 -331.216
2345.3 -332.056
2346.77 -332.897
2348.23 -333.738
2349.7 -334.579
2351.16 -335.42
2352.62 -336.261
2354.09 -337.103
2355.55 -337.944
2357.01 -338.785
2358.48 -339.626
2359.94 -340.467
2361.4 -341.309
2362.86 -342.15
2364.33 -342.992
2365.79 -343.833
2367.25 -344.674
2368.72 -345.516
2370.18 -346.358
2371.64 -347.199
2373.1 -348.041
2374.57 -348.882
2376.03 -349.724
2377.49 -350.566
2378.95 -351.408
2380.41 -352.25
2381.88 -353.091
2383.34 -353.933
2384.8 -354.775
2386.26 -355.617
2387.72 -356.459
2389.19 -357.301
2390.65 -358.143
2392.11 -358.985
2393.57 -359.828
2395.03 -360.67
2396.49 -361.512
2397.96 -362.354
2399.42 -363.196
2400.88 -364.039
2402.34 -364.881
2403.8 -365.723
2405.26 -366.566
2406.72 -367.408
2408.19 -368.25
2409.65 -369.093
2411.11 -369.935
2412.57 -370.778
2414.03 -371.62
2415.49 -372.463
2416.95 -373.306
2418.41 -374.148
2419.87 -374.991
2421.33 -375.833
2422.79 -376.676
2424.25 -377.519
2425.72 -378.362
2427.18 -379.204
2428.64 -380.047
2430.1 -380.89
2431.56 -381.733
2433.02 -382.576
2434.48 -383.418
2435.94 -384.261
2437.4 -385.104
2438.86 -385.947
2440.32 -386.79
2441.78 -387.633
2443.24 -388.476
2444.7 -389.319
2446.16 -390.162
2447.62 -391.005
2449.08 -391.848
2450.54 -392.691
2452 -393.535
2453.46 -394.378
2454.92 -395.221
2456.38 -396.064
2457.84 -396.907
2459.3 -397.751
2460.76 -398.594
2462.22 -399.437
2463.68 -400.28
2465.14 -401.124
2466.6 -401.967
2468.06 -402.81
2469.52 -403.654
2470.98 -404.497
2472.43 -405.34
2473.89 -406.184
2475.35 -407.027
2476.81 -407.871
2478.27 -408.714
2479.73 -409.557
2481.19 -410.401
2482.65 -411.244
2484.11 -412.088
2485.57 -412.931
2487.03 -413.775
2488.49 -414.618
2489.95 -415.462
2491.41 -416.306
2492.86 -417.149
2494.32 -417.993
2495.78 -418.836
2497.24 -419.68
2498.7 -420.524
2500.16 -421.367
2501.62 -422.211
2503.08 -423.055
2504.54 -423.898
2506 -424.742
2507.45 -425.586
2508.91 -426.43
2510.37 -427.273
2511.83 -428.117
2513.29 -428.961
2514.75 -429.805
2516.21 -430.648
2517.67 -431.492
2519.12 -432.336
2520.58 -433.18
2522.04 -434.024
2523.5 -434.868
2524.96 -435.711
2526.42 -436.555
2527.88 -437.399
2529.33 -438.243
2530.79 -439.087
2532.25 -439.931
2533.71 -440.775
2535.17 -441.619
2536.63 -442.463
2538.09 -443.307
2539.54 -444.151
2541 -444.995
2542.46 -445.839
2543.92 -446.683
2545.38 -447.527
2546.84 -448.371
2548.29 -449.215
2549.75 -450.059
2551.21 -450.903
2552.67 -451.747
2554.13 -452.591
2555.59 -453.435
2557.04 -454.279
2558.5 -455.123
2559.96 -455.967
2561.42 -456.811
2562.88 -457.655
2564.34 -458.499
2565.79 -459.344
2567.25 -460.188
2568.71 -461.032
2570.17 -461.876
2571.63 -462.72
2573.08 -463.564
2574.54 -464.408
2576 -465.253
2577.46 -466.097
2578.92 -466.941
2580.38 -467.785
2581.83 -468.629
2583.29 -469.474
2584.75 -470.318
2586.21 -471.162
2587.67 -472.006
2589.12 -472.85
2590.58 -473.695
2592.04 -474.539
2593.5 -475.383
2594.96 -476.227
2596.41 -477.072
2597.87 -477.916
2599.33 -478.76
2600.79 -479.605
2602.25 -480.449
2603.7 -481.293
2605.16 -482.137
2606.62 -482.982
2608.08 -483.826
2609.53 -484.67
2610.99 -485.515
2612.45 -486.359
2613.91 -487.203
2615.36 -488.048
2616.82 -488.892
2618.28 -489.736
2619.74 -490.581
2621.2 -491.425
2622.65 -492.269
2624.11 -493.114
2625.57 -493.958
2627.03 -494.803
2628.48 -495.647
2629.94 -496.491
2631.4 -497.336
2632.86 -498.18
2634.32 -499.025
2635.77 -499.869
2637.23 -500.713
2638.69 -501.558
2640.15 -502.402
2641.6 -503.247
2643.06 -504.091
2644.52 -504.935
2645.98 -505.78
2647.44 -506.624
2648.89 -507.469
2650.35 -508.313
2651.81 -509.158
2653.27 -510.002
2654.72 -510.847
2656.18 -511.691
2657.64 -512.535
2659.1 -513.38
2660.55 -514.224
2662.01 -515.069
2663.47 -515.913
2664.93 -516.758
2666.38 -517.602
2667.84 -518.447
2669.3 -519.291
2670.76 -520.136
2672.21 -520.98
2673.67 -521.825
2675.13 -522.669
2676.59 -523.514
2678.04 -524.358
2679.5 -525.203
2680.96 -526.047
2682.42 -526.892
2683.87 -527.736
2685.33 -528.581
2686.79 -529.425
2688.25 -530.27
2689.7 -531.115
2691.16 -531.959
2692.62 -532.804
2694.08 -533.648
2695.53 -534.493
2696.99 -535.337
2698.45 -536.182
2699.91 -537.026
2701.36 -537.871
2702.82 -538.715
2704.28 -539.56
2705.74 -540.405
2707.19 -541.249
2708.65 -542.094
2710.11 -542.938
2711.57 -543.783
2713.02 -544.627
2714.48 -545.472
2715.94 -546.317
2717.4 -547.161
2718.85 -548.006
2720.31 -548.85
2721.77 -549.695
2723.22 -550.54
2724.68 -551.384
2726.14 -552.229
2727.6 -553.073
2729.05 -553.918
2730.51 -554.763
2731.97 -555.607
2733.43 -556.452
2734.88 -557.296
2736.34 -558.141
2737.8 -558.986
2739.25 -559.83
2740.71 -560.675
2742.17 -561.519
2743.63 -562.364
2745.08 -563.209
2746.54 -564.053
2748 -564.898
2749.46 -565.742
2750.91 -566.587
2752.37 -567.432
2753.83 -568.276
2755.28 -569.121
2756.74 -569.966
2758.2 -570.81
2759.66 -571.655
2761.11 -572.5
2762.57 -573.344
2764.03 -574.189
2765.49 -575.034
2766.94 -575.878
2768.4 -576.723
2769.86 -577.568
2771.31 -578.412
2772.77 -579.257
2774.23 -580.102
2775.69 -580.946
2777.14 -581.791
2778.6 -582.635
2780.06 -583.48
2781.52 -584.325
2782.97 -585.169
2784.43 -586.014
2785.89 -586.859
2787.34 -587.703
2788.8 -588.548
2790.26 -589.393
2791.72 -590.237
2793.17 -591.082
2794.63 -591.927
2796.09 -592.771
2797.55 -593.616
2799 -594.461
2800.46 -595.305
2801.92 -596.15
2803.37 -596.995
2804.83 -597.839
2806.29 -598.684
2807.75 -599.529
2809.2 -600.373
2810.66 -601.218
2812.12 -602.063
2813.58 -602.907
2815.03 -603.752
2816.49 -604.597
2817.95 -605.441
2819.4 -606.286
2820.86 -607.131
2822.32 -607.975
2823.78 -608.82
2825.23 -609.665
2826.69 -610.509
2828.15 -611.354
2829.61 -612.199
2831.06 -613.044
2832.52 -613.888
2833.98 -614.733
2835.43 -615.578
2836.89 -616.422
2838.35 -617.267
2839.81 -618.112
2841.26 -618.957
2842.72 -619.801
2844.18 -620.646
2845.64 -621.491
2847.09 -622.336
2848.55 -623.18
2850.01 -624.025
2851.46 -624.87
2852.92 -625.714
2854.38 -626.559
2855.84 -627.404
2857.29 -628.249
2858.75 -629.093
2860.21 -629.938
2861.66 -630.783
2863.12 -631.628
2864.58 -632.472
2866.04 -633.317
2867.49 -634.162
2868.95 -635.006
2870.41 -635.851
2871.86 -636.696
2873.32 -637.541
2874.78 -638.385
2876.23 -639.23
2877.69 -640.075
2879.15 -640.92
2880.61 -641.764
2882.06 -642.609
2883.52 -643.454
2884.98 -644.298
2886.43 -645.143
2887.89 -645.988
2889.35 -646.833
2890.8 -647.677
2892.26 -648.522
2893.72 -649.367
2895.18 -650.212
2896.63 -651.056
2898.09 -651.901
2899.55 -652.746
2901 -653.59
2902.46 -654.435
2903.92 -655.28
2905.38 -656.125
2906.83 -656.969
2908.29 -657.814
2909.75 -658.659
2911.2 -659.504
2912.66 -660.348
2914.12 -661.193
2915.57 -662.038
2917.03 -662.882
2918.49 -663.727
2919.95 -664.572
2921.4 -665.417
2922.86 -666.261
2924.32 -667.106
2925.77 -667.951
2927.23 -668.796
2928.69 -669.64
2930.14 -670.485
2931.6 -671.33
2933.06 -672.174
2934.52 -673.019
2935.97 -673.864
2937.43 -674.709
2938.89 -675.553
2940.34 -676.398
2941.8 -677.243
2943.26 -678.088
2944.71 -678.932
2946.17 -679.777
2947.63 -680.622
2949.09 -681.466
2950.54 -682.311
2952 -683.156
2953.46 -684.001
2954.91 -684.845
2956.37 -685.69
2957.83 -686.535
2959.29 -687.38
2960.74 -688.224
2962.2 -689.069
2963.66 -689.914
2965.11 -690.758
2966.57 -691.603
2968.03 -692.448
2969.48 -693.293
2970.94 -694.137
2972.4 -694.982
2973.86 -695.827
2975.31 -696.672
2976.77 -697.516
2978.23 -698.361
2979.68 -699.206
2981.14 -700.05
2982.6 -700.895
2984.05 -701.74
2985.51 -702.585
2986.97 -703.429
2988.43 -704.274
2989.88 -705.119
2991.34 -705.964
2992.8 -706.808
2994.25 -707.653
2995.71 -708.498
2997.17 -709.342
2998.62 -710.187
3000.08 -711.032
3001.54 -711.877
3003 -712.721
3004.45 -713.566
3005.91 -714.411
3007.37 -715.256
3008.82 -716.1
3010.28 -716.945
3011.74 -717.79
3013.2 -718.635
3014.65 -719.48
3016.11 -720.324
3017.57 -721.169
3019.02 -722.014
3020.48 -722.859
3021.94 -723.704
3023.39 -724.548
3024.85 -725.393
3026.31 -726.238
3027.77 -727.083
3029.22 -727.927
3030.68 -728.772
3032.14 -729.617
3033.59 -730.462
3035.05 -731.307
3036.51 -732.151
3037.96 -732.996
3039.42 -733.841
3040.88 -734.686
3042.34 -735.531
3043.79 -736.375
3045.25 -737.22
3046.71 -738.065
3048.16 -738.91
3049.62 -739.755
3051.08 -740.599
3052.54 -741.444
3053.99 -742.289
3055.45 -743.134
3056.91 -743.978
3058.36 -744.823
3059.82 -745.668
3061.28 -746.513
3062.73 -747.358
3064.19 -748.202
3065.65 -749.047
3067.11 -749.892
3068.56 -750.737
3070.02 -751.582
3071.48 -752.426
3072.93 -753.271
3074.39 -754.116
3075.85 -754.961
3077.3 -755.805
3078.76 -756.65
3080.22 -757.495
3081.68 -758.34
3083.13 -759.185
3084.59 -760.029
3086.05 -760.874
3087.5 -761.719
3088.96 -762.564
3090.42 -763.409
3091.88 -764.253
3093.33 -765.098
3094.79 -765.943
3096.25 -766.788
3097.7 -767.633
3099.16 -768.477
3100.62 -769.322
3102.07 -770.167
3103.53 -771.012
3104.99 -771.856
3106.45 -772.701
3107.9 -773.546
3109.36 -774.391
3110.82 -775.236
3112.27 -776.08
3113.73 -776.925
3115.19 -777.77
3116.64 -778.615
3118.1 -779.46
3119.56 -780.304
3121.02 -781.149
3122.47 -781.994
3123.93 -782.839
3125.39 -783.683
3126.84 -784.528
3128.3 -785.373
3129.76 -786.218
3131.21 -787.063
3132.67 -787.907
3134.13 -788.752
3135.59 -789.597
3137.04 -790.442
3138.5 -791.287
3139.96 -792.131
3141.41 -792.976
3142.87 -793.821
3144.33 -794.666
3145.79 -795.51
3147.24 -796.355
3148.7 -797.2
3150.16 -798.045
3151.61 -798.89
3153.07 -799.734
3154.53 -800.579
3155.98 -801.424
3157.44 -802.269
3158.9 -803.114
3160.36 -803.958
3161.81 -804.803
3163.27 -805.648
3164.73 -806.493
3166.18 -807.338
3167.64 -808.182
3169.1 -809.027
3170.55 -809.872
3172.01 -810.717
3173.47 -811.561
3174.93 -812.406
3176.38 -813.251
3177.84 -814.096
3179.3 -814.941
3180.75 -815.785
3182.21 -816.63
3183.67 -817.475
3185.12 -818.32
3186.58 -819.165
3188.04 -820.009
3189.5 -820.854
3190.95 -821.699
3192.41 -822.544
3193.87 -823.388
3195.32 -824.233
3196.78 -825.078
3198.24 -825.923
3199.7 -826.768
3201.15 -827.612
3202.61 -828.457
3204.07 -829.302
3205.52 -830.147
3206.98 -830.992
3208.44 -831.836
3209.89 -832.681
3211.35 -833.526
3212.81 -834.371
3214.27 -835.216
3215.72 -836.06
3217.18 -836.905
3218.64 -837.75
3220.09 -838.595
3221.55 -839.439
3223.01 -840.284
3224.46 -841.129
3225.92 -841.974
3227.38 -842.819
3228.84 -843.663
3230.29 -844.508
3231.75 -845.353
3233.21 -846.198
3234.66 -847.043
3236.12 -847.887
3237.58 -848.732
3239.04 -849.577
3240.49 -850.422
3241.95 -851.266
3243.41 -852.111
3244.86 -852.956
3246.32 -853.801
3247.78 -854.646
3249.23 -855.49
3250.69 -856.335
3252.15 -857.18
3253.61 -858.025
3255.06 -858.87
3256.52 -859.714
3257.98 -860.559
3259.43 -861.404
3260.89 -862.249
3262.35 -863.094
3263.8 -863.938
3265.26 -864.783
3266.72 -865.628
3268.18 -866.473
3269.63 -867.317
3271.09 -868.162
3272.55 -869.007
3274 -869.852
3275.46 -870.697
3276.92 -871.541
3278.38 -872.386
3279.83 -873.231
3281.29 -874.076
3282.75 -874.921
3284.2 -875.765
3285.66 -876.61
3287.12 -877.455
3288.57 -878.3
3290.03 -879.144
3291.49 -879.989
3292.95 -880.834
3294.4 -881.679
3295.86 -882.524
3297.32 -883.368
3298.77 -884.213
3300.23 -885.058
3301.69 -885.903
3303.14 -886.748
3304.6 -887.592
3306.06 -888.437
3307.52 -889.282
3308.97 -890.127
3310.43 -890.971
3311.89 -891.816
3313.34 -892.661
3314.8 -893.506
3316.26 -894.351
3317.71 -895.195
3319.17 -896.04
3320.63 -896.885
3322.09 -897.73
3323.54 -898.575
3325 -899.419
3326.46 -900.264
3327.91 -901.109
3329.37 -901.954
3330.83 -902.799
3332.29 -903.643
3333.74 -904.488
3335.2 -905.333
3336.66 -906.178
3338.11 -907.022
3339.57 -907.867
3341.03 -908.712
3342.48 -909.557
3343.94 -910.402
3345.4 -911.246
3346.86 -912.091
3348.31 -912.936
3349.77 -913.781
3351.23 -914.626
3352.68 -915.47
3354.14 -916.315
3355.6 -917.16
3357.05 -918.005
