250 -600
251.527 -599.288
253.053 -598.576
254.58 -597.865
256.106 -597.153
257.633 -596.441
259.159 -595.729
260.686 -595.017
262.212 -594.306
263.739 -593.594
265.265 -592.882
266.792 -592.17
268.318 -591.458
269.845 -590.747
271.371 -590.035
272.898 -589.323
274.424 -588.611
275.951 -587.899
277.477 -587.188
279.004 -586.476
280.531 -585.764
282.057 -585.052
283.584 -584.341
285.11 -583.629
286.637 -582.917
288.163 -582.205
289.69 -581.493
291.216 -580.782
292.743 -580.07
294.27 -579.358
295.796 -578.646
297.323 -577.934
298.849 -577.223
300.376 -576.511
301.902 -575.799
303.429 -575.087
304.956 -574.375
306.482 -573.664
308.009 -572.952
309.535 -572.24
311.062 -571.528
312.588 -570.817
314.115 -570.105
315.642 -569.393
317.168 -568.681
318.695 -567.97
320.221 -567.258
321.748 -566.546
323.275 -565.835
324.801 -565.123
326.328 -564.411
327.855 -563.699
329.381 -562.988
330.908 -562.276
332.434 -561.564
333.961 -560.852
335.488 -560.141
337.014 -559.429
338.541 -558.717
340.068 -558.005
341.594 -557.294
343.121 -556.582
344.648 -555.87
346.174 -555.159
347.701 -554.447
349.227 -553.735
350.754 -553.023
352.281 -552.312
353.807 -551.6
355.334 -550.888
356.861 -550.177
358.388 -549.465
359.914 -548.753
361.441 -548.042
362.968 -547.33
364.494 -546.618
366.021 -545.907
367.548 -545.195
369.074 -544.483
370.601 -543.772
372.128 -543.06
373.654 -542.348
375.181 -541.637
376.708 -540.925
378.235 -540.213
379.761 -539.502
381.288 -538.79
382.815 -538.079
384.342 -537.367
385.868 -536.655
387.395 -535.944
388.922 -535.232
390.449 -534.521
391.975 -533.809
393.502 -533.097
395.029 -532.386
396.556 -531.674
398.082 -530.962
399.609 -530.251
401.136 -529.539
402.663 -528.828
404.19 -528.116
405.716 -527.404
407.243 -526.693
408.77 -525.981
410.297 -525.27
411.824 -524.558
413.35 -523.847
414.877 -523.135
416.404 -522.424
417.931 -521.712
419.458 -521
420.985 -520.289
422.511 -519.577
424.038 -518.866
425.565 -518.154
427.092 -517.443
428.619 -516.731
430.146 -516.02
431.673 -515.308
433.199 -514.597
434.726 -513.885
436.253 -513.174
437.78 -512.462
439.307 -511.751
440.834 -511.039
442.361 -510.328
443.888 -509.616
445.415 -508.905
446.942 -508.193
448.469 -507.482
449.996 -506.77
451.523 -506.059
453.049 -505.347
454.576 -504.636
456.103 -503.925
457.63 -503.213
459.157 -502.502
460.684 -501.79
462.211 -501.079
463.738 -500.367
465.265 -499.656
466.792 -498.945
468.319 -498.233
469.846 -497.522
471.374 -496.811
472.901 -496.099
474.428 -495.388
475.955 -494.676
477.482 -493.965
479.009 -493.254
480.536 -492.542
482.063 -491.831
483.59 -491.12
485.117 -490.408
486.644 -489.697
488.171 -488.986
489.699 -488.274
491.226 -487.563
492.753 -486.852
494.28 -486.141
495.807 -485.429
497.334 -484.718
498.861 -484.007
500.389 -483.295
501.916 -482.584
503.443 -481.873
504.97 -481.162
506.497 -480.45
508.025 -479.739
509.552 -479.028
511.079 -478.317
512.606 -477.606
514.134 -476.894
515.661 -476.183
517.188 -475.472
518.716 -474.761
520.243 -474.05
521.77 -473.339
523.297 -472.627
524.825 -471.916
526.352 -471.205
527.879 -470.494
529.407 -469.783
530.934 -469.072
532.462 -468.361
533.989 -467.65
535.516 -466.939
537.044 -466.228
538.571 -465.516
540.099 -464.805
541.626 -464.094
543.154 -463.383
544.681 -462.672
546.208 -461.961
547.736 -461.25
549.263 -460.539
550.791 -459.828
552.318 -459.117
553.846 -458.406
555.373 -457.695
556.901 -456.984
558.429 -456.273
559.956 -455.563
561.484 -454.852
563.011 -454.141
564.539 -453.43
566.067 -452.719
567.594 -452.008
569.122 -451.297
570.65 -450.586
572.177 -449.876
573.705 -449.165
575.233 -448.454
576.76 -447.743
578.288 -447.032
579.816 -446.322
581.344 -445.611
582.871 -444.9
584.399 -444.189
585.927 -443.478
587.455 -442.768
588.983 -442.057
590.51 -441.346
592.038 -440.636
593.566 -439.925
595.094 -439.214
596.622 -438.504
598.15 -437.793
599.678 -437.082
601.206 -436.372
602.734 -435.661
604.262 -434.951
605.79 -434.24
607.318 -433.53
608.846 -432.819
610.374 -432.108
611.902 -431.398
613.43 -430.688
614.958 -429.977
616.486 -429.267
618.015 -428.556
619.543 -427.846
621.071 -427.135
622.599 -426.425
624.127 -425.715
625.656 -425.004
627.184 -424.294
628.712 -423.583
630.24 -422.873
631.769 -422.163
633.297 -421.453
634.825 -420.742
636.354 -420.032
637.882 -419.322
639.411 -418.612
640.939 -417.901
642.468 -417.191
643.996 -416.481
645.525 -415.771
647.053 -415.061
648.582 -414.351
650.11 -413.641
651.639 -412.93
653.167 -412.22
654.696 -411.51
656.225 -410.8
657.753 -410.09
659.282 -409.38
660.811 -408.67
662.339 -407.96
663.868 -407.25
665.397 -406.541
666.926 -405.831
668.455 -405.121
669.984 -404.411
671.512 -403.701
673.041 -402.991
674.57 -402.282
676.099 -401.572
677.628 -400.862
679.157 -400.152
680.686 -399.443
682.215 -398.733
683.745 -398.023
685.274 -397.314
686.803 -396.604
688.332 -395.895
689.861 -395.185
691.391 -394.476
692.92 -393.766
694.449 -393.057
695.978 -392.347
697.508 -391.638
699.037 -390.928
700.567 -390.219
702.096 -389.51
703.626 -388.8
705.155 -388.091
706.685 -387.382
708.214 -386.673
709.744 -385.963
711.274 -385.254
712.803 -384.545
714.333 -383.836
715.863 -383.127
717.392 -382.418
718.922 -381.709
720.452 -381
721.982 -380.291
723.512 -379.582
725.042 -378.873
726.572 -378.164
728.102 -377.455
729.632 -376.746
731.162 -376.037
732.692 -375.329
734.222 -374.62
735.753 -373.911
737.283 -373.203
738.813 -372.494
740.344 -371.785
741.874 -371.077
743.404 -370.368
744.935 -369.66
746.465 -368.951
747.996 -368.243
749.526 -367.534
751.057 -366.826
752.588 -366.118
754.118 -365.41
755.649 -364.701
757.18 -363.993
758.711 -363.285
760.242 -362.577
761.773 -361.869
763.304 -361.161
764.835 -360.453
766.366 -359.745
767.897 -359.037
769.428 -358.329
770.959 -357.621
772.49 -356.913
774.022 -356.205
775.553 -355.498
777.084 -354.79
778.616 -354.082
780.147 -353.375
781.679 -352.667
783.211 -351.96
784.742 -351.252
786.274 -350.545
787.806 -349.837
789.338 -349.13
790.869 -348.423
792.401 -347.716
793.933 -347.008
795.465 -346.301
796.997 -345.594
798.53 -344.887
800.062 -344.18
801.594 -343.473
803.127 -342.766
804.659 -342.059
806.191 -341.353
807.724 -340.646
809.257 -339.939
810.789 -339.233
812.322 -338.526
813.855 -337.819
815.388 -337.113
816.92 -336.407
818.453 -335.7
819.986 -334.994
821.519 -334.288
823.053 -333.582
824.586 -332.875
826.119 -332.169
827.653 -331.463
829.186 -330.757
830.719 -330.051
832.253 -329.346
833.787 -328.64
835.32 -327.934
836.854 -327.228
838.388 -326.523
839.922 -325.817
841.456 -325.112
842.99 -324.407
844.524 -323.701
846.059 -322.996
847.593 -322.291
849.127 -321.586
850.662 -320.881
852.196 -320.176
853.731 -319.471
855.266 -318.766
856.801 -318.061
858.336 -317.356
859.871 -316.652
861.406 -315.947
862.941 -315.243
864.476 -314.538
866.011 -313.834
867.547 -313.13
869.082 -312.426
870.618 -311.722
872.154 -311.018
873.69 -310.314
875.226 -309.61
876.762 -308.906
878.298 -308.202
879.834 -307.499
881.37 -306.795
882.906 -306.092
884.443 -305.389
885.979 -304.685
887.516 -303.982
889.053 -303.279
890.59 -302.576
892.127 -301.873
893.664 -301.17
895.201 -300.468
896.738 -299.765
898.276 -299.063
899.813 -298.36
901.351 -297.658
902.889 -296.956
904.427 -296.253
905.965 -295.551
907.503 -294.849
909.041 -294.148
910.579 -293.446
912.118 -292.744
913.656 -292.043
915.195 -291.341
916.734 -290.64
918.273 -289.939
919.812 -289.238
921.351 -288.537
922.89 -287.836
924.43 -287.135
925.969 -286.434
927.509 -285.734
929.049 -285.033
930.589 -284.333
932.129 -283.633
933.669 -282.933
935.21 -282.233
936.75 -281.533
938.291 -280.833
939.832 -280.134
941.373 -279.434
942.914 -278.735
944.455 -278.036
945.996 -277.337
947.538 -276.638
949.08 -275.939
950.621 -275.24
952.163 -274.542
953.706 -273.843
955.248 -273.145
956.79 -272.447
958.333 -271.749
959.876 -271.051
961.419 -270.353
962.962 -269.656
964.505 -268.958
966.049 -268.261
967.592 -267.564
969.136 -266.867
970.68 -266.17
972.224 -265.474
973.768 -264.777
975.313 -264.081
976.857 -263.385
978.402 -262.689
979.947 -261.993
981.493 -261.297
983.038 -260.602
984.584 -259.906
986.129 -259.211
987.675 -258.516
989.221 -257.821
990.768 -257.126
992.314 -256.432
993.861 -255.738
995.408 -255.043
996.955 -254.349
998.503 -253.656
1000.05 -252.962
1001.6 -252.269
1003.15 -251.575
1004.69 -250.882
1006.24 -250.189
1007.79 -249.497
1009.34 -248.804
1010.89 -248.112
1012.44 -247.42
1013.99 -246.728
1015.54 -246.037
1017.09 -245.345
1018.64 -244.654
1020.19 -243.963
1021.74 -243.272
1023.29 -242.581
1024.84 -241.891
1026.39 -241.201
1027.94 -240.511
1029.5 -239.821
1031.05 -239.132
1032.6 -238.443
1034.15 -237.753
1035.71 -237.065
1037.26 -236.376
1038.81 -235.688
1040.37 -235
1041.92 -234.312
1043.48 -233.624
1045.03 -232.937
1046.58 -232.25
1048.14 -231.563
1049.7 -230.877
1051.25 -230.19
1052.81 -229.504
1054.36 -228.818
1055.92 -228.133
1057.48 -227.448
1059.03 -226.763
1060.59 -226.078
1062.15 -225.394
1063.71 -224.709
1065.26 -224.026
1066.82 -223.342
1068.38 -222.659
1069.94 -221.976
1071.5 -221.293
1073.06 -220.611
1074.62 -219.929
1076.18 -219.247
1077.74 -218.565
1079.3 -217.884
1080.87 -217.203
1082.43 -216.523
1083.99 -215.843
1085.55 -215.163
1087.12 -214.483
1088.68 -213.804
1090.24 -213.125
1091.81 -212.447
1093.37 -211.768
1094.94 -211.091
1096.5 -210.413
1098.07 -209.736
1099.63 -209.059
1101.2 -208.383
1102.77 -207.707
1104.33 -207.031
1105.9 -206.356
1107.47 -205.681
1109.04 -205.006
1110.61 -204.332
1112.17 -203.658
1113.74 -202.985
1115.31 -202.312
1116.88 -201.639
1118.46 -200.967
1120.03 -200.295
1121.6 -199.624
1123.17 -198.953
1124.74 -198.283
1126.32 -197.613
1127.89 -196.943
1129.46 -196.274
1131.04 -195.605
1132.61 -194.937
1134.19 -194.269
1135.76 -193.601
1137.34 -192.934
1138.92 -192.268
1140.49 -191.602
1142.07 -190.936
1143.65 -190.271
1145.23 -189.607
1146.81 -188.943
1148.39 -188.279
1149.97 -187.616
1151.55 -186.953
1153.13 -186.291
1154.71 -185.63
1156.29 -184.969
1157.88 -184.308
1159.46 -183.648
1161.04 -182.989
1162.63 -182.33
1164.21 -181.671
1165.8 -181.014
1167.38 -180.356
1168.97 -179.7
1170.56 -179.044
1172.15 -178.388
1173.73 -177.733
1175.32 -177.079
1176.91 -176.425
1178.5 -175.772
1180.09 -175.12
1181.69 -174.468
1183.28 -173.817
1184.87 -173.166
1186.46 -172.516
1188.06 -171.867
1189.65 -171.218
1191.25 -170.57
1192.84 -169.923
1194.44 -169.276
1196.04 -168.63
1197.63 -167.985
1199.23 -167.34
1200.83 -166.696
1202.43 -166.053
1204.03 -165.41
1205.63 -164.769
1207.24 -164.128
1208.84 -163.487
1210.44 -162.848
1212.05 -162.209
1213.65 -161.571
1215.26 -160.934
1216.86 -160.297
1218.47 -159.662
1220.08 -159.027
1221.69 -158.393
1223.3 -157.76
1224.91 -157.127
1226.52 -156.496
1228.13 -155.865
1229.74 -155.235
1231.35 -154.606
1232.97 -153.978
1234.58 -153.351
1236.2 -152.724
1237.81 -152.099
1239.43 -151.474
1241.05 -150.85
1242.67 -150.228
1244.29 -149.606
1245.91 -148.985
1247.53 -148.365
1249.15 -147.746
1250.78 -147.129
1252.4 -146.512
1254.03 -145.896
1255.65 -145.281
1257.28 -144.667
1258.91 -144.054
1260.54 -143.442
1262.16 -142.831
1263.8 -142.222
1265.43 -141.613
1267.06 -141.006
1268.69 -140.399
1270.33 -139.794
1271.96 -139.19
1273.6 -138.587
1275.24 -137.985
1276.87 -137.384
1278.51 -136.785
1280.15 -136.186
1281.79 -135.589
1283.44 -134.993
1285.08 -134.399
1286.72 -133.805
1288.37 -133.213
1290.02 -132.622
1291.66 -132.032
1293.31 -131.444
1294.96 -130.857
1296.61 -130.271
1298.26 -129.687
1299.92 -129.104
1301.57 -128.522
1303.23 -127.942
1304.88 -127.363
1306.54 -126.785
1308.2 -126.209
1309.86 -125.635
1311.52 -125.062
1313.18 -124.49
1314.84 -123.92
1316.51 -123.351
1318.17 -122.784
1319.84 -122.218
1321.51 -121.654
1323.17 -121.092
1324.85 -120.531
1326.52 -119.971
1328.19 -119.414
1329.86 -118.858
1331.54 -118.303
1333.21 -117.75
1334.89 -117.199
1336.57 -116.65
1338.25 -116.102
1339.93 -115.557
1341.61 -115.012
1343.3 -114.47
1344.98 -113.93
1346.67 -113.391
1348.36 -112.854
1350.05 -112.319
1351.74 -111.786
1353.43 -111.255
1355.12 -110.725
1356.82 -110.198
1358.51 -109.672
1360.21 -109.149
1361.91 -108.628
1363.61 -108.108
1365.31 -107.591
1367.01 -107.075
1368.71 -106.562
1370.42 -106.051
1372.13 -105.542
1373.84 -105.035
1375.54 -104.53
1377.26 -104.028
1378.97 -103.527
1380.68 -103.029
1382.4 -102.533
1384.11 -102.04
1385.83 -101.548
1387.55 -101.06
1389.27 -100.573
1390.99 -100.089
1392.72 -99.6069
1394.44 -99.1274
1396.17 -98.6505
1397.9 -98.176
1399.63 -97.7039
1401.36 -97.2344
1403.09 -96.7675
1404.83 -96.3031
1406.56 -95.8413
1408.3 -95.3821
1410.04 -94.9255
1411.78 -94.4716
1413.52 -94.0204
1415.26 -93.5719
1417.01 -93.1262
1418.76 -92.6832
1420.5 -92.243
1422.25 -91.8056
1424 -91.3711
1425.76 -90.9395
1427.51 -90.5107
1429.26 -90.0849
1431.02 -89.662
1432.78 -89.2421
1434.54 -88.8252
1436.3 -88.4114
1438.06 -88.0006
1439.83 -87.5929
1441.59 -87.1883
1443.36 -86.7868
1445.13 -86.3886
1446.9 -85.9935
1448.67 -85.6016
1450.45 -85.213
1452.22 -84.8277
1454 -84.4457
1455.78 -84.067
1457.56 -83.6917
1459.34 -83.3198
1461.12 -82.9513
1462.9 -82.5863
1464.69 -82.2247
1466.48 -81.8667
1468.27 -81.5122
1470.05 -81.1612
1471.85 -80.8138
1473.64 -80.4701
1475.43 -80.13
1477.23 -79.7935
1479.03 -79.4608
1480.82 -79.1318
1482.62 -78.8066
1484.43 -78.4851
1486.23 -78.1675
1488.03 -77.8537
1489.84 -77.5438
1491.65 -77.2377
1493.45 -76.9356
1495.26 -76.6375
1497.08 -76.3433
1498.89 -76.0531
1500.7 -75.767
1502.52 -75.4849
1504.33 -75.2069
1506.15 -74.9331
1507.97 -74.6633
1509.79 -74.3977
1511.61 -74.1364
1513.43 -73.8792
1515.26 -73.6263
1517.08 -73.3776
1518.91 -73.1333
1520.73 -72.8932
1522.56 -72.6575
1524.39 -72.4262
1526.22 -72.1992
1528.06 -71.9767
1529.89 -71.7586
1531.72 -71.5449
1533.56 -71.3358
1535.39 -71.1311
1537.23 -70.931
1539.07 -70.7354
1540.91 -70.5444
1542.75 -70.358
1544.59 -70.1762
1546.43 -69.999
1548.27 -70.1809
1550.11 -70.3675
1551.95 -70.5587
1553.79 -70.7545
1555.63 -70.9548
1557.47 -71.1598
1559.3 -71.3693
1561.14 -71.5833
1562.97 -71.8018
1564.81 -72.0247
1566.64 -72.2521
1568.47 -72.484
1570.3 -72.7202
1572.13 -72.9608
1573.95 -73.2058
1575.78 -73.4551
1577.6 -73.7087
1579.43 -73.9666
1581.25 -74.2288
1583.07 -74.4952
1584.89 -74.7657
1586.71 -75.0405
1588.53 -74.7701
1590.35 -74.5038
1592.17 -74.2418
1593.99 -73.9839
1595.81 -73.7303
1597.64 -73.4809
1599.46 -73.2358
1601.29 -72.995
1603.12 -72.7586
1604.95 -72.5265
1606.78 -72.2988
1608.61 -72.0755
1610.44 -71.8566
1612.28 -71.6422
1614.11 -71.4322
1615.95 -71.2267
1617.78 -71.0258
1619.62 -70.8294
1621.46 -70.6376
1623.3 -70.4503
1625.14 -70.2676
1626.98 -70.0896
1628.82 -69.9162
1630.67 -69.7475
1632.51 -69.5834
1634.36 -69.4241
1636.2 -69.2694
1638.05 -69.1195
1639.9 -68.9744
1641.75 -68.834
1643.59 -68.6984
1645.44 -68.5676
1647.29 -68.4416
1649.15 -68.3205
1651 -68.2042
1652.85 -68.0927
1654.7 -67.9862
1656.56 -67.8845
1658.41 -67.7877
1660.26 -67.6958
1662.12 -67.6089
1663.97 -67.5268
1665.83 -67.4498
1667.69 -67.3776
1669.54 -67.3104
1671.4 -67.2482
1673.26 -67.191
1675.11 -67.1388
1676.97 -67.0915
1678.83 -67.0492
1680.69 -67.012
1682.55 -66.9797
1684.4 -66.9525
1686.26 -66.9302
1688.12 -66.913
1689.98 -66.9008
1691.84 -66.8936
1693.7 -66.8914
1695.56 -66.8943
1697.42 -66.9022
1699.28 -66.9151
1701.14 -66.933
1702.99 -66.9559
1704.85 -66.9838
1706.71 -67.0168
1708.57 -67.0548
1710.43 -67.0977
1712.29 -67.1457
1714.14 -67.1987
1716 -67.2566
1717.86 -67.3196
1719.71 -67.3875
1721.57 -67.4603
1723.43 -67.5382
1725.28 -67.621
1727.14 -67.7087
1728.99 -67.8013
1730.85 -67.8989
1732.7 -68.0014
1734.55 -68.1088
1736.4 -68.221
1738.26 -68.3382
1740.11 -68.4601
1741.96 -68.587
1743.81 -68.7186
1745.66 -68.8551
1747.51 -68.9964
1749.35 -69.1424
1751.2 -69.2932
1753.05 -69.4488
1754.89 -69.6091
1756.74 -69.7741
1758.58 -69.9438
1760.42 -70.1182
1762.26 -70.2973
1764.11 -70.4809
1765.95 -70.6692
1767.78 -70.8621
1769.62 -71.0596
1771.46 -71.2617
1773.3 -71.4682
1775.13 -71.6793
1776.96 -71.8949
1778.8 -72.1149
1780.63 -72.3394
1782.46 -72.5683
1784.29 -72.8017
1786.12 -73.0393
1787.95 -73.2814
1789.77 -73.5278
1791.6 -73.7784
1793.42 -74.0334
1795.24 -74.2926
1797.06 -74.556
1798.88 -74.8236
1800.7 -75.0954
1802.52 -74.828
1804.34 -74.5647
1806.16 -74.3055
1807.99 -74.0506
1809.81 -73.7999
1811.63 -73.5535
1813.46 -73.3113
1815.29 -73.0735
1817.12 -72.84
1818.95 -72.6108
1820.78 -72.386
1822.61 -72.1656
1824.44 -71.9497
1826.27 -71.7382
1828.11 -71.5311
1829.94 -71.3286
1831.78 -71.1305
1833.62 -70.937
1835.46 -70.7481
1837.3 -70.5637
1839.14 -70.3839
1840.98 -70.2088
1842.82 -70.0382
1844.66 -70.2135
1846.51 -70.3934
1848.35 -70.5779
1850.19 -70.7671
1852.03 -70.9608
1853.86 -71.1591
1855.7 -71.362
1857.54 -71.5694
1859.37 -71.7813
1861.2 -71.9977
1863.04 -72.2185
1864.87 -72.4437
1866.7 -72.6734
1868.53 -72.9075
1870.36 -73.1459
1872.18 -73.3887
1874.01 -73.6358
1875.83 -73.8872
1877.66 -74.1429
1879.48 -74.4028
1881.3 -74.6669
1883.12 -74.9352
1884.94 -75.2077
1886.75 -75.4843
1888.57 -75.7651
1890.38 -76.0499
1892.2 -76.3388
1894.01 -76.6317
1895.82 -76.9286
1897.63 -77.2296
1899.44 -77.5344
1901.24 -77.8432
1903.05 -78.1559
1904.85 -78.4725
1906.66 -78.7929
1908.46 -79.1171
1910.26 -79.4451
1912.05 -79.7769
1913.85 -80.1124
1915.65 -80.4516
1917.44 -80.7945
1919.23 -81.1411
1921.02 -81.4912
1922.81 -81.845
1924.6 -82.2023
1926.39 -82.5632
1928.17 -82.9276
1929.96 -83.2954
1931.74 -83.6667
1933.52 -84.0414
1935.3 -84.4196
1937.07 -84.801
1938.85 -85.1859
1940.62 -85.574
1942.4 -85.9655
1944.17 -86.3601
1945.94 -86.758
1947.71 -87.1592
1949.47 -87.5634
1951.24 -87.9709
1953 -88.3814
1954.77 -88.7951
1956.53 -89.2118
1958.29 -89.6315
1960.04 -90.0542
1961.8 -90.48
1963.55 -90.9086
1965.31 -91.3403
1967.06 -91.7748
1968.81 -92.2122
1970.56 -92.6524
1972.31 -93.0954
1974.05 -93.5413
1975.8 -93.9899
1977.54 -94.4413
1979.28 -94.8953
1981.02 -95.3521
1982.76 -95.8115
1984.49 -96.2736
1986.23 -96.7383
1987.96 -97.2056
1989.69 -97.6754
1991.42 -98.1478
1993.15 -98.6227
1994.88 -99.1001
1996.61 -99.5799
1998.33 -100.062
2000.05 -100.547
2001.78 -101.034
2003.5 -101.524
2005.22 -102.015
2006.93 -102.51
2008.65 -103.006
2010.36 -103.505
2012.08 -104.006
2013.79 -104.509
2015.5 -105.014
2017.21 -105.522
2018.91 -106.032
2020.62 -106.544
2022.32 -107.058
2024.03 -107.574
2025.73 -108.092
2027.43 -108.612
2029.13 -109.135
2030.83 -109.659
2032.52 -110.185
2034.22 -110.714
2035.91 -111.244
2037.6 -111.776
2039.29 -112.31
2040.98 -112.846
2042.67 -113.384
2044.36 -113.924
2046.04 -114.466
2047.73 -115.009
2049.41 -115.554
2051.09 -116.101
2052.77 -116.65
2054.45 -117.2
2056.13 -117.753
2057.81 -118.307
2059.48 -118.862
2061.16 -119.419
2062.83 -119.978
2064.5 -120.539
2066.17 -121.101
2067.84 -121.665
2069.51 -122.23
2071.17 -122.797
2072.84 -123.366
2074.5 -123.936
2076.17 -124.507
2077.83 -125.08
2079.49 -125.655
2081.15 -126.231
2082.81 -126.808
2084.47 -127.387
2086.12 -127.967
2087.78 -128.549
2089.43 -129.132
2091.08 -129.717
2092.74 -130.303
2094.39 -130.89
2096.04 -131.478
2097.68 -132.068
2099.33 -132.659
2100.98 -133.252
2102.62 -133.845
2104.27 -134.44
2105.91 -135.037
2107.55 -135.634
2109.19 -136.233
2110.83 -136.833
2112.47 -137.434
2114.11 -138.036
2115.75 -138.64
2117.39 -139.244
2119.02 -139.85
2120.65 -140.457
2122.29 -141.065
2123.92 -141.674
2125.55 -142.285
2127.18 -142.896
2128.81 -143.509
2130.44 -144.122
2132.07 -144.737
2133.69 -145.352
2135.32 -145.969
2136.94 -146.587
2138.57 -147.205
2140.19 -147.825
2141.81 -148.445
2143.43 -149.067
2145.06 -149.69
2146.67 -150.313
2148.29 -150.938
2149.91 -151.563
2151.53 -152.19
2153.14 -152.817
2154.76 -153.445
2156.37 -154.074
2157.99 -154.704
2159.6 -155.335
2161.21 -155.967
2162.82 -156.599
2164.43 -157.233
2166.04 -157.867
2167.65 -158.502
2169.26 -159.138
2170.87 -159.775
2172.48 -160.412
2174.08 -161.05
2175.69 -161.69
2177.29 -162.33
2178.9 -162.97
2180.5 -163.612
2182.1 -164.254
2183.7 -164.897
2185.3 -165.54
2186.9 -166.185
2188.5 -166.83
2190.1 -167.476
2191.7 -168.122
2193.3 -168.77
2194.89 -169.418
2196.49 -170.066
2198.08 -170.716
2199.68 -171.366
2201.27 -172.016
2202.87 -172.667
2204.46 -173.319
2206.05 -173.972
2207.64 -174.625
2209.23 -175.279
2210.82 -175.934
2212.41 -176.589
2214 -177.244
2215.59 -177.901
2217.18 -178.558
2218.77 -179.215
2220.35 -179.873
2221.94 -180.532
2223.52 -181.191
2225.11 -181.851
2226.69 -182.511
2228.28 -183.172
2229.86 -183.834
2231.44 -184.496
2233.03 -185.158
2234.61 -185.821
2236.19 -186.485
2237.77 -187.149
2239.35 -187.814
2240.93 -188.479
2242.51 -189.144
2244.09 -189.811
2245.66 -190.477
2247.24 -191.144
2248.82 -191.812
2250.4 -192.48
2251.97 -193.149
2253.55 -193.818
2255.12 -194.487
2256.7 -195.157
2258.27 -195.827
2259.84 -196.498
2261.42 -197.17
2262.99 -197.841
2264.56 -198.513
2266.13 -199.186
2267.71 -199.859
2269.28 -200.532
2270.85 -201.206
2272.42 -201.881
2273.99 -202.555
2275.56 -203.23
2277.13 -203.906
2278.69 -204.582
2280.26 -205.258
2281.83 -205.935
2283.4 -206.612
2284.96 -207.289
2286.53 -207.967
2288.1 -208.645
2289.66 -209.324
2291.23 -210.002
2292.79 -210.682
2294.36 -211.361
2295.92 -212.041
2297.48 -212.721
2299.05 -213.402
2300.61 -214.083
2302.17 -214.764
2303.73 -215.446
2305.3 -216.128
2306.86 -216.81
2308.42 -217.493
2309.98 -218.176
2311.54 -218.859
2313.1 -219.543
2314.66 -220.227
2316.22 -220.911
2317.78 -221.595
2319.34 -222.28
2320.9 -222.965
2322.45 -223.651
2324.01 -224.337
2325.57 -225.022
2327.13 -225.709
2328.68 -226.395
2330.24 -227.082
2331.8 -227.769
2333.35 -228.457
2334.91 -229.144
2336.46 -229.832
2338.02 -230.52
2339.57 -231.209
2341.13 -231.898
2342.68 -232.587
2344.24 -233.276
2345.79 -233.965
2347.34 -234.655
2348.9 -235.345
2350.45 -236.035
2352 -236.726
2353.55 -237.416
2355.1 -238.107
2356.66 -238.798
2358.21 -239.49
2359.76 -240.181
2361.31 -240.873
2362.86 -241.565
2364.41 -242.258
2365.96 -242.95
2367.51 -243.643
2369.06 -244.336
2370.61 -245.029
2372.16 -245.722
2373.71 -246.416
2375.26 -247.11
2376.81 -247.804
2378.36 -248.498
2379.9 -249.192
2381.45 -249.887
2383 -250.582
2384.55 -251.277
2386.09 -251.972
2387.64 -252.667
2389.19 -253.363
2390.74 -254.059
2392.28 -254.755
2393.83 -255.451
2395.37 -256.147
2396.92 -256.844
2398.47 -257.54
2400.01 -258.237
2401.56 -258.934
2403.1 -259.631
2404.65 -260.329
2406.19 -261.026
2407.74 -261.724
2409.28 -262.422
2410.82 -263.12
2412.37 -263.818
2413.91 -264.516
2415.45 -265.215
2417 -265.913
2418.54 -266.612
2420.08 -267.311
2421.63 -268.01
2423.17 -268.71
2424.71 -269.409
2426.25 -270.109
2427.8 -270.808
2429.34 -271.508
2430.88 -272.208
2432.42 -272.908
2433.96 -273.609
2435.51 -274.309
2437.05 -275.01
2438.59 -275.71
2440.13 -276.411
2441.67 -277.112
2443.21 -277.813
2444.75 -278.514
2446.29 -279.216
2447.83 -279.917
2449.37 -280.619
2450.91 -281.321
2452.45 -282.022
2453.99 -282.724
2455.53 -283.427
2457.07 -284.129
2458.61 -284.831
2460.15 -285.534
2461.69 -286.236
2463.22 -286.939
2464.76 -287.642
2466.3 -288.345
2467.84 -289.048
2469.38 -289.751
2470.92 -290.454
2472.45 -291.157
2473.99 -291.861
2475.53 -292.564
2477.07 -293.268
2478.6 -293.972
2480.14 -294.676
2481.68 -295.38
2483.22 -296.084
2484.75 -296.788
2486.29 -297.492
2487.83 -298.197
2489.36 -298.901
2490.9 -299.606
2492.44 -300.31
2493.97 -301.015
2495.51 -301.72
2497.05 -302.425
2498.58 -303.13
2500.12 -303.835
2501.65 -304.54
2503.19 -305.246
2504.73 -305.951
2506.26 -306.657
2507.8 -307.362
2509.33 -308.068
2510.87 -308.774
2512.4 -309.479
2513.94 -310.185
2515.47 -310.891
2517.01 -311.597
2518.54 -312.304
2520.08 -313.01
2521.61 -313.716
2523.14 -314.423
2524.68 -315.129
2526.21 -315.836
2527.75 -316.542
2529.28 -317.249
2530.82 -317.956
2532.35 -318.663
2533.88 -319.369
2535.42 -320.076
2536.95 -320.784
2538.48 -321.491
2540.02 -322.198
2541.55 -322.905
2543.08 -323.612
2544.62 -324.32
2546.15 -325.027
2547.68 -325.735
2549.22 -326.442
2550.75 -327.15
2552.28 -327.858
2553.82 -328.566
2555.35 -329.274
2556.88 -329.981
2558.41 -330.689
2559.95 -331.397
2561.48 -332.106
2563.01 -332.814
2564.54 -333.522
2566.08 -334.23
2567.61 -334.939
2569.14 -335.647
2570.67 -336.355
2572.2 -337.064
2573.74 -337.772
2575.27 -338.481
2576.8 -339.19
2578.33 -339.899
2579.86 -340.607
2581.39 -341.316
2582.93 -342.025
2584.46 -342.734
2585.99 -343.443
2587.52 -344.152
2589.05 -344.861
2590.58 -345.57
2592.11 -346.279
2593.65 -346.989
2595.18 -347.698
2596.71 -348.407
2598.24 -349.117
2599.77 -349.826
2601.3 -350.536
2602.83 -351.245
2604.36 -351.955
2605.89 -352.664
2607.42 -353.374
2608.95 -354.084
2610.48 -354.793
2612.01 -355.503
2613.54 -356.213
2615.08 -356.923
2616.61 -357.633
2618.14 -358.343
2619.67 -359.053
2621.2 -359.763
2622.73 -360.473
2624.26 -361.183
2625.79 -361.893
2627.32 -362.603
2628.85 -363.314
2630.38 -364.024
2631.91 -364.734
2633.44 -365.445
2634.97 -366.155
2636.5 -366.865
2638.03 -367.576
2639.55 -368.286
2641.08 -368.997
2642.61 -369.708
2644.14 -370.418
2645.67 -371.129
2647.2 -371.839
2648.73 -372.55
2650.26 -373.261
2651.79 -373.972
2653.32 -374.682
2654.85 -375.393
2656.38 -376.104
2657.91 -376.815
2659.44 -377.526
2660.97 -378.237
2662.49 -378.948
2664.02 -379.659
2665.55 -380.37
2667.08 -381.081
2668.61 -381.792
2670.14 -382.503
2671.67 -383.215
2673.2 -383.926
2674.73 -384.637
2676.25 -385.348
2677.78 -386.06
2679.31 -386.771
2680.84 -387.482
2682.37 -388.194
2683.9 -388.905
2685.43 -389.617
2686.95 -390.328
2688.48 -391.039
2690.01 -391.751
2691.54 -392.463
2693.07 -393.174
2694.6 -393.886
2696.12 -394.597
2697.65 -395.309
2699.18 -396.021
2700.71 -396.732
2702.24 -397.444
2703.77 -398.156
2705.29 -398.867
2706.82 -399.579
2708.35 -400.291
2709.88 -401.003
2711.41 -401.715
2712.93 -402.427
2714.46 -403.138
2715.99 -403.85
2717.52 -404.562
2719.05 -405.274
2720.57 -405.986
2722.1 -406.698
2723.63 -407.41
2725.16 -408.122
2726.68 -408.834
2728.21 -409.546
2729.74 -410.258
2731.27 -410.971
2732.8 -411.683
2734.32 -412.395
2735.85 -413.107
2737.38 -413.819
2738.91 -414.531
2740.43 -415.244
2741.96 -415.956
2743.49 -416.668
2745.02 -417.38
2746.54 -418.093
2748.07 -418.805
2749.6 -419.517
2751.13 -420.23
2752.65 -420.942
2754.18 -421.655
2755.71 -422.367
2757.23 -423.079
2758.76 -423.792
2760.29 -424.504
2761.82 -425.217
2763.34 -425.929
2764.87 -426.642
2766.4 -427.354
2767.93 -428.067
2769.45 -428.779
2770.98 -429.492
2772.51 -430.205
2774.03 -430.917
2775.56 -431.63
2777.09 -432.342
2778.62 -433.055
2780.14 -433.768
2781.67 -434.48
2783.2 -435.193
2784.72 -435.906
2786.25 -436.618
2787.78 -437.331
2789.3 -438.044
2790.83 -438.757
2792.36 -439.469
2793.89 -440.182
2795.41 -440.895
2796.94 -441.608
2798.47 -442.321
2799.99 -443.033
2801.52 -443.746
2803.05 -444.459
2804.57 -445.172
2806.1 -445.885
2807.63 -446.598
2809.15 -447.311
2810.68 -448.024
2812.21 -448.736
2813.73 -449.449
2815.26 -450.162
2816.79 -450.875
2818.31 -451.588
2819.84 -452.301
2821.37 -453.014
2822.89 -453.727
2824.42 -454.44
2825.95 -455.153
2827.47 -455.866
2829 -456.579
2830.53 -457.292
2832.05 -458.006
2833.58 -458.719
2835.11 -459.432
2836.63 -460.145
2838.16 -460.858
2839.69 -461.571
2841.21 -462.284
2842.74 -462.997
2844.27 -463.71
2845.79 -464.424
2847.32 -465.137
2848.85 -465.85
2850.37 -466.563
2851.9 -467.276
2853.42 -467.989
2854.95 -468.703
2856.48 -469.416
2858 -470.129
2859.53 -470.842
2861.06 -471.556
2862.58 -472.269
2864.11 -472.982
2865.64 -473.695
2867.16 -474.409
2868.69 -475.122
2870.21 -475.835
2871.74 -476.549
2873.27 -477.262
2874.79 -477.975
2876.32 -478.688
2877.85 -479.402
2879.37 -480.115
2880.9 -480.828
2882.42 -481.542
2883.95 -482.255
2885.48 -482.969
2887 -483.682
2888.53 -484.395
2890.06 -485.109
2891.58 -485.822
2893.11 -486.536
2894.63 -487.249
2896.16 -487.962
2897.69 -488.676
2899.21 -489.389
2900.74 -490.103
2902.26 -490.816
2903.79 -491.53
2905.32 -492.243
2906.84 -492.956
2908.37 -493.67
2909.9 -494.383
2911.42 -495.097
2912.95 -495.81
2914.47 -496.524
2916 -497.237
2917.53 -497.951
2919.05 -498.664
2920.58 -499.378
2922.1 -500.091
2923.63 -500.805
2925.16 -501.518
2926.68 -502.232
2928.21 -502.945
2929.73 -503.659
2931.26 -504.373
2932.79 -505.086
2934.31 -505.8
2935.84 -506.513
2937.36 -507.227
2938.89 -507.94
2940.42 -508.654
2941.94 -509.368
2943.47 -510.081
2944.99 -510.795
2946.52 -511.508
2948.04 -512.222
2949.57 -512.936
2951.1 -513.649
2952.62 -514.363
2954.15 -515.076
2955.67 -515.79
2957.2 -516.504
2958.73 -517.217
2960.25 -517.931
2961.78 -518.645
2963.3 -519.358
2964.83 -520.072
2966.36 -520.786
2967.88 -521.499
2969.41 -522.213
2970.93 -522.927
2972.46 -523.64
2973.98 -524.354
2975.51 -525.068
2977.04 -525.781
2978.56 -526.495
2980.09 -527.209
2981.61 -527.922
2983.14 -528.636
2984.67 -529.35
2986.19 -530.063
2987.72 -530.777
2989.24 -531.491
2990.77 -532.205
2992.3 -532.918
2993.82 -533.632
2995.35 -534.346
2996.87 -535.06
2998.4 -535.773
2999.92 -536.487
3001.45 -537.201
3002.98 -537.915
3004.5 -538.628
3006.03 -539.342
3007.55 -540.056
3009.08 -540.77
3010.6 -541.483
3012.13 -542.197
3013.66 -542.911
3015.18 -543.625
3016.71 -544.338
3018.23 -545.052
3019.76 -545.766
3021.28 -546.48
3022.81 -547.194
3024.33 -547.907
3025.86 -548.621
3027.39 -549.335
3028.91 -550.049
3030.44 -550.763
3031.96 -551.477
3033.49 -552.19
3035.01 -552.904
3036.54 -553.618
3038.07 -554.332
3039.59 -555.046
3041.12 -555.759
3042.64 -556.473
3044.17 -557.187
3045.69 -557.901
3047.22 -558.615
3048.75 -559.328
3050.27 -560.042
3051.8 -560.756
3053.32 -561.47
3054.85 -562.184
3056.37 -562.898
3057.9 -563.612
3059.42 -564.325
3060.95 -565.039
3062.48 -565.753
3064 -566.467
3065.53 -567.181
3067.05 -567.895
3068.58 -568.609
3070.1 -569.323
3071.63 -570.036
3073.16 -570.75
3074.68 -571.464
3076.21 -572.178
3077.73 -572.892
3079.26 -573.606
3080.78 -574.32
3082.31 -575.033
3083.83 -575.747
3085.36 -576.461
3086.89 -577.175
3088.41 -577.889
3089.94 -578.603
3091.46 -579.317
3092.99 -580.031
3094.51 -580.744
3096.04 -581.458
3097.57 -582.172
3099.09 -582.886
3100.62 -583.6
3102.14 -584.314
3103.67 -585.028
3105.19 -585.742
3106.72 -586.456
3108.24 -587.17
3109.77 -587.884
3111.3 -588.598
3112.82 -589.312
3114.35 -590.026
3115.87 -590.739
3117.4 -591.453
3118.92 -592.167
3120.45 -592.881
3121.98 -593.595
3123.5 -594.309
3125.03 -595.023
3126.55 -595.737
3128.08 -596.451
3129.6 -597.165
3131.13 -597.879
3132.66 -598.593
3134.18 -599.307
3135.71 -600.021
3137.23 -600.734
3138.76 -601.448
3140.28 -602.162
3141.81 -602.876
3143.33 -603.59
3144.86 -604.304
3146.39 -605.018
3147.91 -605.732
3149.44 -606.446
3150.96 -607.16
3152.49 -607.874
3154.01 -608.588
3155.54 -609.302
3157.06 -610.016
3158.59 -610.73
3160.11 -611.444
3161.64 -612.158
3163.16 -612.872
3164.69 -613.586
3166.22 -614.3
3167.74 -615.014
3169.27 -615.728
3170.79 -616.442
3172.32 -617.156
3173.84 -617.87
3175.37 -618.583
3176.89 -619.297
3178.42 -620.011
3179.94 -620.725
3181.47 -621.439
3182.99 -622.153
3184.52 -622.867
3186.05 -623.581
3187.57 -624.295
3189.1 -625.009
3190.62 -625.723
3192.15 -626.437
3193.67 -627.151
3195.2 -627.865
3196.72 -628.579
3198.25 -629.293
3199.77 -630.007
3201.3 -630.721
3202.82 -631.435
3204.35 -632.149
3205.88 -632.863
3207.4 -633.577
3208.93 -634.291
3210.45 -635.005
3211.98 -635.719
3213.5 -636.433
3215.03 -637.147
3216.55 -637.861
3218.08 -638.575
3219.6 -639.289
3221.13 -640.003
3222.65 -640.717
3224.18 -641.431
3225.71 -642.145
3227.23 -642.859
3228.76 -643.573
3230.28 -644.287
3231.81 -645.001
3233.33 -645.715
3234.86 -646.429
3236.38 -647.143
3237.91 -647.857
3239.43 -648.571
3240.96 -649.285
3242.48 -649.999
3244.01 -650.713
3245.54 -651.427
3247.06 -652.141
3248.59 -652.855
3250.11 -653.569
3251.64 -654.283
3253.16 -654.997
3254.69 -655.711
3256.21 -656.425
3257.74 -657.139
3259.26 -657.853
3260.79 -658.567
3262.31 -659.281
3263.84 -659.995
3265.37 -660.709
3266.89 -661.423
3268.42 -662.137
3269.94 -662.851
3271.47 -663.565
3272.99 -664.279
3274.52 -664.993
3276.04 -665.707
3277.57 -666.421
3279.09 -667.135
3280.62 -667.85
3282.15 -668.564
3283.67 -669.278
3285.2 -669.992
3286.72 -670.706
3288.25 -671.42
3289.77 -672.134
3291.3 -672.848
3292.82 -673.562
3294.35 -674.276
3295.87 -674.99
3297.4 -675.704
3298.92 -676.418
3300.45 -677.132
3301.98 -677.846
3303.5 -678.56
3305.03 -679.274
3306.55 -679.988
3308.08 -680.702
3309.6 -681.417
3311.13 -682.131
3312.65 -682.845
3314.18 -683.559
3315.7 -684.273
3317.23 -684.987
3318.75 -685.701
3320.28 -686.415
3321.81 -687.129
3323.33 -687.843
3324.86 -688.557
3326.38 -689.271
3327.91 -689.985
3329.43 -690.699
3330.96 -691.413
3332.48 -692.127
3334.01 -692.841
3335.53 -693.555
3337.06 -694.269
3338.58 -694.983
3340.11 -695.698
3341.64 -696.412
3343.16 -697.126
3344.69 -697.84
3346.21 -698.554
3347.74 -699.268
3349.26 -699.982
3350.79 -700.696
3352.31 -701.41
3353.84 -702.124
3355.36 -702.838
3356.89 -703.552
3358.41 -704.266
3359.94 -704.98
3361.47 -705.694
3362.99 -706.408
3364.52 -707.122
3366.04 -707.836
3367.57 -708.55
3369.09 -709.264
3370.62 -709.979
3372.14 -710.693
3373.67 -711.407
3375.19 -712.121
3376.72 -712.835
3378.24 -713.549
3379.77 -714.263
3381.3 -714.977
3382.82 -715.691
3384.35 -716.405
3385.87 -717.119
3387.4 -717.833
3388.92 -718.547
3390.45 -719.261
3391.97 -719.975
3393.5 -720.689
3395.02 -721.403
3396.55 -722.117
3398.07 -722.831
3399.6 -723.545
3401.13 -724.26
3402.65 -724.974
3404.18 -725.688
3405.7 -726.402
3407.23 -727.116
3408.75 -727.83
3410.28 -728.544
3411.8 -729.258
3413.33 -729.972
3414.85 -730.686
3416.38 -731.4
3417.9 -732.114
3419.43 -732.828
3420.96 -733.542
3422.48 -734.256
3424.01 -734.97
3425.53 -735.684
3427.06 -736.398
3428.58 -737.112
3430.11 -737.826
3431.63 -738.541
3433.16 -739.255
3434.68 -739.969
3436.21 -740.683
3437.73 -741.397
3439.26 -742.111
3440.79 -742.825
3442.31 -743.539
