250 -600
251.501 -599.235
253.001 -598.471
254.502 -597.706
256.003 -596.941
257.504 -596.177
259.004 -595.412
260.505 -594.647
262.006 -593.883
263.507 -593.118
265.008 -592.354
266.508 -591.589
268.009 -590.824
269.51 -590.06
271.011 -589.295
272.511 -588.53
274.012 -587.766
275.513 -587.001
277.014 -586.236
278.514 -585.472
280.015 -584.707
281.516 -583.942
283.017 -583.178
284.517 -582.413
286.018 -581.648
287.519 -580.884
289.02 -580.119
290.521 -579.354
292.021 -578.59
293.522 -577.825
295.023 -577.061
296.524 -576.296
298.025 -575.531
299.525 -574.767
301.026 -574.002
302.527 -573.238
304.028 -572.473
305.529 -571.708
307.03 -570.944
308.53 -570.179
310.031 -569.415
311.532 -568.65
313.033 -567.885
314.534 -567.121
316.034 -566.356
317.535 -565.592
319.036 -564.827
320.537 -564.062
322.038 -563.298
323.539 -562.533
325.04 -561.769
326.54 -561.004
328.041 -560.24
329.542 -559.475
331.043 -558.71
332.544 -557.946
334.045 -557.181
335.546 -556.417
337.046 -555.652
338.547 -554.887
340.048 -554.123
341.549 -553.358
343.05 -552.594
344.551 -551.829
346.052 -551.065
347.553 -550.3
349.054 -549.536
350.554 -548.771
352.055 -548.007
353.556 -547.242
355.057 -546.478
356.558 -545.713
358.059 -544.948
359.56 -544.184
361.061 -543.419
362.562 -542.655
364.063 -541.89
365.564 -541.126
367.065 -540.361
368.566 -539.597
370.067 -538.832
371.568 -538.068
373.068 -537.303
374.569 -536.539
376.07 -535.774
377.571 -535.01
379.072 -534.245
380.573 -533.481
382.074 -532.716
383.575 -531.952
385.076 -531.187
386.577 -530.423
388.078 -529.659
389.579 -528.894
391.08 -528.13
392.581 -527.365
394.082 -526.601
395.583 -525.836
397.085 -525.072
398.586 -524.307
400.087 -523.543
401.588 -522.778
403.089 -522.014
404.59 -521.25
406.091 -520.485
407.592 -519.721
409.093 -518.956
410.594 -518.192
412.095 -517.427
413.596 -516.663
415.097 -515.899
416.598 -515.134
418.1 -514.37
419.601 -513.605
421.102 -512.841
422.603 -512.077
424.104 -511.312
425.605 -510.548
427.106 -509.784
428.607 -509.019
430.109 -508.255
431.61 -507.49
433.111 -506.726
434.612 -505.962
436.113 -505.197
437.614 -504.433
439.116 -503.669
440.617 -502.904
442.118 -502.14
443.619 -501.376
445.121 -500.611
446.622 -499.847
448.123 -499.083
449.624 -498.319
451.125 -497.554
452.627 -496.79
454.128 -496.026
455.629 -495.261
457.131 -494.497
458.632 -493.733
460.133 -492.969
461.634 -492.204
463.136 -491.44
464.637 -490.676
466.138 -489.912
467.64 -489.147
469.141 -488.383
470.642 -487.619
472.144 -486.855
473.645 -486.091
475.146 -485.326
476.648 -484.562
478.149 -483.798
479.651 -483.034
481.152 -482.27
482.653 -481.505
484.155 -480.741
485.656 -479.977
487.158 -479.213
488.659 -478.449
490.161 -477.685
491.662 -476.921
493.164 -476.156
494.665 -475.392
496.167 -474.628
497.668 -473.864
499.17 -473.1
500.671 -472.336
502.173 -471.572
503.674 -470.808
505.176 -470.044
506.677 -469.28
508.179 -468.516
509.681 -467.752
511.182 -466.988
512.684 -466.224
514.186 -465.46
515.687 -464.695
517.189 -463.931
518.69 -463.168
520.192 -462.404
521.694 -461.64
523.196 -460.876
524.697 -460.112
526.199 -459.348
527.701 -458.584
529.202 -457.82
530.704 -457.056
532.206 -456.292
533.708 -455.528
535.21 -454.764
536.711 -454
538.213 -453.236
539.715 -452.473
541.217 -451.709
542.719 -450.945
544.221 -450.181
545.723 -449.417
547.224 -448.653
548.726 -447.89
550.228 -447.126
551.73 -446.362
553.232 -445.598
554.734 -444.835
556.236 -444.071
557.738 -443.307
559.24 -442.543
560.742 -441.78
562.245 -441.016
563.747 -440.252
565.249 -439.489
566.751 -438.725
568.253 -437.961
569.755 -437.198
571.257 -436.434
572.759 -435.67
574.262 -434.907
575.764 -434.143
577.266 -433.38
578.768 -432.616
580.271 -431.852
581.773 -431.089
583.275 -430.325
584.777 -429.562
586.28 -428.798
587.782 -428.035
589.285 -427.271
590.787 -426.508
592.289 -425.745
593.792 -424.981
595.294 -424.218
596.797 -423.454
598.299 -422.691
599.802 -421.927
601.304 -421.164
602.807 -420.401
604.309 -419.637
605.812 -418.874
607.315 -418.111
608.817 -417.348
610.32 -416.584
611.823 -415.821
613.325 -415.058
614.828 -414.295
616.331 -413.531
617.834 -412.768
619.336 -412.005
620.839 -411.242
622.342 -410.479
623.845 -409.716
625.348 -408.953
626.851 -408.19
628.354 -407.427
629.857 -406.664
631.36 -405.901
632.863 -405.138
634.366 -404.375
635.869 -403.612
637.372 -402.849
638.875 -402.086
640.378 -401.323
641.882 -400.56
643.385 -399.797
644.888 -399.034
646.391 -398.271
647.895 -397.509
649.398 -396.746
650.901 -395.983
652.405 -395.22
653.908 -394.458
655.412 -393.695
656.915 -392.932
658.419 -392.17
659.922 -391.407
661.426 -390.645
662.929 -389.882
664.433 -389.119
665.937 -388.357
667.44 -387.594
668.944 -386.832
670.448 -386.07
671.952 -385.307
673.456 -384.545
674.96 -383.782
676.464 -383.02
677.967 -382.258
679.471 -381.495
680.975 -380.733
682.48 -379.971
683.984 -379.209
685.488 -378.447
686.992 -377.684
688.496 -376.922
690 -376.16
691.505 -375.398
693.009 -374.636
694.513 -373.874
696.018 -373.112
697.522 -372.35
699.027 -371.588
700.531 -370.826
702.036 -370.065
703.541 -369.303
705.045 -368.541
706.55 -367.779
708.055 -367.018
709.56 -366.256
711.065 -365.494
712.569 -364.733
714.074 -363.971
715.579 -363.209
717.084 -362.448
718.589 -361.686
720.095 -360.925
721.6 -360.164
723.105 -359.402
724.61 -358.641
726.116 -357.88
727.621 -357.118
729.126 -356.357
730.632 -355.596
732.138 -354.835
733.643 -354.074
735.149 -353.313
736.655 -352.552
738.16 -351.791
739.666 -351.03
741.172 -350.269
742.678 -349.508
744.184 -348.747
745.69 -347.986
747.196 -347.225
748.702 -346.465
750.208 -345.704
751.715 -344.944
753.221 -344.183
754.727 -343.423
756.234 -342.662
757.74 -341.902
759.247 -341.141
760.754 -340.381
762.26 -339.621
763.767 -338.86
765.274 -338.1
766.781 -337.34
768.288 -336.58
769.795 -335.82
771.302 -335.06
772.809 -334.3
774.317 -333.54
775.824 -332.78
777.331 -332.021
778.839 -331.261
780.346 -330.501
781.854 -329.742
783.362 -328.982
784.87 -328.223
786.378 -327.463
787.885 -326.704
789.394 -325.945
790.902 -325.185
792.41 -324.426
793.918 -323.667
795.427 -322.908
796.935 -322.149
798.443 -321.39
799.952 -320.631
801.461 -319.872
802.97 -319.114
804.478 -318.355
805.987 -317.596
807.496 -316.838
809.006 -316.079
810.515 -315.321
812.024 -314.562
813.534 -313.804
815.043 -313.046
816.553 -312.288
818.062 -311.53
819.572 -310.772
821.082 -310.014
822.592 -309.256
824.102 -308.498
825.612 -307.741
827.123 -306.983
828.633 -306.225
830.144 -305.468
831.654 -304.711
833.165 -303.953
834.676 -303.196
836.187 -302.439
837.698 -301.682
839.209 -300.925
840.72 -300.168
842.232 -299.411
843.743 -298.654
845.255 -297.898
846.767 -297.141
848.279 -296.385
849.791 -295.628
851.303 -294.872
852.815 -294.116
854.327 -293.36
855.84 -292.604
857.353 -291.848
858.865 -291.092
860.378 -290.337
861.891 -289.581
863.404 -288.826
864.918 -288.07
866.431 -287.315
867.945 -286.56
869.458 -285.805
870.972 -285.05
872.486 -284.295
874 -283.54
875.514 -282.785
877.029 -282.031
878.543 -281.276
880.058 -280.522
881.573 -279.768
883.088 -279.014
884.603 -278.26
886.118 -277.506
887.634 -276.752
889.15 -275.999
890.665 -275.245
892.181 -274.492
893.698 -273.738
895.214 -272.985
896.73 -272.232
898.247 -271.48
899.764 -270.727
901.281 -269.974
902.798 -269.222
904.315 -268.469
905.833 -267.717
907.35 -266.965
908.868 -266.213
910.386 -265.461
911.905 -264.71
913.423 -263.958
914.942 -263.207
916.46 -262.456
917.979 -261.705
919.499 -260.954
921.018 -260.203
922.538 -259.452
924.057 -258.702
925.577 -257.952
927.098 -257.202
928.618 -256.452
930.139 -255.702
931.66 -254.952
933.181 -254.203
934.702 -253.453
936.223 -252.704
937.745 -251.955
939.267 -251.206
940.789 -250.458
942.312 -249.709
943.834 -248.961
945.357 -248.213
946.88 -247.465
948.404 -246.717
949.927 -245.97
951.451 -245.223
952.975 -244.475
954.5 -243.729
956.024 -242.982
957.549 -242.235
959.074 -241.489
960.6 -240.743
962.125 -239.997
963.651 -239.251
965.177 -238.505
966.704 -237.76
968.23 -237.015
969.757 -236.27
971.285 -235.526
972.812 -234.781
974.34 -234.037
975.868 -233.293
977.397 -232.549
978.925 -231.806
980.454 -231.062
981.984 -230.319
983.513 -229.576
985.043 -228.834
986.573 -228.091
988.104 -227.349
989.635 -226.608
991.166 -225.866
992.698 -225.125
994.229 -224.384
995.762 -223.643
997.294 -222.902
998.827 -222.162
1000.36 -221.422
1001.89 -220.682
1003.43 -219.943
1004.96 -219.204
1006.5 -218.465
1008.03 -217.726
1009.57 -216.988
1011.1 -216.25
1012.64 -215.512
1014.18 -214.775
1015.71 -214.038
1017.25 -213.301
1018.79 -212.564
1020.32 -211.828
1021.86 -211.092
1023.4 -210.357
1024.94 -209.622
1026.48 -208.887
1028.02 -208.152
1029.56 -207.418
1031.1 -206.684
1032.64 -205.951
1034.18 -205.217
1035.73 -204.485
1037.27 -203.752
1038.81 -203.02
1040.36 -202.288
1041.9 -201.557
1043.44 -200.826
1044.99 -200.095
1046.53 -199.365
1048.08 -198.635
1049.63 -197.906
1051.17 -197.177
1052.72 -196.448
1054.27 -195.72
1055.82 -194.992
1057.36 -194.264
1058.91 -193.537
1060.46 -192.811
1062.01 -192.084
1063.56 -191.359
1065.12 -190.633
1066.67 -189.909
1068.22 -189.184
1069.77 -188.46
1071.33 -187.737
1072.88 -187.014
1074.43 -186.291
1075.99 -185.569
1077.54 -184.847
1079.1 -184.126
1080.66 -183.406
1082.21 -182.685
1083.77 -181.966
1085.33 -181.247
1086.89 -180.528
1088.45 -179.81
1090.01 -179.092
1091.57 -178.375
1093.13 -177.659
1094.7 -176.943
1096.26 -176.227
1097.82 -175.513
1099.39 -174.798
1100.95 -174.085
1102.52 -173.372
1104.08 -172.659
1105.65 -171.947
1107.22 -171.236
1108.79 -170.525
1110.35 -169.815
1111.92 -169.105
1113.49 -168.396
1115.07 -167.688
1116.64 -166.981
1118.21 -166.274
1119.78 -165.567
1121.36 -164.862
1122.93 -164.157
1124.51 -163.452
1126.08 -162.749
1127.66 -162.046
1129.24 -161.344
1130.82 -160.642
1132.4 -159.942
1133.98 -159.242
1135.56 -158.542
1137.14 -157.844
1138.72 -157.146
1140.31 -156.449
1141.89 -155.753
1143.48 -155.058
1145.06 -154.363
1146.65 -153.669
1148.24 -152.976
1149.83 -152.284
1151.42 -151.593
1153.01 -150.902
1154.6 -150.212
1156.19 -149.524
1157.79 -148.836
1159.38 -148.149
1160.97 -147.463
1162.57 -146.777
1164.17 -146.093
1165.77 -145.41
1167.37 -144.727
1168.97 -144.046
1170.57 -143.365
1172.17 -142.686
1173.77 -142.007
1175.38 -141.33
1176.98 -140.653
1178.59 -139.978
1180.2 -139.303
1181.8 -138.63
1183.41 -137.957
1185.02 -137.286
1186.64 -136.616
1188.25 -135.947
1189.86 -135.279
1191.48 -134.612
1193.09 -133.946
1194.71 -133.282
1196.33 -132.618
1197.95 -131.956
1199.57 -131.295
1201.19 -130.635
1202.81 -129.977
1204.44 -129.319
1206.06 -128.663
1207.69 -128.008
1209.32 -127.355
1210.95 -126.702
1212.58 -126.052
1214.21 -125.402
1215.84 -124.754
1217.48 -124.107
1219.11 -123.461
1220.75 -122.817
1222.39 -122.175
1224.03 -121.533
1225.67 -120.894
1227.31 -120.255
1228.96 -119.619
1230.6 -118.983
1232.25 -118.35
1233.9 -117.717
1235.55 -117.087
1237.2 -116.458
1238.85 -115.83
1240.5 -115.204
1242.16 -114.58
1243.81 -113.957
1245.47 -113.337
1247.13 -112.717
1248.79 -112.1
1250.45 -111.484
1252.12 -110.87
1253.78 -110.258
1255.45 -109.648
1257.12 -109.039
1258.79 -108.432
1260.46 -107.828
1262.13 -107.225
1263.81 -106.624
1265.48 -106.025
1267.16 -105.427
1268.84 -104.832
1270.52 -104.239
1272.21 -103.648
1273.89 -103.059
1275.58 -102.472
1277.26 -101.888
1278.95 -101.305
1280.65 -100.724
1282.34 -100.146
1284.03 -99.57
1285.73 -98.9962
1287.43 -98.4246
1289.13 -97.8553
1290.83 -97.2883
1292.53 -96.7237
1294.24 -96.1615
1295.94 -95.6017
1297.65 -95.0443
1299.36 -94.4894
1301.08 -93.9369
1302.79 -93.387
1304.51 -92.8397
1306.22 -92.2949
1307.94 -91.7527
1309.67 -91.2132
1311.39 -90.6763
1313.11 -90.1422
1314.84 -89.6108
1316.57 -89.0821
1318.3 -88.5563
1320.03 -88.0333
1321.77 -87.5131
1323.5 -86.9959
1325.24 -86.4815
1326.98 -85.9702
1328.72 -85.4618
1330.47 -84.9565
1332.22 -84.4542
1333.96 -83.955
1335.71 -83.459
1337.47 -82.9661
1339.22 -82.4764
1340.97 -81.99
1342.73 -81.5068
1344.49 -81.0269
1346.25 -80.5504
1348.02 -80.0773
1349.78 -79.6076
1351.55 -79.1413
1353.32 -78.6785
1355.09 -78.2193
1356.87 -77.7636
1358.64 -77.3115
1360.42 -76.8631
1362.2 -76.4184
1363.98 -75.9773
1365.76 -75.54
1367.55 -75.1066
1369.34 -74.6769
1371.13 -74.2511
1372.92 -73.8292
1374.71 -73.4113
1376.51 -72.9974
1378.3 -72.5875
1380.1 -72.1816
1381.9 -71.7799
1383.71 -71.3823
1385.51 -70.9889
1387.32 -70.5997
1389.13 -70.2147
1390.94 -69.8341
1392.75 -69.4578
1394.56 -69.0859
1396.38 -68.7184
1398.2 -68.3554
1400.02 -67.9969
1401.84 -67.6429
1403.67 -67.2935
1405.49 -66.9487
1407.32 -66.6086
1409.15 -66.2731
1410.98 -65.9424
1412.81 -65.6165
1414.65 -65.2954
1416.48 -64.9791
1418.32 -64.6677
1420.16 -64.3613
1422 -64.0598
1423.85 -63.7633
1425.69 -63.4719
1427.54 -63.1855
1429.39 -62.9042
1431.24 -62.6281
1433.09 -62.3572
1434.94 -62.0915
1436.79 -61.831
1438.65 -61.5759
1440.51 -61.326
1442.37 -61.0816
1444.23 -60.8425
1446.09 -60.6088
1447.95 -60.3806
1449.81 -60.1579
1451.68 -59.9407
1453.55 -59.729
1455.42 -59.523
1457.29 -59.3225
1459.16 -59.1277
1461.03 -58.9386
1462.9 -58.7551
1464.78 -58.5774
1466.65 -58.4054
1468.53 -58.2392
1470.4 -58.0788
1472.28 -57.9242
1474.16 -57.7755
1476.04 -57.6327
1477.92 -57.4957
1479.81 -57.3647
1481.69 -57.2396
1483.57 -57.1204
1485.46 -57.0073
1487.34 -56.9001
1489.23 -56.7989
1491.11 -56.7038
1493 -56.6147
1494.89 -56.5316
1496.78 -56.4546
1498.67 -56.3838
1500.55 -56.319
1502.44 -56.2603
1504.33 -56.2077
1506.22 -56.1612
1508.11 -56.1209
1510 -56.0867
1511.9 -56.0586
1513.79 -56.0367
1515.68 -56.021
1517.57 -56.0114
1519.46 -56.008
1521.35 -56.0107
1523.24 -56.0196
1525.13 -56.0346
1527.03 -56.0558
1528.92 -56.0831
1530.81 -56.1166
1532.7 -56.1562
1534.59 -56.202
1536.48 -56.2539
1538.37 -56.3119
1540.26 -56.3761
1542.15 -56.4463
1544.03 -56.5227
1545.92 -56.6051
1547.81 -56.6936
1549.7 -56.7881
1551.58 -56.8887
1553.47 -56.9953
1555.35 -57.108
1557.24 -57.2266
1559.12 -57.3512
1561 -57.4818
1562.88 -57.6183
1564.77 -57.7607
1566.65 -57.909
1568.52 -58.0632
1570.4 -58.2232
1572.28 -58.3891
1574.15 -58.5608
1576.03 -58.7382
1577.9 -58.9214
1579.78 -59.1104
1581.65 -59.305
1583.52 -59.5053
1585.39 -59.7112
1587.25 -59.9228
1589.12 -60.1399
1590.99 -60.3626
1592.85 -60.5908
1594.71 -60.8245
1596.57 -61.0637
1598.43 -61.3083
1600.29 -61.5583
1602.15 -61.8136
1604 -62.0743
1605.86 -62.3403
1607.71 -62.6115
1609.56 -62.8879
1611.41 -63.1695
1613.26 -63.4563
1615.1 -63.7482
1616.94 -64.0452
1618.79 -64.3472
1620.63 -64.6542
1622.47 -64.9661
1624.31 -64.6594
1626.15 -64.3576
1627.99 -64.0607
1629.83 -63.7689
1631.68 -63.4821
1633.53 -63.2004
1635.37 -62.9238
1637.22 -62.6524
1639.08 -62.3862
1640.93 -62.1252
1642.78 -61.8694
1644.64 -61.619
1646.5 -61.3738
1648.36 -61.1341
1650.22 -60.8997
1652.08 -60.6707
1653.94 -60.4473
1655.81 -60.2292
1657.67 -60.0168
1659.54 -59.8098
1661.41 -59.6085
1663.28 -59.4127
1665.15 -59.2226
1667.02 -59.0382
1668.9 -58.8594
1670.77 -58.6864
1672.65 -58.5191
1674.52 -58.3576
1676.4 -58.2019
1678.28 -58.052
1680.16 -57.9079
1682.04 -57.7697
1683.92 -57.6374
1685.8 -57.511
1687.68 -57.3905
1689.57 -57.2759
1691.45 -57.1673
1693.34 -57.0647
1695.22 -56.9681
1697.11 -56.8775
1698.99 -56.7929
1700.88 -56.7144
1702.77 -56.6419
1704.66 -56.5755
1706.55 -56.5151
1708.44 -56.4608
1710.32 -56.4127
1712.21 -56.3706
1714.1 -56.3346
1715.99 -56.3048
1717.88 -56.281
1719.77 -56.2634
1721.67 -56.2519
1723.56 -56.2466
1725.45 -56.2473
1727.34 -56.2546
1729.23 -56.2679
1731.12 -56.2873
1733.01 -56.3129
1734.9 -56.3446
1736.79 -56.3824
1738.68 -56.4263
1740.57 -56.4764
1742.46 -56.5325
1744.34 -56.5947
1746.23 -56.663
1748.12 -56.7374
1750.01 -56.8178
1751.89 -56.9043
1753.78 -56.9968
1755.67 -57.0953
1757.55 -57.1999
1759.44 -57.3104
1761.32 -57.4269
1763.2 -57.5493
1765.08 -57.6777
1766.97 -57.812
1768.85 -57.9523
1770.73 -58.0983
1772.6 -58.2503
1774.48 -58.4081
1776.36 -58.5716
1778.23 -58.741
1780.11 -58.9161
1781.98 -59.097
1783.85 -59.2836
1785.73 -59.4758
1787.6 -59.6737
1789.46 -59.8773
1791.33 -60.0864
1793.2 -59.883
1795.07 -59.6852
1796.94 -59.4929
1798.81 -59.3063
1800.68 -59.1253
1802.55 -58.9501
1804.43 -58.7805
1806.3 -58.6167
1808.18 -58.4587
1810.06 -58.3064
1811.94 -58.1599
1813.82 -58.0193
1815.7 -57.8846
1817.58 -57.7557
1819.46 -57.6327
1821.34 -57.5156
1823.22 -57.4044
1825.11 -57.2992
1826.99 -57.2
1828.88 -57.1067
1830.76 -57.0194
1832.65 -56.9382
1834.54 -56.863
1836.42 -56.7938
1838.31 -56.7306
1840.2 -56.6735
1842.09 -56.6225
1843.98 -56.5776
1845.87 -56.5387
1847.76 -56.5059
1849.65 -56.4792
1851.53 -56.4586
1853.42 -56.4442
1855.31 -56.4358
1857.2 -56.4335
1859.09 -56.4374
1860.98 -56.4474
1862.87 -56.4635
1864.76 -56.4856
1866.65 -56.5139
1868.54 -56.5483
1870.43 -56.5888
1872.32 -56.6354
1874.21 -56.688
1876.1 -56.7468
1877.99 -56.8116
1879.87 -56.8824
1881.76 -56.9593
1883.65 -57.0422
1885.53 -57.1311
1887.42 -57.2261
1889.3 -57.327
1891.19 -57.434
1893.07 -57.5468
1894.95 -57.6657
1896.83 -57.7904
1898.72 -57.9211
1900.6 -58.0576
1902.48 -58.2
1904.35 -58.3483
1906.23 -58.5024
1908.11 -58.6623
1909.98 -58.8279
1911.86 -58.9994
1913.73 -59.1765
1915.6 -59.3594
1917.48 -59.5479
1919.35 -59.7421
1921.21 -59.9419
1923.08 -60.1474
1924.95 -60.3583
1926.81 -60.5749
1928.68 -60.7969
1930.54 -61.0244
1932.4 -61.2574
1934.26 -61.4957
1936.12 -61.7395
1937.98 -61.9886
1939.83 -62.243
1941.69 -62.5027
1943.54 -62.7677
1945.39 -63.0379
1947.24 -63.3132
1949.09 -63.5937
1950.93 -63.8793
1952.78 -64.17
1954.62 -64.4657
1956.46 -64.7665
1958.3 -65.0722
1960.14 -65.3828
1961.98 -65.6983
1963.81 -66.0187
1965.64 -66.3438
1967.47 -66.6738
1969.3 -67.0085
1971.13 -67.3479
1972.96 -67.692
1974.78 -68.0407
1976.6 -68.3939
1978.42 -68.7517
1980.24 -69.1141
1982.06 -69.4809
1983.87 -69.8521
1985.69 -70.2277
1987.5 -70.6077
1989.31 -70.9919
1991.11 -71.3805
1992.92 -71.7733
1994.72 -72.1703
1996.52 -72.5714
1998.32 -72.9766
2000.12 -73.386
2001.91 -73.7993
2003.71 -74.2167
2005.5 -74.638
2007.29 -75.0633
2009.08 -74.6424
2010.87 -74.2254
2012.66 -73.8123
2014.46 -73.4032
2016.26 -72.9981
2018.06 -72.597
2019.86 -72.2001
2021.66 -71.8072
2023.46 -71.4185
2025.27 -71.034
2027.08 -70.6538
2028.89 -70.2778
2030.7 -69.9062
2032.52 -69.5389
2034.33 -69.176
2036.15 -68.8175
2037.97 -68.4635
2039.79 -68.114
2041.62 -67.7691
2043.44 -67.4287
2045.27 -67.093
2047.1 -66.7619
2048.93 -66.4356
2050.76 -66.1139
2052.59 -65.7971
2054.43 -65.485
2056.27 -65.1778
2058.11 -64.8755
2059.95 -64.5782
2061.79 -64.2857
2063.63 -63.9983
2065.48 -63.7159
2067.33 -63.4386
2069.17 -63.1664
2071.02 -62.8993
2072.88 -62.6374
2074.73 -62.3807
2076.58 -62.1293
2078.44 -61.8831
2080.3 -61.6422
2082.16 -61.4067
2084.02 -61.1765
2085.88 -60.9518
2087.74 -60.7325
2089.61 -60.5186
2091.47 -60.3102
2093.34 -60.1074
2095.21 -59.9101
2097.08 -59.7184
2098.95 -59.5324
2100.82 -59.3519
2102.69 -59.1771
2104.57 -59.008
2106.44 -58.8446
2108.32 -58.687
2110.19 -58.5351
2112.07 -58.389
2113.95 -58.2487
2115.83 -58.1143
2117.71 -57.9857
2119.59 -57.8629
2121.47 -57.7461
2123.35 -57.6351
2125.24 -57.5301
2127.12 -57.431
2129.01 -57.3378
2130.89 -57.2507
2132.78 -57.1695
2134.66 -57.0943
2136.55 -57.0251
2138.44 -56.962
2140.32 -56.9049
2142.21 -56.8538
2144.1 -56.8088
2145.99 -56.7698
2147.88 -56.7369
2149.76 -56.71
2151.65 -56.6892
2153.54 -56.6745
2155.43 -56.6659
2157.32 -56.6634
2159.21 -56.667
2161.1 -56.6767
2162.99 -56.6925
2164.88 -56.7143
2166.77 -56.7423
2168.66 -56.7763
2170.54 -56.8164
2172.43 -56.8625
2174.32 -56.9147
2176.21 -56.9729
2178.09 -57.0372
2179.98 -57.1075
2181.87 -57.1839
2183.75 -57.2662
2185.64 -57.3545
2187.52 -57.4489
2189.41 -57.5491
2191.29 -57.6554
2193.17 -57.7675
2195.06 -57.8856
2196.94 -58.0096
2198.82 -58.1395
2200.7 -58.2752
2202.58 -58.4168
2204.45 -58.5642
2206.33 -58.7174
2208.21 -58.8764
2210.08 -59.0412
2211.96 -59.2117
2213.83 -59.3878
2215.7 -59.5697
2217.57 -59.7572
2219.44 -59.9504
2221.31 -60.1492
2223.18 -60.3535
2225.04 -60.5634
2226.91 -60.7788
2228.77 -60.9997
2230.63 -61.2261
2232.49 -61.4578
2234.35 -61.695
2236.21 -61.9376
2238.07 -62.1855
2239.92 -62.4386
2241.78 -62.6971
2243.63 -62.9608
2245.48 -63.2296
2247.33 -63.5037
2249.17 -63.7828
2251.02 -64.0671
2252.86 -64.3564
2254.71 -64.6508
2256.55 -64.9501
2258.39 -64.656
2260.23 -64.3669
2262.08 -64.0827
2263.92 -63.8036
2265.77 -63.5295
2267.62 -63.2606
2269.47 -62.9967
2271.32 -62.7381
2273.18 -62.4846
2275.03 -62.2364
2276.89 -61.9935
2278.74 -61.7558
2280.6 -61.5235
2282.46 -61.2966
2284.33 -61.075
2286.19 -60.8589
2288.05 -60.6482
2289.92 -60.443
2291.78 -60.2434
2293.65 -60.0493
2295.52 -59.8607
2297.39 -59.6778
2299.26 -59.5004
2301.14 -59.3288
2303.01 -59.1628
2304.88 -59.0025
2306.76 -58.8479
2308.64 -58.6991
2310.51 -58.5561
2312.39 -58.4188
2314.27 -58.2873
2316.15 -58.1617
2318.03 -58.042
2319.91 -57.9281
2321.79 -57.8201
2323.68 -57.718
2325.56 -57.6218
2327.44 -57.5315
2329.33 -57.4473
2331.21 -57.3689
2333.1 -57.2966
2334.99 -57.2302
2336.87 -57.1698
2338.76 -57.1155
2340.65 -57.0671
2342.53 -57.0248
2344.42 -56.9885
2346.31 -56.9583
2348.2 -56.9341
2350.09 -56.9159
2351.97 -56.9038
2353.86 -56.8978
2355.75 -56.8978
2357.64 -56.8978
2359.53 -56.8978
2361.42 -56.8978
2363.3 -56.8978
2365.19 -56.8979
2367.08 -56.8979
2368.97 -56.8979
2370.86 -56.8979
2372.75 -56.8979
2374.64 -56.8979
2376.52 -56.8979
2378.41 -56.898
2380.3 -56.898
2382.19 -56.898
2384.08 -56.898
2385.97 -56.898
2387.85 -56.898
2389.74 -56.898
2391.63 -56.8981
2393.52 -56.8981
2395.41 -56.8981
2397.3 -56.8981
2399.18 -56.8981
2401.07 -56.8981
2402.96 -56.8982
2404.85 -56.8982
2406.74 -56.8982
2408.63 -56.8982
2410.52 -56.8982
2412.4 -56.8982
2414.29 -56.8982
2416.18 -56.8983
2418.07 -56.8983
2419.96 -56.8983
2421.85 -56.8983
2423.73 -56.8983
2425.62 -56.8983
2427.51 -56.8984
2429.4 -56.8984
2431.29 -56.8984
2433.18 -56.8984
2435.06 -56.8984
2436.95 -56.8984
2438.84 -56.8984
2440.73 -56.8985
2442.62 -56.8985
2444.51 -56.8985
2446.4 -56.8985
2448.28 -56.8985
2450.17 -56.8985
2452.06 -56.8986
2453.95 -56.8986
2455.84 -56.8986
2457.73 -56.8986
2459.61 -56.8986
2461.5 -56.8986
2463.39 -56.8986
2465.28 -56.8987
2467.17 -56.8987
2469.06 -56.8987
2470.95 -56.8987
2472.83 -56.8987
2474.72 -56.8987
2476.61 -56.8988
2478.5 -56.8988
2480.39 -56.8988
2482.28 -56.8988
2484.16 -56.8988
2486.05 -56.8988
2487.94 -56.8988
2489.83 -56.8989
2491.72 -56.8989
2493.61 -56.8989
2495.49 -56.8989
2497.38 -56.8989
2499.27 -56.8989
2501.16 -56.8989
2503.05 -56.899
2504.94 -56.899
2506.83 -56.899
2508.71 -56.899
2510.6 -56.899
2512.49 -56.899
2514.38 -56.8991
2516.27 -56.8991
2518.16 -56.8991
2520.04 -56.8991
2521.93 -56.8991
2523.82 -56.8991
2525.71 -56.8991
2527.6 -56.8992
2529.49 -56.8992
2531.37 -56.8992
2533.26 -56.8992
2535.15 -56.8992
2537.04 -56.8992
2538.93 -56.8993
2540.82 -56.8993
2542.71 -56.8993
2544.59 -56.8993
2546.48 -56.8993
2548.37 -56.8993
2550.26 -56.8993
2552.15 -56.8993
2554.04 -56.8993
2555.92 -56.8994
2557.81 -56.8994
2559.7 -56.8994
2561.59 -56.8994
2563.48 -56.8994
2565.37 -56.8994
2567.25 -56.8994
2569.14 -56.8994
2571.03 -56.8995
2572.92 -56.8995
2574.81 -56.8995
2576.7 -56.8995
2578.59 -56.8995
2580.47 -56.8995
2582.36 -56.8995
2584.25 -56.8995
2586.14 -56.8995
2588.03 -56.8996
2589.92 -56.8996
2591.8 -56.8996
2593.69 -56.8996
2595.58 -56.8996
2597.47 -56.8996
2599.36 -56.8996
2601.25 -56.8996
2603.14 -56.8996
2605.02 -56.8997
2606.91 -56.8997
2608.8 -56.8997
2610.69 -56.8997
2612.58 -56.8997
2614.47 -56.8997
2616.35 -56.8997
2618.24 -56.8997
2620.13 -56.8997
2622.02 -56.8998
2623.91 -56.8998
2625.8 -56.8998
2627.68 -56.8998
2629.57 -56.8998
2631.46 -56.8998
2633.35 -56.8998
2635.24 -56.8998
2637.13 -56.8999
2639.02 -56.8999
2640.9 -56.8999
2642.79 -56.8999
2644.68 -56.8999
2646.57 -56.8999
2648.46 -56.8999
2650.35 -56.8999
2652.23 -56.8999
2654.12 -56.9
2656.01 -56.9
2657.9 -56.9
2659.79 -56.9
2661.68 -56.9
2663.56 -56.9
2665.45 -56.9
2667.34 -56.9
2669.23 -56.9
2671.12 -56.9001
2673.01 -56.9001
2674.9 -56.9001
2676.78 -56.9001
2678.67 -56.9001
2680.56 -56.9001
2682.45 -56.9001
2684.34 -56.9001
2686.23 -56.9002
2688.11 -56.9002
2690 -56.9002
2691.89 -56.9002
2693.78 -56.9002
2695.67 -56.9002
2697.56 -56.9002
2699.44 -56.9002
2701.33 -56.9002
2703.22 -56.9003
2705.11 -56.9003
2707 -56.9003
2708.89 -56.9003
2710.78 -56.9003
2712.66 -56.9003
2714.55 -56.9003
2716.44 -56.9003
2718.33 -56.9003
2720.22 -56.9004
2722.11 -56.9004
2723.99 -56.9004
2725.88 -56.9004
2727.77 -56.9004
2729.66 -56.9004
2731.55 -56.9004
2733.44 -56.9004
2735.32 -56.9004
2737.21 -56.9005
2739.1 -56.9005
2740.99 -56.9005
2742.88 -56.9005
2744.77 -56.9005
2746.66 -56.9005
2748.54 -56.9005
2750.43 -56.9005
2752.32 -56.9006
2754.21 -56.9006
2756.1 -56.9006
2757.99 -56.9006
2759.87 -56.9006
2761.76 -56.9006
2763.65 -56.9006
2765.54 -56.9006
2767.43 -56.9006
2769.32 -56.9007
2771.21 -56.9007
2773.09 -56.9007
2774.98 -56.9007
2776.87 -56.9007
2778.76 -56.9007
2780.65 -56.9007
2782.54 -56.9007
2784.42 -56.9007
2786.31 -56.9008
2788.2 -56.9008
2790.09 -56.9008
2791.98 -56.9008
2793.87 -56.9008
2795.75 -56.9008
2797.64 -56.9008
2799.53 -56.9008
2801.42 -56.9008
2803.31 -56.9009
2805.2 -56.9009
2807.09 -56.9009
2808.97 -56.9009
2810.86 -56.9009
2812.75 -56.9009
2814.64 -56.9009
2816.53 -56.9009
2818.42 -56.901
2820.3 -56.901
2822.19 -56.901
2824.08 -56.901
2825.97 -56.901
2827.86 -56.901
2829.75 -56.901
2831.63 -56.901
2833.52 -56.901
2835.41 -56.9011
2837.3 -56.9011
2839.19 -56.9011
2841.08 -56.9011
2842.97 -56.9011
2844.85 -56.9011
2846.74 -56.9011
2848.63 -56.9011
2850.52 -56.9011
2852.41 -56.9012
2854.3 -56.9012
2856.18 -56.9012
2858.07 -56.9012
2859.96 -56.9012
2861.85 -56.9012
2863.74 -56.9012
2865.63 -56.9012
2867.51 -56.9012
2869.4 -56.9013
2871.29 -56.9013
2873.18 -56.9013
2875.07 -56.9013
2876.96 -56.9013
2878.85 -56.9013
2880.73 -56.9013
2882.62 -56.9013
2884.51 -56.9014
2886.4 -56.9014
2888.29 -56.9014
2890.18 -56.9014
2892.06 -56.9014
2893.95 -56.9014
2895.84 -56.9014
2897.73 -56.9014
2899.62 -56.9014
2901.51 -56.9015
2903.4 -56.9015
2905.28 -56.9015
2907.17 -56.9015
2909.06 -56.9015
2910.95 -56.9015
2912.84 -56.9015
2914.73 -56.9015
2916.61 -56.9015
2918.5 -56.9016
2920.39 -56.9016
2922.28 -56.9016
2924.17 -56.9016
2926.06 -56.9016
2927.94 -56.9016
2929.83 -56.9016
2931.72 -56.9016
2933.61 -56.9016
2935.5 -56.9017
2937.39 -56.9017
2939.28 -56.9017
2941.16 -56.9017
2943.05 -56.9017
2944.94 -56.9017
2946.83 -56.9017
2948.72 -56.9017
2950.61 -56.9018
2952.49 -56.9018
2954.38 -56.9018
2956.27 -56.9018
2958.16 -56.9018
2960.05 -56.9018
2961.94 -56.9018
2963.82 -56.9018
2965.71 -56.9018
2967.6 -56.9019
2969.49 -56.9019
2971.38 -56.9019
2973.27 -56.9019
2975.16 -56.9019
2977.04 -56.9019
2978.93 -56.9019
2980.82 -56.9019
2982.71 -56.9019
2984.6 -56.902
2986.49 -56.902
2988.37 -56.902
2990.26 -56.902
2992.15 -56.902
2994.04 -56.902
2995.93 -56.902
2997.82 -56.902
2999.7 -56.9021
3001.59 -56.9021
3003.48 -56.9021
3005.37 -56.9021
3007.26 -56.9021
3009.15 -56.9021
3011.04 -56.9021
3012.92 -56.9021
3014.81 -56.9021
3016.7 -56.9022
3018.59 -56.9022
3020.48 -56.9022
3022.37 -56.9022
3024.25 -56.9022
3026.14 -56.9022
3028.03 -56.9022
3029.92 -56.9022
3031.81 -56.9022
3033.7 -56.9023
3035.58 -56.9023
3037.47 -56.9023
3039.36 -56.9023
3041.25 -56.9023
3043.14 -56.9023
3045.03 -56.9023
3046.92 -56.9023
3048.8 -56.9023
3050.69 -56.9024
3052.58 -56.9024
3054.47 -56.9024
3056.36 -56.9024
3058.25 -56.9024
3060.13 -56.9024
3062.02 -56.9024
3063.91 -56.9024
3065.8 -56.9025
3067.69 -56.9025
3069.58 -56.9025
3071.47 -56.9025
3073.35 -56.9025
3075.24 -56.9025
3077.13 -56.9025
3079.02 -56.9025
3080.91 -56.9025
3082.8 -56.9026
3084.68 -56.9026
3086.57 -56.9026
3088.46 -56.9026
3090.35 -56.9026
3092.24 -56.9026
3094.13 -56.9026
3096.01 -56.9026
3097.9 -56.9026
3099.79 -56.9027
3101.68 -56.9027
3103.57 -56.9027
3105.46 -56.9027
3107.35 -56.9027
3109.23 -56.9027
3111.12 -56.9027
3113.01 -56.9027
3114.9 -56.9027
3116.79 -56.9028
3118.68 -56.9028
3120.56 -56.9028
3122.45 -56.9028
3124.34 -56.9028
3126.23 -56.9028
3128.12 -56.9028
3130.01 -56.9028
3131.89 -56.9029
3133.78 -56.9029
3135.67 -56.9029
3137.56 -56.9029
3139.45 -56.9029
3141.34 -56.9029
3143.23 -56.9029
3145.11 -56.9029
3147 -56.9029
3148.89 -56.903
3150.78 -56.903
3152.67 -56.903
3154.56 -56.903
3156.44 -56.903
3158.33 -56.903
3160.22 -56.903
3162.11 -56.903
3164 -56.903
3165.89 -56.9031
3167.77 -56.9031
3169.66 -56.9031
3171.55 -56.9031
3173.44 -56.9031
3175.33 -56.9031
3177.22 -56.9031
3179.11 -56.9031
3180.99 -56.9031
3182.88 -56.9032
3184.77 -56.9032
3186.66 -56.9032
3188.55 -56.9032
3190.44 -56.9032
3192.32 -56.9032
3194.21 -56.9032
3196.1 -56.9032
3197.99 -56.9033
3199.88 -56.9033
3201.77 -56.9033
3203.66 -56.9033
3205.54 -56.9033
3207.43 -56.9033
3209.32 -56.9033
3211.21 -56.9033
3213.1 -56.9033
3214.99 -56.9034
3216.87 -56.9034
3218.76 -56.9034
3220.65 -56.9034
3222.54 -56.9034
3224.43 -56.9034
3226.32 -56.9034
3228.2 -56.9034
3230.09 -56.9034
3231.98 -56.9034
3233.87 -56.9035
3235.76 -56.9035
3237.65 -56.9035
3239.54 -56.9035
3241.42 -56.9035
3243.31 -56.9035
3245.2 -56.9035
3247.09 -56.9035
3248.98 -56.9035
3250.87 -56.9035
3252.75 -56.9035
3254.64 -56.9035
3256.53 -56.9035
3258.42 -56.9035
3260.31 -56.9036
3262.2 -56.9036
3264.08 -56.9036
3265.97 -56.9036
3267.86 -56.9036
3269.75 -56.9036
3271.64 -56.9036
3273.53 -56.9036
3275.42 -56.9036
3277.3 -56.9036
3279.19 -56.9036
3281.08 -56.9036
3282.97 -56.9036
3284.86 -56.9037
3286.75 -56.9037
3288.63 -56.9037
3290.52 -56.9037
3292.41 -56.9037
3294.3 -56.9037
3296.19 -56.9037
3298.08 -56.9037
3299.96 -56.9037
3301.85 -56.9037
3303.74 -56.9037
3305.63 -56.9037
3307.52 -56.9037
3309.41 -56.9038
3311.3 -56.9038
3313.18 -56.9038
3315.07 -56.9038
3316.96 -56.9038
3318.85 -56.9038
3320.74 -56.9038
3322.63 -56.9038
3324.51 -56.9038
3326.4 -56.9038
3328.29 -56.9038
3330.18 -56.9038
3332.07 -56.9038
3333.96 -56.9039
3335.84 -56.9039
3337.73 -56.9039
3339.62 -56.9039
3341.51 -56.9039
3343.4 -56.9039
3345.29 -56.9039
3347.18 -56.9039
3349.06 -56.9039
3350.95 -56.9039
3352.84 -56.9039
3354.73 -56.9039
3356.62 -56.9039
3358.51 -56.904
3360.39 -56.904
3362.28 -56.904
3364.17 -56.904
3366.06 -56.904
3367.95 -56.904
3369.84 -56.904
3371.73 -56.904
3373.61 -56.904
3375.5 -56.904
3377.39 -56.904
3379.28 -56.904
3381.17 -56.904
3383.06 -56.9041
3384.94 -56.9041
3386.83 -56.9041
3388.72 -56.9041
3390.61 -56.9041
3392.5 -56.9041
3394.39 -56.9041
3396.27 -56.9041
3398.16 -56.9041
3400.05 -56.9041
3401.94 -56.9041
3403.83 -56.9041
3405.72 -56.9041
3407.61 -56.9042
3409.49 -56.9042
3411.38 -56.9042
3413.27 -56.9042
3415.16 -56.9042
3417.05 -56.9042
3418.94 -56.9042
3420.82 -56.9042
3422.71 -56.9042
3424.6 -56.9042
3426.49 -56.9042
3428.38 -56.9042
3430.27 -56.9042
3432.15 -56.9043
3434.04 -56.9043
3435.93 -56.9043
3437.82 -56.9043
3439.71 -56.9043
3441.6 -56.9043
3443.49 -56.9043
3445.37 -56.9043
3447.26 -56.9043
3449.15 -56.9043
3451.04 -56.9043
3452.93 -56.9043
3454.82 -56.9043
3456.7 -56.9044
3458.59 -56.9044
3460.48 -56.9044
3462.37 -56.9044
3464.26 -56.9044
3466.15 -56.9044
3468.03 -56.9044
3469.92 -56.9044
3471.81 -56.9044
3473.7 -56.9044
3475.59 -56.9044
3477.48 -56.9044
3479.37 -56.9044
3481.25 -56.9044
3483.14 -56.9045
3485.03 -56.9045
3486.92 -56.9045
3488.81 -56.9045
3490.7 -56.9045
3492.58 -56.9045
3494.47 -56.9045
3496.36 -56.9045
3498.25 -56.9045
3500.14 -56.9045
3502.03 -56.9045
3503.92 -56.9045
3505.8 -56.9045
3507.69 -56.9046
3509.58 -56.9046
3511.47 -56.9046
3513.36 -56.9046
3515.25 -56.9046
3517.13 -56.9046
3519.02 -56.9046
3520.91 -56.9046
3522.8 -56.9046
3524.69 -56.9046
3526.58 -56.9046
3528.46 -56.9046
3530.35 -56.9046
3532.24 -56.9047
3534.13 -56.9047
3536.02 -56.9047
3537.91 -56.9047
3539.8 -56.9047
3541.68 -56.9047
3543.57 -56.9047
3545.46 -56.9047
3547.35 -56.9047
3549.24 -56.9047
3551.13 -56.9047
3553.01 -56.9047
3554.9 -56.9047
3556.79 -56.9048
3558.68 -56.9048
3560.57 -56.9048
3562.46 -56.9048
3564.34 -56.9048
3566.23 -56.9048
3568.12 -56.9048
3570.01 -56.9048
3571.9 -56.9048
3573.79 -56.9048
3575.68 -56.9048
3577.56 -56.9048
3579.45 -56.9048
3581.34 -56.9049
3583.23 -56.9049
3585.12 -56.9049
3587.01 -56.9049
3588.89 -56.9049
3590.78 -56.9049
3592.67 -56.9049
3594.56 -56.9049
3596.45 -56.9049
3598.34 -56.9049
3600.22 -56.9049
3602.11 -56.9049
3604 -56.9049
3605.89 -56.905
3607.78 -56.905
3609.67 -56.905
3611.56 -56.905
3613.44 -56.905
3615.33 -56.905
3617.22 -56.905
3619.11 -56.905
3621 -56.905
3622.89 -56.905
3624.77 -56.905
3626.66 -56.905
3628.55 -56.905
3630.44 -56.9051
3632.33 -56.9051
3634.22 -56.9051
3636.1 -56.9051
3637.99 -56.9051
3639.88 -56.9051
3641.77 -56.9051
3643.66 -56.9051
3645.55 -56.9051
3647.44 -56.9051
3649.32 -56.9051
3651.21 -56.9051
3653.1 -56.9051
3654.99 -56.9052
3656.88 -56.9052
3658.77 -56.9052
3660.65 -56.9052
3662.54 -56.9052
3664.43 -56.9052
3666.32 -56.9052
3668.21 -56.9052
3670.1 -56.9052
3671.99 -56.9052
3673.87 -56.9052
3675.76 -56.9052
3677.65 -56.9052
3679.54 -56.9053
3681.43 -56.9053
3683.32 -56.9053
3685.2 -56.9053
3687.09 -56.9053
3688.98 -56.9053
3690.87 -56.9053
3692.76 -56.9053
3694.65 -56.9053
3696.53 -56.9053
3698.42 -56.9053
3700.31 -56.9053
3702.2 -56.9053
3704.09 -56.9053
3705.98 -56.9054
3707.87 -56.9054
3709.75 -56.9054
3711.64 -56.9054
3713.53 -56.9054
3715.42 -56.9054
3717.31 -56.9054
3719.2 -56.9054
3721.08 -56.9054
3722.97 -56.9054
3724.86 -56.9054
3726.75 -56.9054
3728.64 -56.9054
3730.53 -56.9055
3732.41 -56.9055
3734.3 -56.9055
3736.19 -56.9055
3738.08 -56.9055
3739.97 -56.9055
3741.86 -56.9055
3743.75 -56.9055
3745.63 -56.9055
3747.52 -56.9055
3749.41 -56.9055
3751.3 -56.9055
3753.19 -56.9055
3755.08 -56.9056
3756.96 -56.9056
3758.85 -56.9056
3760.74 -56.9056
3762.63 -56.9056
3764.52 -56.9056
