250 -600
251.48 -599.196
252.96 -598.393
254.441 -597.589
255.921 -596.785
257.401 -595.981
258.881 -595.178
260.362 -594.374
261.842 -593.57
263.322 -592.767
264.802 -591.963
266.282 -591.159
267.763 -590.356
269.243 -589.552
270.723 -588.749
272.203 -587.945
273.684 -587.141
275.164 -586.338
276.644 -585.534
278.124 -584.73
279.605 -583.927
281.085 -583.123
282.565 -582.319
284.045 -581.516
285.526 -580.712
287.006 -579.908
288.486 -579.105
289.966 -578.301
291.447 -577.497
292.927 -576.694
294.407 -575.89
295.887 -575.086
297.368 -574.283
298.848 -573.479
300.328 -572.676
301.809 -571.872
303.289 -571.068
304.769 -570.265
306.249 -569.461
307.73 -568.657
309.21 -567.854
310.69 -567.05
312.171 -566.246
313.651 -565.443
315.131 -564.639
316.611 -563.835
318.092 -563.032
319.572 -562.228
321.052 -561.425
322.533 -560.621
324.013 -559.817
325.493 -559.014
326.974 -558.21
328.454 -557.407
329.934 -556.603
331.415 -555.799
332.895 -554.996
334.375 -554.192
335.856 -553.389
337.336 -552.585
338.816 -551.782
340.297 -550.978
341.777 -550.174
343.258 -549.371
344.738 -548.567
346.218 -547.764
347.699 -546.96
349.179 -546.156
350.66 -545.353
352.14 -544.549
353.62 -543.746
355.101 -542.942
356.581 -542.138
358.062 -541.335
359.542 -540.531
361.022 -539.728
362.503 -538.924
363.983 -538.121
365.464 -537.317
366.944 -536.514
368.424 -535.71
369.905 -534.907
371.385 -534.103
372.866 -533.3
374.346 -532.496
375.827 -531.693
377.307 -530.889
378.788 -530.086
380.268 -529.282
381.749 -528.479
383.229 -527.675
384.71 -526.871
386.19 -526.068
387.671 -525.264
389.151 -524.461
390.632 -523.657
392.112 -522.854
393.593 -522.051
395.073 -521.247
396.554 -520.444
398.034 -519.64
399.515 -518.837
400.995 -518.033
402.476 -517.23
403.956 -516.426
405.437 -515.623
406.918 -514.819
408.398 -514.016
409.879 -513.212
411.359 -512.409
412.84 -511.605
414.32 -510.802
415.801 -509.999
417.282 -509.195
418.762 -508.392
420.243 -507.588
421.724 -506.785
423.204 -505.982
424.685 -505.178
426.165 -504.375
427.646 -503.571
429.127 -502.768
430.607 -501.965
432.088 -501.161
433.569 -500.358
435.05 -499.554
436.53 -498.751
438.011 -497.948
439.492 -497.144
440.972 -496.341
442.453 -495.538
443.934 -494.734
445.415 -493.931
446.895 -493.128
448.376 -492.324
449.857 -491.521
451.338 -490.718
452.818 -489.914
454.299 -489.111
455.78 -488.308
457.261 -487.504
458.742 -486.701
460.223 -485.898
461.703 -485.095
463.184 -484.291
464.665 -483.488
466.146 -482.685
467.627 -481.882
469.108 -481.078
470.589 -480.275
472.069 -479.472
473.55 -478.669
475.031 -477.865
476.512 -477.062
477.993 -476.259
479.474 -475.456
480.955 -474.653
482.436 -473.849
483.917 -473.046
485.398 -472.243
486.879 -471.44
488.36 -470.637
489.841 -469.834
491.322 -469.03
492.803 -468.227
494.284 -467.424
495.765 -466.621
497.246 -465.818
498.728 -465.015
500.209 -464.212
501.69 -463.409
503.171 -462.605
504.652 -461.802
506.133 -460.999
507.614 -460.196
509.095 -459.393
510.577 -458.59
512.058 -457.787
513.539 -456.984
515.02 -456.181
516.502 -455.378
517.983 -454.575
519.464 -453.772
520.945 -452.969
522.427 -452.166
523.908 -451.363
525.389 -450.56
526.871 -449.757
528.352 -448.954
529.833 -448.151
531.315 -447.348
532.796 -446.546
534.278 -445.743
535.759 -444.94
537.241 -444.137
538.722 -443.334
540.204 -442.531
541.685 -441.728
543.167 -440.925
544.648 -440.123
546.13 -439.32
547.611 -438.517
549.093 -437.714
550.574 -436.911
552.056 -436.109
553.538 -435.306
555.019 -434.503
556.501 -433.7
557.983 -432.898
559.464 -432.095
560.946 -431.292
562.428 -430.49
563.91 -429.687
565.391 -428.884
566.873 -428.082
568.355 -427.279
569.837 -426.476
571.319 -425.674
572.801 -424.871
574.283 -424.069
575.765 -423.266
577.246 -422.463
578.728 -421.661
580.21 -420.858
581.692 -420.056
583.174 -419.253
584.657 -418.451
586.139 -417.648
587.621 -416.846
589.103 -416.044
590.585 -415.241
592.067 -414.439
593.549 -413.636
595.032 -412.834
596.514 -412.032
597.996 -411.229
599.478 -410.427
600.961 -409.625
602.443 -408.822
603.925 -408.02
605.408 -407.218
606.89 -406.416
608.373 -405.613
609.855 -404.811
611.338 -404.009
612.82 -403.207
614.303 -402.405
615.785 -401.602
617.268 -400.8
618.751 -399.998
620.233 -399.196
621.716 -398.394
623.199 -397.592
624.682 -396.79
626.164 -395.988
627.647 -395.186
629.13 -394.384
630.613 -393.582
632.096 -392.78
633.579 -391.978
635.062 -391.176
636.545 -390.375
638.028 -389.573
639.511 -388.771
640.994 -387.969
642.477 -387.167
643.961 -386.366
645.444 -385.564
646.927 -384.762
648.41 -383.961
649.894 -383.159
651.377 -382.357
652.86 -381.556
654.344 -380.754
655.827 -379.953
657.311 -379.151
658.794 -378.35
660.278 -377.548
661.762 -376.747
663.245 -375.945
664.729 -375.144
666.213 -374.343
667.697 -373.541
669.181 -372.74
670.664 -371.939
672.148 -371.137
673.632 -370.336
675.116 -369.535
676.601 -368.734
678.085 -367.933
679.569 -367.132
681.053 -366.331
682.537 -365.53
684.022 -364.729
685.506 -363.928
686.99 -363.127
688.475 -362.326
689.959 -361.525
691.444 -360.724
692.929 -359.923
694.413 -359.123
695.898 -358.322
697.383 -357.521
698.867 -356.72
700.352 -355.92
701.837 -355.119
703.322 -354.319
704.807 -353.518
706.292 -352.718
707.778 -351.917
709.263 -351.117
710.748 -350.316
712.233 -349.516
713.719 -348.716
715.204 -347.915
716.69 -347.115
718.175 -346.315
719.661 -345.515
721.147 -344.715
722.633 -343.915
724.118 -343.115
725.604 -342.315
727.09 -341.515
728.576 -340.715
730.062 -339.915
731.549 -339.115
733.035 -338.316
734.521 -337.516
736.007 -336.716
737.494 -335.917
738.98 -335.117
740.467 -334.317
741.954 -333.518
743.44 -332.719
744.927 -331.919
746.414 -331.12
747.901 -330.321
749.388 -329.521
750.875 -328.722
752.362 -327.923
753.85 -327.124
755.337 -326.325
756.824 -325.526
758.312 -324.727
759.8 -323.928
761.287 -323.13
762.775 -322.331
764.263 -321.532
765.751 -320.734
767.239 -319.935
768.727 -319.137
770.215 -318.338
771.704 -317.54
773.192 -316.742
774.681 -315.943
776.169 -315.145
777.658 -314.347
779.147 -313.549
780.636 -312.751
782.125 -311.953
783.614 -311.155
785.103 -310.357
786.592 -309.56
788.082 -308.762
789.571 -307.965
791.061 -307.167
792.55 -306.37
794.04 -305.572
795.53 -304.775
797.02 -303.978
798.51 -303.181
800.001 -302.384
801.491 -301.587
802.982 -300.79
804.472 -299.993
805.963 -299.196
807.454 -298.4
808.945 -297.603
810.436 -296.806
811.927 -296.01
813.419 -295.214
814.91 -294.417
816.402 -293.621
817.894 -292.825
819.386 -292.029
820.878 -291.233
822.37 -290.438
823.862 -289.642
825.355 -288.846
826.847 -288.051
828.34 -287.255
829.833 -286.46
831.326 -285.665
832.819 -284.87
834.312 -284.075
835.806 -283.28
837.299 -282.485
838.793 -281.69
840.287 -280.895
841.781 -280.101
843.275 -279.307
844.77 -278.512
846.264 -277.718
847.759 -276.924
849.254 -276.13
850.749 -275.336
852.244 -274.542
853.739 -273.749
855.235 -272.955
856.731 -272.162
858.226 -271.369
859.723 -270.575
861.219 -269.782
862.715 -268.989
864.212 -268.197
865.709 -267.404
867.206 -266.611
868.703 -265.819
870.2 -265.027
871.698 -264.235
873.196 -263.443
874.694 -262.651
876.192 -261.859
877.69 -261.067
879.189 -260.276
880.688 -259.485
882.187 -258.694
883.686 -257.903
885.185 -257.112
886.685 -256.321
888.185 -255.53
889.685 -254.74
891.185 -253.95
892.686 -253.16
894.187 -252.37
895.688 -251.58
897.189 -250.79
898.69 -250.001
900.192 -249.211
901.694 -248.422
903.196 -247.633
904.699 -246.845
906.201 -246.056
907.704 -245.268
909.207 -244.479
910.711 -243.691
912.215 -242.903
913.719 -242.116
915.223 -241.328
916.728 -240.541
918.232 -239.754
919.737 -238.967
921.243 -238.18
922.749 -237.393
924.255 -236.607
925.761 -235.821
927.267 -235.035
928.774 -234.249
930.281 -233.464
931.789 -232.678
933.296 -231.893
934.805 -231.108
936.313 -230.324
937.822 -229.539
939.331 -228.755
940.84 -227.971
942.35 -227.187
943.86 -226.404
945.37 -225.62
946.881 -224.837
948.392 -224.054
949.903 -223.272
951.415 -222.489
952.927 -221.707
954.439 -220.926
955.952 -220.144
957.465 -219.363
958.979 -218.582
960.493 -217.801
962.007 -217.02
963.522 -216.24
965.037 -215.46
966.552 -214.681
968.068 -213.901
969.584 -213.122
971.101 -212.343
972.618 -211.565
974.135 -210.786
975.653 -210.009
977.172 -209.231
978.69 -208.454
980.21 -207.677
981.729 -206.9
983.249 -206.124
984.77 -205.348
986.291 -204.572
987.812 -203.796
989.334 -203.021
990.856 -202.247
992.379 -201.472
993.902 -200.698
995.426 -199.925
996.95 -199.151
998.475 -198.378
1000 -197.606
1001.53 -196.833
1003.05 -196.062
1004.58 -195.29
1006.11 -194.519
1007.63 -193.748
1009.16 -192.978
1010.69 -192.208
1012.22 -191.439
1013.75 -190.669
1015.28 -189.901
1016.81 -189.133
1018.34 -188.365
1019.88 -187.597
1021.41 -186.83
1022.94 -186.064
1024.48 -185.298
1026.01 -184.532
1027.55 -183.767
1029.08 -183.002
1030.62 -182.238
1032.15 -181.474
1033.69 -180.71
1035.23 -179.948
1036.77 -179.185
1038.31 -178.423
1039.85 -177.662
1041.39 -176.901
1042.93 -176.141
1044.47 -175.381
1046.02 -174.622
1047.56 -173.863
1049.11 -173.105
1050.65 -172.347
1052.2 -171.59
1053.74 -170.833
1055.29 -170.077
1056.84 -169.322
1058.39 -168.567
1059.94 -167.813
1061.49 -167.059
1063.04 -166.306
1064.59 -165.554
1066.14 -164.802
1067.69 -164.051
1069.25 -163.3
1070.8 -162.55
1072.36 -161.801
1073.92 -161.053
1075.47 -160.305
1077.03 -159.557
1078.59 -158.811
1080.15 -158.065
1081.71 -157.32
1083.27 -156.575
1084.84 -155.832
1086.4 -155.089
1087.96 -154.346
1089.53 -153.605
1091.1 -152.864
1092.66 -152.124
1094.23 -151.385
1095.8 -150.647
1097.37 -149.909
1098.94 -149.172
1100.51 -148.436
1102.09 -147.701
1103.66 -146.967
1105.24 -146.234
1106.81 -145.501
1108.39 -144.769
1109.97 -144.039
1111.55 -143.309
1113.13 -142.58
1114.71 -141.852
1116.29 -141.125
1117.87 -140.398
1119.46 -139.673
1121.04 -138.949
1122.63 -138.226
1124.22 -137.503
1125.81 -136.782
1127.4 -136.062
1128.99 -135.343
1130.58 -134.625
1132.18 -133.908
1133.77 -133.192
1135.37 -132.477
1136.97 -131.763
1138.57 -131.05
1140.17 -130.339
1141.77 -129.628
1143.37 -128.919
1144.98 -128.211
1146.58 -127.504
1148.19 -126.799
1149.8 -126.094
1151.41 -125.391
1153.02 -124.689
1154.63 -123.989
1156.24 -123.289
1157.86 -122.591
1159.47 -121.895
1161.09 -121.199
1162.71 -120.505
1164.33 -119.813
1165.95 -119.122
1167.58 -118.432
1169.2 -117.744
1170.83 -117.057
1172.46 -116.371
1174.09 -115.688
1175.72 -115.005
1177.35 -114.324
1178.98 -113.645
1180.62 -112.968
1182.26 -112.292
1183.9 -111.617
1185.54 -110.944
1187.18 -110.273
1188.82 -109.604
1190.47 -108.936
1192.12 -108.27
1193.77 -107.606
1195.42 -106.944
1197.07 -106.283
1198.73 -105.624
1200.38 -104.967
1202.04 -104.312
1203.7 -103.659
1205.36 -103.008
1207.02 -102.359
1208.69 -101.712
1210.36 -101.066
1212.02 -100.423
1213.7 -99.7821
1215.37 -99.143
1217.04 -98.5061
1218.72 -97.8713
1220.4 -97.2387
1222.08 -96.6084
1223.76 -95.9802
1225.44 -95.3543
1227.13 -94.7308
1228.82 -94.1095
1230.51 -93.4906
1232.2 -92.8741
1233.89 -92.26
1235.59 -91.6484
1237.29 -91.0393
1238.99 -90.4326
1240.69 -89.8286
1242.4 -89.2271
1244.1 -88.6282
1245.81 -88.032
1247.52 -87.4385
1249.23 -86.8477
1250.95 -86.2597
1252.67 -85.6744
1254.39 -85.092
1256.11 -84.5125
1257.83 -83.9358
1259.56 -83.3622
1261.29 -82.7915
1263.02 -82.2238
1264.75 -81.6592
1266.49 -81.0976
1268.22 -80.5393
1269.96 -79.9841
1271.7 -79.4321
1273.45 -78.8834
1275.19 -78.338
1276.94 -77.7959
1278.69 -77.2572
1280.45 -76.722
1282.2 -76.1902
1283.96 -75.662
1285.72 -75.1373
1287.49 -74.6162
1289.25 -74.0987
1291.02 -73.585
1292.79 -73.0749
1294.56 -72.5687
1296.33 -72.0663
1298.11 -71.5678
1299.89 -71.0732
1301.67 -70.5825
1303.46 -70.0959
1305.24 -69.6133
1307.03 -69.1349
1308.82 -68.6606
1310.62 -68.1905
1312.41 -67.7247
1314.21 -67.2632
1316.01 -66.806
1317.82 -66.3532
1319.62 -65.9049
1321.43 -65.4611
1323.24 -65.0218
1325.05 -64.5872
1326.87 -64.1572
1328.69 -63.7319
1330.51 -63.3113
1332.33 -62.8956
1334.15 -62.4847
1335.98 -62.0787
1337.81 -61.6776
1339.64 -61.2816
1341.47 -60.8906
1343.31 -60.5047
1345.15 -60.124
1346.99 -59.7485
1348.83 -59.3783
1350.68 -59.0134
1352.52 -58.6538
1354.37 -58.2996
1356.22 -57.9509
1358.08 -57.6077
1359.93 -57.2701
1361.79 -56.9381
1363.65 -56.6117
1365.51 -56.291
1367.38 -55.9761
1369.24 -55.667
1371.11 -55.3638
1372.98 -55.0664
1374.85 -54.775
1376.73 -54.4896
1378.6 -54.2102
1380.48 -53.937
1382.36 -53.6698
1384.24 -53.4088
1386.12 -53.154
1388.01 -52.9055
1389.9 -52.6633
1391.78 -52.4274
1393.67 -52.1979
1395.56 -51.9748
1397.46 -51.7582
1399.35 -51.5481
1401.25 -51.3445
1403.14 -51.1475
1405.04 -50.9571
1406.94 -50.7734
1408.84 -50.5963
1410.74 -50.426
1412.65 -50.2624
1414.55 -50.1055
1416.46 -49.9555
1418.36 -49.8123
1420.27 -49.6759
1422.18 -49.5465
1424.09 -49.4239
1426 -49.3083
1427.91 -49.1997
1429.83 -49.098
1431.74 -49.0033
1433.65 -48.9156
1435.57 -48.835
1437.48 -48.7614
1439.4 -48.6949
1441.31 -48.6355
1443.23 -48.5832
1445.15 -48.5379
1447.06 -48.4998
1448.98 -48.4688
1450.9 -48.445
1452.81 -48.4282
1454.73 -48.4186
1456.65 -48.4162
1458.57 -48.4208
1460.49 -48.4326
1462.4 -48.4515
1464.32 -48.4775
1466.24 -48.5107
1468.15 -48.551
1470.07 -48.5984
1471.99 -48.653
1473.9 -48.7146
1475.82 -48.7833
1477.73 -48.8591
1479.65 -48.942
1481.56 -49.0319
1483.48 -49.1288
1485.39 -49.2328
1487.3 -49.3437
1489.21 -49.4617
1491.12 -49.5865
1493.03 -49.7183
1494.94 -49.857
1496.84 -50.0026
1498.75 -50.155
1500.65 -50.3142
1502.56 -50.4803
1504.46 -50.6531
1506.36 -50.8326
1508.26 -51.0188
1510.16 -51.2117
1512.06 -51.4113
1513.95 -51.6174
1515.85 -51.8301
1517.74 -52.0493
1519.63 -52.275
1521.52 -52.5072
1523.41 -52.7457
1525.3 -52.9907
1527.18 -53.2419
1529.06 -53.4995
1530.95 -53.7633
1532.82 -54.0332
1534.7 -54.3094
1536.58 -54.5916
1538.45 -54.8799
1540.32 -55.1743
1542.19 -55.4746
1544.06 -55.7808
1545.93 -56.0929
1547.79 -56.4109
1549.66 -56.7346
1551.52 -57.0641
1553.37 -57.3992
1555.23 -57.74
1557.08 -58.0864
1558.93 -58.4383
1560.78 -58.7957
1562.63 -59.1586
1564.48 -59.5268
1566.32 -59.9003
1568.16 -59.5325
1570.01 -59.17
1571.85 -58.8128
1573.7 -58.461
1575.55 -58.1147
1577.41 -57.7739
1579.26 -57.4386
1581.12 -57.1089
1582.98 -56.7849
1584.84 -56.4665
1586.71 -56.1539
1588.57 -55.8471
1590.44 -55.5462
1592.31 -55.2511
1594.18 -54.9619
1596.06 -54.6787
1597.93 -54.4015
1599.81 -54.1304
1601.69 -53.8654
1603.57 -53.6066
1605.45 -53.3539
1607.33 -53.1075
1609.22 -52.8674
1611.11 -52.6335
1613 -52.4061
1614.89 -52.185
1616.78 -51.9704
1618.67 -51.7623
1620.57 -51.5606
1622.46 -51.3656
1624.36 -51.1771
1626.26 -50.9952
1628.16 -50.82
1630.06 -50.6514
1631.97 -50.4896
1633.87 -50.3346
1635.77 -50.1863
1637.68 -50.0448
1639.59 -49.9101
1641.5 -49.7823
1643.4 -49.6613
1645.31 -49.5473
1647.23 -49.4402
1649.14 -49.3401
1651.05 -49.2469
1652.96 -49.1607
1654.88 -49.0815
1656.79 -49.0093
1658.7 -48.9441
1660.62 -48.886
1662.53 -48.835
1664.45 -48.791
1666.37 -48.7541
1668.28 -48.7243
1670.2 -48.7016
1672.12 -48.6859
1674.03 -48.6774
1675.95 -48.676
1677.87 -48.6816
1679.78 -48.6942
1681.7 -48.714
1683.62 -48.7409
1685.53 -48.7748
1687.45 -48.8159
1689.36 -48.864
1691.28 -48.9192
1693.19 -48.9814
1695.11 -49.0508
1697.02 -49.1271
1698.94 -49.2105
1700.85 -49.3009
1702.76 -49.3983
1704.67 -49.5026
1706.58 -49.6139
1708.49 -49.7321
1710.4 -49.8573
1712.31 -49.9893
1714.22 -50.1283
1716.12 -50.274
1718.03 -50.4266
1719.93 -50.5859
1721.83 -50.752
1723.73 -50.9249
1725.64 -51.1044
1727.53 -51.2906
1729.43 -51.4834
1731.33 -51.6828
1733.22 -51.8888
1735.12 -52.1013
1737.01 -52.3203
1738.9 -52.5458
1740.79 -52.7777
1742.67 -53.0159
1744.56 -53.2605
1746.44 -53.5114
1748.33 -53.7685
1750.21 -54.0318
1752.09 -54.3013
1753.96 -54.577
1755.84 -54.8587
1757.71 -55.1464
1759.58 -55.4402
1761.45 -55.7399
1763.32 -56.0454
1765.18 -56.3569
1767.05 -56.6741
1768.91 -56.9971
1770.77 -57.3258
1772.62 -57.6601
1774.48 -58.0001
1776.33 -58.3456
1778.18 -58.6967
1780.03 -59.0532
1781.88 -59.4151
1783.72 -59.7824
1785.57 -60.1549
1787.41 -60.5328
1789.24 -60.9159
1791.08 -61.3041
1792.91 -61.6975
1794.74 -62.0959
1796.57 -62.4993
1798.4 -62.9077
1800.22 -63.3209
1802.04 -63.7391
1803.86 -64.162
1805.68 -64.5898
1807.49 -65.0222
1809.31 -65.4593
1811.12 -65.901
1812.92 -66.3472
1814.73 -66.798
1816.53 -67.2532
1818.33 -67.7128
1820.13 -68.1768
1821.93 -68.6451
1823.72 -69.1176
1825.51 -69.5944
1827.3 -70.0753
1829.08 -70.5604
1830.87 -71.0495
1832.65 -71.5427
1834.43 -72.0398
1836.2 -72.5408
1837.98 -73.0458
1839.75 -73.5545
1841.52 -74.0671
1843.29 -74.5834
1845.05 -75.1034
1846.81 -75.627
1848.57 -76.1543
1850.33 -76.6851
1852.08 -77.2195
1853.84 -77.7573
1855.59 -78.2985
1857.34 -78.8432
1859.08 -79.3912
1860.83 -79.9425
1862.57 -80.4971
1864.31 -81.0549
1866.04 -81.6159
1867.78 -82.18
1869.51 -82.7473
1871.24 -83.3176
1872.97 -83.8909
1874.69 -84.4672
1876.41 -85.0465
1878.14 -85.6286
1879.85 -86.2137
1881.57 -86.8016
1883.29 -87.3923
1885 -87.9857
1886.71 -88.5819
1888.42 -89.1808
1890.12 -89.7823
1891.82 -90.3864
1893.53 -90.9932
1895.23 -91.6025
1896.92 -92.2143
1898.62 -92.8286
1900.31 -93.4454
1902 -94.0645
1903.69 -94.6861
1905.38 -95.3101
1907.06 -95.9363
1908.75 -96.5649
1910.43 -97.1957
1912.11 -97.8288
1913.79 -98.4641
1915.46 -99.1015
1917.13 -99.7411
1918.81 -100.383
1920.48 -101.027
1922.14 -101.673
1923.81 -102.321
1925.47 -102.97
1927.14 -103.622
1928.8 -104.276
1930.45 -104.932
1932.11 -105.59
1933.77 -106.249
1935.42 -106.911
1937.07 -107.574
1938.72 -108.239
1940.37 -108.906
1942.02 -109.575
1943.66 -110.245
1945.3 -110.917
1946.95 -111.591
1948.59 -112.266
1950.22 -112.944
1951.86 -113.622
1953.49 -114.303
1955.13 -114.985
1956.76 -115.668
1958.39 -116.353
1960.02 -117.04
1961.65 -117.728
1963.27 -118.417
1964.9 -119.108
1966.52 -119.8
1968.14 -120.494
1969.76 -121.19
1971.38 -121.886
1972.99 -122.584
1974.61 -123.283
1976.22 -123.984
1977.83 -124.686
1979.45 -125.389
1981.06 -126.094
1982.66 -126.8
1984.27 -127.507
1985.88 -128.215
1987.48 -128.925
1989.08 -129.635
1990.68 -130.347
1992.29 -131.06
1993.88 -131.774
1995.48 -132.49
1997.08 -133.206
1998.67 -133.924
2000.27 -134.642
2001.86 -135.362
2003.45 -136.083
2005.04 -136.805
2006.63 -137.527
2008.22 -138.251
2009.81 -138.976
2011.39 -139.702
2012.98 -140.429
2014.56 -141.157
2016.14 -141.885
2017.72 -142.615
2019.31 -143.346
2020.88 -144.077
2022.46 -144.81
2024.04 -145.543
2025.62 -146.278
2027.19 -147.013
2028.76 -147.749
2030.34 -148.486
2031.91 -149.223
2033.48 -149.962
2035.05 -150.701
2036.62 -151.441
2038.19 -152.182
2039.75 -152.924
2041.32 -153.667
2042.88 -154.41
2044.45 -155.154
2046.01 -155.899
2047.57 -156.644
2049.13 -157.391
2050.7 -158.138
2052.25 -158.885
2053.81 -159.634
2055.37 -160.383
2056.93 -161.132
2058.48 -161.883
2060.04 -162.634
2061.59 -163.386
2063.15 -164.138
2064.7 -164.891
2066.25 -165.645
2067.8 -166.399
2069.35 -167.154
2070.9 -167.91
2072.45 -168.666
2074 -169.423
2075.55 -170.18
2077.09 -170.938
2078.64 -171.697
2080.19 -172.456
2081.73 -173.215
2083.27 -173.975
2084.82 -174.736
2086.36 -175.497
2087.9 -176.259
2089.44 -177.021
2090.98 -177.784
2092.52 -178.548
2094.06 -179.312
2095.6 -180.076
2097.14 -180.841
2098.67 -181.606
2100.21 -182.372
2101.75 -183.138
2103.28 -183.905
2104.82 -184.672
2106.35 -185.44
2107.88 -186.208
2109.42 -186.976
2110.95 -187.745
2112.48 -188.515
2114.01 -189.285
2115.54 -190.055
2117.07 -190.826
2118.6 -191.597
2120.13 -192.369
2121.66 -193.14
2123.18 -193.913
2124.71 -194.686
2126.24 -195.459
2127.76 -196.232
2129.29 -197.006
2130.81 -197.78
2132.34 -198.555
2133.86 -199.33
2135.38 -200.105
2136.91 -200.881
2138.43 -201.657
2139.95 -202.434
2141.47 -203.21
2142.99 -203.988
2144.52 -204.765
2146.04 -205.543
2147.55 -206.321
2149.07 -207.099
2150.59 -207.878
2152.11 -208.657
2153.63 -209.437
2155.15 -210.216
2156.66 -210.996
2158.18 -211.777
2159.7 -212.557
2161.21 -213.338
2162.73 -214.119
2164.24 -214.901
2165.76 -215.683
2167.27 -216.465
2168.78 -217.247
2170.3 -218.03
2171.81 -218.812
2173.32 -219.596
2174.84 -220.379
2176.35 -221.163
2177.86 -221.947
2179.37 -222.731
2180.88 -223.515
2182.39 -224.3
2183.9 -225.085
2185.41 -225.87
2186.92 -226.655
2188.43 -227.441
2189.94 -228.227
2191.45 -229.013
2192.96 -229.799
2194.46 -230.586
2195.97 -231.373
2197.48 -232.16
2198.98 -232.947
2200.49 -233.734
2202 -234.522
2203.5 -235.31
2205.01 -236.098
2206.51 -236.886
2208.02 -237.675
2209.52 -238.463
2211.03 -239.252
2212.53 -240.041
2214.04 -240.831
2215.54 -241.62
2217.04 -242.41
2218.55 -243.2
2220.05 -243.99
2221.55 -244.78
2223.05 -245.57
2224.55 -246.361
2226.06 -247.152
2227.56 -247.942
2229.06 -248.734
2230.56 -249.525
2232.06 -250.316
2233.56 -251.108
2235.06 -251.9
2236.56 -252.692
2238.06 -253.484
2239.56 -254.276
2241.06 -255.068
2242.56 -255.861
2244.06 -256.654
2245.56 -257.446
2247.05 -258.239
2248.55 -259.033
2250.05 -259.826
2251.55 -260.619
2253.05 -261.413
2254.54 -262.207
2256.04 -263
2257.54 -263.794
2259.03 -264.589
2260.53 -265.383
2262.03 -266.177
2263.52 -266.972
2265.02 -267.766
2266.51 -268.561
2268.01 -269.356
2269.51 -270.151
2271 -270.946
2272.5 -271.742
2273.99 -272.537
2275.49 -273.333
2276.98 -274.128
2278.47 -274.924
2279.97 -275.72
2281.46 -276.516
2282.96 -277.312
2284.45 -278.108
2285.94 -278.905
2287.44 -279.701
2288.93 -280.498
2290.42 -281.294
2291.92 -282.091
2293.41 -282.888
2294.9 -283.685
2296.39 -284.482
2297.89 -285.279
2299.38 -286.076
2300.87 -286.874
2302.36 -287.671
2303.85 -288.469
2305.34 -289.267
2306.84 -290.064
2308.33 -290.862
2309.82 -291.66
2311.31 -292.458
2312.8 -293.256
2314.29 -294.055
2315.78 -294.853
2317.27 -295.651
2318.76 -296.45
2320.25 -297.248
2321.74 -298.047
2323.23 -298.846
2324.72 -299.644
2326.21 -300.443
2327.7 -301.242
2329.19 -302.041
2330.68 -302.84
2332.17 -303.64
2333.66 -304.439
2335.15 -305.238
2336.64 -306.038
2338.12 -306.837
2339.61 -307.637
2341.1 -308.436
2342.59 -309.236
2344.08 -310.036
2345.57 -310.836
2347.05 -311.636
2348.54 -312.436
2350.03 -313.236
2351.52 -314.036
2353.01 -314.836
2354.49 -315.636
2355.98 -316.437
2357.47 -317.237
2358.95 -318.037
2360.44 -318.838
2361.93 -319.639
2363.42 -320.439
2364.9 -321.24
2366.39 -322.041
2367.88 -322.841
2369.36 -323.642
2370.85 -324.443
2372.34 -325.244
2373.82 -326.045
2375.31 -326.846
2376.8 -327.647
2378.28 -328.449
2379.77 -329.25
2381.25 -330.051
2382.74 -330.853
2384.23 -331.654
2385.71 -332.455
2387.2 -333.257
2388.68 -334.059
2390.17 -334.86
2391.65 -335.662
2393.14 -336.463
2394.62 -337.265
2396.11 -338.067
2397.59 -338.869
2399.08 -339.671
2400.56 -340.473
2402.05 -341.275
2403.53 -342.077
2405.02 -342.879
2406.5 -343.681
2407.99 -344.483
2409.47 -345.285
2410.96 -346.087
2412.44 -346.89
2413.93 -347.692
2415.41 -348.494
2416.9 -349.297
2418.38 -350.099
2419.86 -350.902
2421.35 -351.704
2422.83 -352.507
2424.32 -353.31
2425.8 -354.112
2427.28 -354.915
2428.77 -355.718
2430.25 -356.52
2431.73 -357.323
2433.22 -358.126
2434.7 -358.929
2436.19 -359.732
2437.67 -360.535
2439.15 -361.337
2440.64 -362.14
2442.12 -362.943
2443.6 -363.747
2445.09 -364.55
2446.57 -365.353
2448.05 -366.156
2449.54 -366.959
2451.02 -367.762
2452.5 -368.566
2453.98 -369.369
2455.47 -370.172
2456.95 -370.976
2458.43 -371.779
2459.92 -372.582
2461.4 -373.386
2462.88 -374.189
2464.36 -374.993
2465.85 -375.796
2467.33 -376.6
2468.81 -377.403
2470.29 -378.207
2471.78 -379.01
2473.26 -379.814
2474.74 -380.618
2476.22 -381.421
2477.71 -382.225
2479.19 -383.029
2480.67 -383.833
2482.15 -384.636
2483.63 -385.44
2485.12 -386.244
2486.6 -387.048
2488.08 -387.852
2489.56 -388.656
2491.04 -389.46
2492.53 -390.264
2494.01 -391.068
2495.49 -391.872
2496.97 -392.676
2498.45 -393.48
2499.94 -394.284
2501.42 -395.088
2502.9 -395.892
2504.38 -396.696
2505.86 -397.5
2507.34 -398.304
2508.83 -399.108
2510.31 -399.913
2511.79 -400.717
2513.27 -401.521
2514.75 -402.325
2516.23 -403.13
2517.71 -403.934
2519.2 -404.738
2520.68 -405.543
2522.16 -406.347
2523.64 -407.151
2525.12 -407.956
2526.6 -408.76
2528.08 -409.565
2529.56 -410.369
2531.05 -411.173
2532.53 -411.978
2534.01 -412.782
2535.49 -413.587
2536.97 -414.391
2538.45 -415.196
2539.93 -416
2541.41 -416.805
2542.89 -417.61
2544.38 -418.414
2545.86 -419.219
2547.34 -420.023
2548.82 -420.828
2550.3 -421.633
2551.78 -422.437
2553.26 -423.242
2554.74 -424.047
2556.22 -424.851
2557.7 -425.656
2559.18 -426.461
2560.66 -427.266
2562.15 -428.07
2563.63 -428.875
2565.11 -429.68
2566.59 -430.485
2568.07 -431.29
2569.55 -432.094
2571.03 -432.899
2572.51 -433.704
2573.99 -434.509
2575.47 -435.314
2576.95 -436.119
2578.43 -436.924
2579.91 -437.729
2581.39 -438.533
2582.87 -439.338
2584.35 -440.143
2585.83 -440.948
2587.31 -441.753
2588.79 -442.558
2590.27 -443.363
2591.75 -444.168
2593.24 -444.973
2594.72 -445.778
2596.2 -446.583
2597.68 -447.388
2599.16 -448.193
2600.64 -448.998
2602.12 -449.803
2603.6 -450.609
2605.08 -451.414
2606.56 -452.219
2608.04 -453.024
2609.52 -453.829
2611 -454.634
2612.48 -455.439
2613.96 -456.244
2615.44 -457.049
2616.92 -457.855
2618.4 -458.66
2619.88 -459.465
2621.36 -460.27
2622.84 -461.075
2624.32 -461.881
2625.8 -462.686
2627.28 -463.491
2628.76 -464.296
2630.24 -465.101
2631.72 -465.907
2633.2 -466.712
2634.68 -467.517
2636.16 -468.322
2637.64 -469.128
2639.12 -469.933
2640.6 -470.738
2642.08 -471.544
2643.56 -472.349
2645.04 -473.154
2646.52 -473.96
2648 -474.765
2649.48 -475.57
2650.96 -476.376
2652.44 -477.181
2653.92 -477.986
2655.4 -478.792
2656.88 -479.597
2658.35 -480.402
2659.83 -481.208
2661.31 -482.013
2662.79 -482.818
2664.27 -483.624
2665.75 -484.429
2667.23 -485.235
2668.71 -486.04
2670.19 -486.845
2671.67 -487.651
2673.15 -488.456
2674.63 -489.262
2676.11 -490.067
2677.59 -490.873
2679.07 -491.678
2680.55 -492.483
2682.03 -493.289
2683.51 -494.094
2684.99 -494.9
2686.47 -495.705
2687.95 -496.511
2689.43 -497.316
2690.91 -498.122
2692.39 -498.927
2693.87 -499.733
2695.35 -500.538
2696.83 -501.344
2698.3 -502.149
2699.78 -502.955
2701.26 -503.76
2702.74 -504.566
2704.22 -505.371
2705.7 -506.177
2707.18 -506.982
2708.66 -507.788
2710.14 -508.594
2711.62 -509.399
2713.1 -510.205
2714.58 -511.01
2716.06 -511.816
2717.54 -512.621
2719.02 -513.427
2720.5 -514.232
2721.98 -515.038
2723.46 -515.844
2724.94 -516.649
2726.42 -517.455
2727.89 -518.26
2729.37 -519.066
2730.85 -519.872
2732.33 -520.677
2733.81 -521.483
2735.29 -522.289
2736.77 -523.094
2738.25 -523.9
2739.73 -524.705
2741.21 -525.511
2742.69 -526.317
2744.17 -527.122
2745.65 -527.928
2747.13 -528.733
2748.6 -529.539
2750.08 -530.345
2751.56 -531.15
2753.04 -531.956
2754.52 -532.762
2756 -533.567
2757.48 -534.373
2758.96 -535.179
2760.44 -535.984
2761.92 -536.79
2763.4 -537.596
2764.88 -538.401
2766.36 -539.207
2767.84 -540.013
2769.31 -540.818
2770.79 -541.624
2772.27 -542.43
2773.75 -543.235
2775.23 -544.041
2776.71 -544.847
2778.19 -545.653
2779.67 -546.458
2781.15 -547.264
2782.63 -548.07
2784.11 -548.875
2785.59 -549.681
2787.07 -550.487
2788.54 -551.293
2790.02 -552.098
2791.5 -552.904
2792.98 -553.71
2794.46 -554.516
2795.94 -555.321
2797.42 -556.127
2798.9 -556.933
2800.38 -557.738
2801.86 -558.544
2803.34 -559.35
2804.82 -560.156
2806.3 -560.961
2807.77 -561.767
2809.25 -562.573
2810.73 -563.378
2812.21 -564.184
2813.69 -564.99
2815.17 -565.796
2816.65 -566.601
2818.13 -567.407
2819.61 -568.213
2821.09 -569.019
2822.57 -569.825
2824.05 -570.63
2825.53 -571.436
2827.01 -572.242
2828.48 -573.048
2829.96 -573.854
2831.44 -574.659
2832.92 -575.465
2834.4 -576.271
2835.88 -577.077
2837.36 -577.882
2838.84 -578.688
2840.32 -579.494
2841.8 -580.3
2843.27 -581.106
2844.75 -581.911
2846.23 -582.717
2847.71 -583.523
2849.19 -584.329
2850.67 -585.135
2852.15 -585.94
2853.63 -586.746
2855.11 -587.552
2856.59 -588.358
2858.06 -589.163
2859.54 -589.969
2861.02 -590.775
2862.5 -591.581
2863.98 -592.387
2865.46 -593.192
2866.94 -593.998
2868.42 -594.804
2869.9 -595.61
2871.38 -596.416
2872.85 -597.221
2874.33 -598.027
2875.81 -598.833
2877.29 -599.639
2878.77 -600.445
2880.25 -601.25
2881.73 -602.056
2883.21 -602.862
2884.69 -603.668
2886.17 -604.474
2887.64 -605.28
2889.12 -606.086
2890.6 -606.891
2892.08 -607.697
2893.56 -608.503
2895.04 -609.309
2896.52 -610.115
2898 -610.921
2899.48 -611.726
2900.96 -612.532
2902.43 -613.338
2903.91 -614.144
2905.39 -614.95
2906.87 -615.756
2908.35 -616.562
2909.83 -617.367
2911.31 -618.173
2912.79 -618.979
2914.27 -619.785
2915.75 -620.591
2917.22 -621.397
2918.7 -622.202
2920.18 -623.008
2921.66 -623.814
2923.14 -624.62
2924.62 -625.426
2926.1 -626.232
2927.58 -627.038
2929.06 -627.843
2930.54 -628.649
2932.01 -629.455
2933.49 -630.261
2934.97 -631.067
2936.45 -631.873
2937.93 -632.678
2939.41 -633.484
2940.89 -634.29
2942.37 -635.096
2943.85 -635.902
2945.33 -636.708
2946.8 -637.514
2948.28 -638.319
2949.76 -639.125
2951.24 -639.931
2952.72 -640.737
2954.2 -641.543
2955.68 -642.349
2957.16 -643.154
2958.64 -643.96
2960.12 -644.766
2961.59 -645.572
2963.07 -646.378
2964.55 -647.184
2966.03 -647.99
2967.51 -648.795
2968.99 -649.601
2970.47 -650.407
2971.95 -651.213
2973.43 -652.019
2974.91 -652.825
2976.38 -653.63
2977.86 -654.436
2979.34 -655.242
2980.82 -656.048
2982.3 -656.854
2983.78 -657.66
2985.26 -658.466
2986.74 -659.271
2988.22 -660.077
2989.7 -660.883
2991.17 -661.689
2992.65 -662.495
2994.13 -663.301
2995.61 -664.107
2997.09 -664.913
2998.57 -665.719
3000.05 -666.525
3001.53 -667.331
3003.01 -668.136
3004.49 -668.942
3005.96 -669.748
3007.44 -670.554
3008.92 -671.36
3010.4 -672.166
3011.88 -672.972
3013.36 -673.778
3014.84 -674.584
3016.32 -675.39
3017.8 -676.195
3019.28 -677.001
3020.75 -677.807
3022.23 -678.613
3023.71 -679.419
3025.19 -680.225
3026.67 -681.031
3028.15 -681.837
3029.63 -682.643
3031.11 -683.449
3032.59 -684.255
3034.07 -685.06
3035.54 -685.866
3037.02 -686.672
3038.5 -687.478
3039.98 -688.284
3041.46 -689.09
3042.94 -689.896
3044.42 -690.702
3045.9 -691.508
3047.38 -692.314
3048.86 -693.12
3050.33 -693.925
3051.81 -694.731
3053.29 -695.537
3054.77 -696.343
3056.25 -697.149
3057.73 -697.955
3059.21 -698.761
3060.69 -699.567
3062.17 -700.373
3063.65 -701.179
3065.12 -701.985
3066.6 -702.79
3068.08 -703.596
3069.56 -704.402
3071.04 -705.208
3072.52 -706.014
3074 -706.82
3075.48 -707.626
3076.96 -708.432
3078.44 -709.238
3079.91 -710.044
3081.39 -710.85
3082.87 -711.655
3084.35 -712.461
3085.83 -713.267
3087.31 -714.073
3088.79 -714.879
3090.27 -715.685
3091.75 -716.491
3093.23 -717.297
3094.7 -718.103
3096.18 -718.909
3097.66 -719.715
3099.14 -720.52
3100.62 -721.326
3102.1 -722.132
3103.58 -722.938
3105.06 -723.744
3106.54 -724.55
3108.02 -725.356
3109.49 -726.162
3110.97 -726.968
3112.45 -727.774
3113.93 -728.58
3115.41 -729.385
3116.89 -730.191
3118.37 -730.997
3119.85 -731.803
3121.33 -732.609
3122.81 -733.415
3124.28 -734.221
3125.76 -735.027
3127.24 -735.833
3128.72 -736.639
3130.2 -737.445
3131.68 -738.25
3133.16 -739.056
3134.64 -739.862
3136.12 -740.668
3137.6 -741.474
3139.07 -742.28
3140.55 -743.086
3142.03 -743.892
3143.51 -744.698
3144.99 -745.504
3146.47 -746.31
3147.95 -747.115
3149.43 -747.921
3150.91 -748.727
3152.39 -749.533
3153.86 -750.339
3155.34 -751.145
3156.82 -751.951
3158.3 -752.757
3159.78 -753.563
3161.26 -754.369
3162.74 -755.174
3164.22 -755.98
3165.7 -756.786
3167.18 -757.592
3168.66 -758.398
3170.13 -759.204
3171.61 -760.01
3173.09 -760.816
3174.57 -761.622
3176.05 -762.428
3177.53 -763.234
3179.01 -764.039
3180.49 -764.845
3181.97 -765.651
3183.45 -766.457
3184.92 -767.263
3186.4 -768.069
3187.88 -768.875
3189.36 -769.681
3190.84 -770.487
3192.32 -771.293
3193.8 -772.099
3195.28 -772.904
3196.76 -773.71
3198.24 -774.516
3199.71 -775.322
3201.19 -776.128
3202.67 -776.934
3204.15 -777.74
3205.63 -778.546
3207.11 -779.352
3208.59 -780.158
3210.07 -780.964
3211.55 -781.769
3213.03 -782.575
3214.5 -783.381
3215.98 -784.187
3217.46 -784.993
3218.94 -785.799
3220.42 -786.605
3221.9 -787.411
3223.38 -788.217
3224.86 -789.023
3226.34 -789.829
3227.82 -790.634
3229.29 -791.44
3230.77 -792.246
3232.25 -793.052
3233.73 -793.858
3235.21 -794.664
3236.69 -795.47
3238.17 -796.276
3239.65 -797.082
3241.13 -797.888
3242.61 -798.694
3244.08 -799.499
3245.56 -800.305
3247.04 -801.111
3248.52 -801.917
3250 -802.723
3251.48 -803.529
3252.96 -804.335
3254.44 -805.141
3255.92 -805.947
3257.4 -806.753
3258.87 -807.559
3260.35 -808.364
3261.83 -809.17
3263.31 -809.976
3264.79 -810.782
3266.27 -811.588
3267.75 -812.394
3269.23 -813.2
3270.71 -814.006
3272.19 -814.812
3273.66 -815.618
3275.14 -816.424
3276.62 -817.229
3278.1 -818.035
3279.58 -818.841
3281.06 -819.647
3282.54 -820.453
3284.02 -821.259
3285.5 -822.065
3286.98 -822.871
3288.45 -823.677
3289.93 -824.483
3291.41 -825.289
3292.89 -826.094
3294.37 -826.9
3295.85 -827.706
3297.33 -828.512
3298.81 -829.318
3300.29 -830.124
3301.77 -830.93
3303.24 -831.736
3304.72 -832.542
3306.2 -833.348
3307.68 -834.154
3309.16 -834.959
3310.64 -835.765
3312.12 -836.571
3313.6 -837.377
3315.08 -838.183
3316.56 -838.989
3318.03 -839.795
3319.51 -840.601
3320.99 -841.407
3322.47 -842.213
3323.95 -843.018
3325.43 -843.824
3326.91 -844.63
3328.39 -845.436
3329.87 -846.242
3331.35 -847.048
3332.82 -847.854
3334.3 -848.66
3335.78 -849.466
3337.26 -850.272
3338.74 -851.078
3340.22 -851.883
3341.7 -852.689
3343.18 -853.495
3344.66 -854.301
3346.14 -855.107
3347.61 -855.913
3349.09 -856.719
3350.57 -857.525
3352.05 -858.331
3353.53 -859.137
3355.01 -859.943
3356.49 -860.748
3357.97 -861.554
3359.45 -862.36
3360.93 -863.166
3362.4 -863.972
3363.88 -864.778
3365.36 -865.584
3366.84 -866.39
3368.32 -867.196
3369.8 -868.002
3371.28 -868.808
3372.76 -869.613
3374.24 -870.419
3375.72 -871.225
3377.19 -872.031
3378.67 -872.837
3380.15 -873.643
3381.63 -874.449
