250 -600
251.451 -599.145
252.903 -598.29
254.354 -597.435
255.805 -596.581
257.256 -595.726
258.708 -594.871
260.159 -594.016
261.61 -593.161
263.061 -592.306
264.513 -591.451
265.964 -590.597
267.415 -589.742
268.866 -588.887
270.318 -588.032
271.769 -587.177
273.22 -586.322
274.672 -585.467
276.123 -584.613
277.574 -583.758
279.026 -582.903
280.477 -582.048
281.928 -581.193
283.379 -580.338
284.831 -579.483
286.282 -578.629
287.733 -577.774
289.185 -576.919
290.636 -576.064
292.087 -575.209
293.539 -574.355
294.99 -573.5
296.441 -572.645
297.893 -571.79
299.344 -570.935
300.795 -570.081
302.247 -569.226
303.698 -568.371
305.149 -567.516
306.601 -566.661
308.052 -565.807
309.503 -564.952
310.955 -564.097
312.406 -563.242
313.857 -562.388
315.309 -561.533
316.76 -560.678
318.212 -559.823
319.663 -558.968
321.114 -558.114
322.566 -557.259
324.017 -556.404
325.468 -555.549
326.92 -554.694
328.371 -553.84
329.823 -552.985
331.274 -552.13
332.725 -551.275
334.177 -550.42
335.628 -549.566
337.08 -548.711
338.531 -547.856
339.983 -547.001
341.434 -546.147
342.885 -545.292
344.337 -544.437
345.788 -543.582
347.24 -542.728
348.691 -541.873
350.143 -541.018
351.594 -540.163
353.046 -539.309
354.497 -538.454
355.949 -537.599
357.4 -536.745
358.851 -535.89
360.303 -535.035
361.754 -534.18
363.206 -533.326
364.657 -532.471
366.109 -531.616
367.56 -530.761
369.012 -529.907
370.463 -529.052
371.915 -528.197
373.367 -527.342
374.818 -526.488
376.27 -525.633
377.721 -524.778
379.173 -523.924
380.624 -523.069
382.076 -522.214
383.527 -521.36
384.979 -520.505
386.431 -519.65
387.882 -518.796
389.334 -517.941
390.785 -517.086
392.237 -516.232
393.689 -515.377
395.14 -514.522
396.592 -513.668
398.043 -512.813
399.495 -511.958
400.947 -511.104
402.398 -510.249
403.85 -509.394
405.302 -508.54
406.753 -507.685
408.205 -506.831
409.657 -505.976
411.108 -505.121
412.56 -504.267
414.012 -503.412
415.463 -502.557
416.915 -501.703
418.367 -500.848
419.819 -499.994
421.27 -499.139
422.722 -498.284
424.174 -497.43
425.626 -496.575
427.077 -495.721
428.529 -494.866
429.981 -494.012
431.433 -493.157
432.885 -492.303
434.336 -491.448
435.788 -490.593
437.24 -489.739
438.692 -488.884
440.144 -488.03
441.596 -487.175
443.047 -486.321
444.499 -485.466
445.951 -484.612
447.403 -483.757
448.855 -482.903
450.307 -482.048
451.759 -481.194
453.211 -480.339
454.663 -479.485
456.115 -478.63
457.567 -477.776
459.018 -476.921
460.47 -476.067
461.922 -475.212
463.374 -474.358
464.826 -473.504
466.278 -472.649
467.73 -471.795
469.183 -470.94
470.635 -470.086
472.087 -469.232
473.539 -468.377
474.991 -467.523
476.443 -466.668
477.895 -465.814
479.347 -464.96
480.799 -464.105
482.251 -463.251
483.704 -462.396
485.156 -461.542
486.608 -460.688
488.06 -459.833
489.512 -458.979
490.965 -458.125
492.417 -457.271
493.869 -456.416
495.321 -455.562
496.774 -454.708
498.226 -453.853
499.678 -452.999
501.131 -452.145
502.583 -451.291
504.035 -450.436
505.488 -449.582
506.94 -448.728
508.392 -447.874
509.845 -447.019
511.297 -446.165
512.75 -445.311
514.202 -444.457
515.655 -443.603
517.107 -442.749
518.56 -441.894
520.012 -441.04
521.465 -440.186
522.917 -439.332
524.37 -438.478
525.823 -437.624
527.275 -436.77
528.728 -435.916
530.18 -435.062
531.633 -434.207
533.086 -433.353
534.539 -432.499
535.991 -431.645
537.444 -430.791
538.897 -429.937
540.35 -429.083
541.802 -428.229
543.255 -427.375
544.708 -426.521
546.161 -425.667
547.614 -424.813
549.067 -423.96
550.52 -423.106
551.973 -422.252
553.426 -421.398
554.879 -420.544
556.332 -419.69
557.785 -418.836
559.238 -417.982
560.691 -417.129
562.144 -416.275
563.597 -415.421
565.05 -414.567
566.504 -413.713
567.957 -412.86
569.41 -412.006
570.863 -411.152
572.317 -410.298
573.77 -409.445
575.223 -408.591
576.677 -407.737
578.13 -406.884
579.584 -406.03
581.037 -405.176
582.491 -404.323
583.944 -403.469
585.398 -402.616
586.851 -401.762
588.305 -400.908
589.759 -400.055
591.212 -399.201
592.666 -398.348
594.12 -397.494
595.574 -396.641
597.027 -395.788
598.481 -394.934
599.935 -394.081
601.389 -393.227
602.843 -392.374
604.297 -391.521
605.751 -390.667
607.205 -389.814
608.659 -388.961
610.113 -388.107
611.567 -387.254
613.021 -386.401
614.476 -385.548
615.93 -384.695
617.384 -383.841
618.839 -382.988
620.293 -382.135
621.747 -381.282
623.202 -380.429
624.656 -379.576
626.111 -378.723
627.565 -377.87
629.02 -377.017
630.475 -376.164
631.929 -375.311
633.384 -374.458
634.839 -373.605
636.294 -372.752
637.749 -371.9
639.204 -371.047
640.659 -370.194
642.114 -369.341
643.569 -368.488
645.024 -367.636
646.479 -366.783
647.934 -365.93
649.389 -365.078
650.845 -364.225
652.3 -363.373
653.755 -362.52
655.211 -361.668
656.666 -360.815
658.122 -359.963
659.578 -359.11
661.033 -358.258
662.489 -357.405
663.945 -356.553
665.401 -355.701
666.857 -354.849
668.312 -353.996
669.768 -353.144
671.225 -352.292
672.681 -351.44
674.137 -350.588
675.593 -349.736
677.049 -348.884
678.506 -348.032
679.962 -347.18
681.419 -346.328
682.875 -345.476
684.332 -344.624
685.789 -343.772
687.245 -342.92
688.702 -342.069
690.159 -341.217
691.616 -340.365
693.073 -339.514
694.53 -338.662
695.988 -337.811
697.445 -336.959
698.902 -336.108
700.36 -335.256
701.817 -334.405
703.275 -333.554
704.732 -332.702
706.19 -331.851
707.648 -331
709.106 -330.149
710.564 -329.298
712.022 -328.447
713.48 -327.596
714.938 -326.745
716.396 -325.894
717.855 -325.043
719.313 -324.192
720.772 -323.341
722.231 -322.491
723.689 -321.64
725.148 -320.789
726.607 -319.939
728.066 -319.088
729.525 -318.238
730.984 -317.387
732.444 -316.537
733.903 -315.687
735.363 -314.837
736.822 -313.986
738.282 -313.136
739.742 -312.286
741.202 -311.436
742.662 -310.586
744.122 -309.737
745.582 -308.887
747.043 -308.037
748.503 -307.187
749.964 -306.338
751.424 -305.488
752.885 -304.639
754.346 -303.789
755.807 -302.94
757.268 -302.091
758.73 -301.241
760.191 -300.392
761.653 -299.543
763.114 -298.694
764.576 -297.845
766.038 -296.996
767.5 -296.148
768.962 -295.299
770.425 -294.45
771.887 -293.602
773.35 -292.753
774.812 -291.905
776.275 -291.057
777.738 -290.208
779.201 -289.36
780.665 -288.512
782.128 -287.664
783.592 -286.816
785.055 -285.968
786.519 -285.121
787.983 -284.273
789.448 -283.425
790.912 -282.578
792.376 -281.731
793.841 -280.883
795.306 -280.036
796.771 -279.189
798.236 -278.342
799.701 -277.495
801.167 -276.648
802.633 -275.802
804.099 -274.955
805.565 -274.109
807.031 -273.262
808.497 -272.416
809.964 -271.57
811.431 -270.724
812.898 -269.878
814.365 -269.032
815.832 -268.186
817.3 -267.34
818.767 -266.495
820.235 -265.65
821.703 -264.804
823.172 -263.959
824.64 -263.114
826.109 -262.269
827.578 -261.424
829.047 -260.58
830.517 -259.735
831.986 -258.891
833.456 -258.046
834.926 -257.202
836.397 -256.358
837.867 -255.514
839.338 -254.671
840.809 -253.827
842.28 -252.984
843.752 -252.14
845.223 -251.297
846.695 -250.454
848.168 -249.611
849.64 -248.768
851.113 -247.926
852.586 -247.083
854.059 -246.241
855.532 -245.399
857.006 -244.557
858.48 -243.715
859.955 -242.873
861.429 -242.032
862.904 -241.191
864.379 -240.349
865.855 -239.508
867.331 -238.668
868.807 -237.827
870.283 -236.987
871.76 -236.146
873.237 -235.306
874.714 -234.466
876.192 -233.627
877.669 -232.787
879.148 -231.948
880.626 -231.109
882.105 -230.27
883.584 -229.431
885.064 -228.592
886.544 -227.754
888.024 -226.916
889.505 -226.078
890.986 -225.24
892.467 -224.403
893.948 -223.565
895.43 -222.728
896.913 -221.891
898.396 -221.055
899.879 -220.218
901.362 -219.382
902.846 -218.546
904.331 -217.711
905.815 -216.875
907.3 -216.04
908.786 -215.205
910.272 -214.37
911.758 -213.536
913.245 -212.702
914.732 -211.868
916.22 -211.034
917.708 -210.201
919.196 -209.368
920.685 -208.535
922.175 -207.702
923.665 -206.87
925.155 -206.038
926.646 -205.206
928.137 -204.375
929.629 -203.544
931.121 -202.713
932.614 -201.882
934.107 -201.052
935.601 -200.222
937.095 -199.393
938.59 -198.563
940.085 -197.735
941.581 -196.906
943.077 -196.078
944.574 -195.25
946.071 -194.422
947.569 -193.595
949.068 -192.768
950.567 -191.941
952.067 -191.115
953.567 -190.289
955.068 -189.464
956.569 -188.639
958.071 -187.814
959.574 -186.99
961.077 -186.166
962.581 -185.343
964.086 -184.52
965.591 -183.697
967.096 -182.875
968.603 -182.053
970.11 -181.231
971.618 -180.41
973.126 -179.59
974.635 -178.77
976.145 -177.95
977.656 -177.131
979.167 -176.312
980.679 -175.494
982.191 -174.676
983.705 -173.858
985.219 -173.041
986.734 -172.225
988.249 -171.409
989.766 -170.594
991.283 -169.779
992.801 -168.965
994.32 -168.151
995.839 -167.338
997.359 -166.525
998.881 -165.713
1000.4 -164.901
1001.93 -164.09
1003.45 -163.279
1004.97 -162.47
1006.5 -161.66
1008.03 -160.851
1009.55 -160.043
1011.08 -159.236
1012.61 -158.429
1014.14 -157.623
1015.67 -156.817
1017.2 -156.012
1018.74 -155.208
1020.27 -154.404
1021.8 -153.601
1023.34 -152.799
1024.88 -151.997
1026.41 -151.196
1027.95 -150.396
1029.49 -149.597
1031.03 -148.798
1032.57 -148
1034.12 -147.203
1035.66 -146.406
1037.21 -145.61
1038.75 -144.816
1040.3 -144.021
1041.85 -143.228
1043.4 -142.436
1044.95 -141.644
1046.5 -140.853
1048.05 -140.063
1049.61 -139.274
1051.16 -138.486
1052.72 -137.699
1054.28 -136.912
1055.84 -136.127
1057.4 -135.342
1058.96 -134.559
1060.52 -133.776
1062.09 -132.995
1063.65 -132.214
1065.22 -131.434
1066.79 -130.656
1068.36 -129.878
1069.93 -129.102
1071.5 -128.326
1073.07 -127.552
1074.65 -126.778
1076.23 -126.006
1077.8 -125.235
1079.38 -124.465
1080.96 -123.696
1082.55 -122.929
1084.13 -122.163
1085.72 -121.397
1087.3 -120.633
1088.89 -119.871
1090.48 -119.109
1092.07 -118.349
1093.67 -117.59
1095.26 -116.833
1096.86 -116.077
1098.46 -115.322
1100.06 -114.569
1101.66 -113.817
1103.26 -113.066
1104.87 -112.317
1106.48 -111.569
1108.09 -110.823
1109.7 -110.078
1111.31 -109.335
1112.92 -108.594
1114.54 -107.854
1116.16 -107.116
1117.78 -106.379
1119.4 -105.644
1121.02 -104.91
1122.65 -104.179
1124.28 -103.449
1125.9 -102.721
1127.54 -101.994
1129.17 -101.27
1130.81 -100.547
1132.44 -99.8263
1134.08 -99.1074
1135.72 -98.3904
1137.37 -97.6753
1139.01 -96.9623
1140.66 -96.2512
1142.31 -95.5422
1143.97 -94.8353
1145.62 -94.1305
1147.28 -93.4278
1148.94 -92.7274
1150.6 -92.0291
1152.26 -91.3331
1153.93 -90.6393
1155.6 -89.9479
1157.27 -89.2588
1158.94 -88.5721
1160.62 -87.8878
1162.29 -87.206
1163.97 -86.5266
1165.66 -85.8498
1167.34 -85.1756
1169.03 -84.504
1170.72 -83.835
1172.41 -83.1687
1174.11 -82.5052
1175.81 -81.8444
1177.51 -81.1865
1179.21 -80.5314
1180.92 -79.8792
1182.62 -79.2299
1184.33 -78.5837
1186.05 -77.9405
1187.76 -77.3003
1189.48 -76.6633
1191.21 -76.0295
1192.93 -75.3989
1194.66 -74.7715
1196.39 -74.1475
1198.12 -73.5269
1199.86 -72.9097
1201.59 -72.2959
1203.33 -71.6857
1205.08 -71.079
1206.83 -70.476
1208.58 -69.8767
1210.33 -69.2811
1212.08 -68.6892
1213.84 -68.1013
1215.6 -67.5172
1217.37 -66.9371
1219.14 -66.361
1220.91 -65.789
1222.68 -65.2212
1224.46 -64.6575
1226.24 -64.0981
1228.02 -63.543
1229.8 -62.9922
1231.59 -62.4459
1233.38 -61.9041
1235.18 -61.3669
1236.97 -60.8343
1238.78 -60.3064
1240.58 -59.7832
1242.39 -59.2649
1244.2 -58.7514
1246.01 -58.2429
1247.82 -57.7394
1249.64 -57.241
1251.46 -56.7477
1253.29 -56.2597
1255.12 -55.7769
1256.95 -55.2995
1258.78 -54.8275
1260.62 -54.3611
1262.46 -53.9001
1264.3 -53.4449
1266.15 -52.9953
1268 -52.5515
1269.85 -52.1135
1271.7 -51.6814
1273.56 -51.2553
1275.42 -50.8353
1277.28 -50.4214
1279.15 -50.0137
1281.02 -49.6123
1282.89 -49.2171
1284.77 -48.8284
1286.65 -48.4462
1288.53 -48.0705
1290.41 -47.7014
1292.3 -47.3391
1294.18 -46.9834
1296.08 -46.6346
1297.97 -46.2927
1299.87 -45.9577
1301.76 -45.6297
1303.67 -45.3089
1305.57 -44.9952
1307.48 -44.6887
1309.39 -44.3895
1311.3 -44.0976
1313.21 -43.8132
1315.13 -43.5362
1317.04 -43.2668
1318.96 -43.0049
1320.89 -42.7507
1322.81 -42.5042
1324.74 -42.2655
1326.67 -42.0346
1328.6 -41.8115
1330.53 -41.5964
1332.46 -41.3893
1334.4 -41.1901
1336.33 -40.9991
1338.27 -40.8162
1340.21 -40.6414
1342.15 -40.4749
1344.1 -40.3165
1346.04 -40.1665
1347.99 -40.0248
1349.94 -39.8915
1351.88 -39.7666
1353.83 -39.6501
1355.78 -39.542
1357.73 -39.4424
1359.69 -39.3514
1361.64 -39.2689
1363.59 -39.1949
1365.55 -39.1295
1367.5 -39.0727
1369.46 -39.0246
1371.41 -38.985
1373.37 -38.9541
1375.32 -38.9318
1377.28 -38.9182
1379.24 -38.9133
1381.19 -38.917
1383.15 -38.9294
1385.1 -38.9504
1387.06 -38.9801
1389.02 -39.0184
1390.97 -39.0654
1392.93 -39.121
1394.88 -39.1852
1396.84 -39.2581
1398.79 -39.3395
1400.74 -39.4294
1402.69 -39.5279
1404.64 -39.6349
1406.59 -39.7505
1408.54 -39.8744
1410.49 -40.0068
1412.44 -40.1476
1414.38 -40.2968
1416.33 -40.4543
1418.27 -40.6201
1420.21 -40.7941
1422.15 -40.9763
1424.09 -41.1668
1426.02 -41.3653
1427.96 -41.5719
1429.89 -41.7866
1431.82 -42.0092
1433.75 -42.2398
1435.68 -42.4782
1437.61 -42.7245
1439.53 -42.9785
1441.45 -43.2402
1443.37 -43.5096
1445.29 -43.7866
1447.2 -44.0712
1449.11 -44.3632
1451.02 -44.6626
1452.93 -44.9693
1454.84 -45.2834
1456.74 -45.6047
1458.64 -45.9331
1460.54 -46.2686
1462.43 -46.6112
1464.33 -46.9607
1466.22 -47.3171
1468.1 -47.6803
1469.99 -48.0503
1471.87 -48.427
1473.75 -48.8102
1475.62 -49.2001
1477.5 -49.5963
1479.37 -49.999
1481.24 -50.4081
1483.1 -50.8234
1484.96 -51.2448
1486.82 -51.6724
1488.68 -52.1061
1490.53 -52.5457
1492.38 -52.9913
1494.23 -53.4427
1496.07 -53.8998
1497.91 -54.3626
1499.75 -54.8311
1501.59 -55.3051
1503.42 -55.7846
1505.25 -56.2696
1507.07 -56.7599
1508.9 -57.2554
1510.72 -57.7562
1512.53 -58.2621
1514.35 -58.7731
1516.16 -59.2891
1517.96 -59.81
1519.77 -60.3358
1521.57 -60.8664
1523.37 -61.4018
1525.16 -61.9418
1526.96 -62.4865
1528.74 -63.0357
1530.53 -63.5894
1532.31 -64.1475
1534.09 -64.7099
1535.87 -65.2767
1537.64 -65.8477
1539.41 -66.4229
1541.18 -67.0023
1542.95 -67.5856
1544.71 -68.173
1546.47 -68.7643
1548.22 -69.3596
1549.98 -69.9586
1551.73 -69.3643
1553.49 -68.7738
1555.24 -68.1872
1557.01 -67.6045
1558.77 -67.0257
1560.54 -66.451
1562.31 -65.8803
1564.08 -65.3137
1565.86 -64.7514
1567.64 -64.1932
1569.42 -63.6394
1571.21 -63.09
1572.99 -62.545
1574.79 -62.0045
1576.58 -61.4686
1578.38 -60.9373
1580.18 -60.4106
1581.98 -59.8887
1583.79 -59.3717
1585.6 -58.8595
1587.41 -58.3522
1589.23 -57.85
1591.05 -57.3528
1592.87 -56.8608
1594.69 -56.374
1596.52 -55.8925
1598.35 -55.4163
1600.18 -54.9455
1602.02 -54.4803
1603.86 -54.0205
1605.7 -53.5664
1607.55 -53.118
1609.4 -52.6754
1611.25 -52.2385
1613.1 -51.8076
1614.96 -51.3827
1616.82 -50.9638
1618.69 -50.551
1620.55 -50.1443
1622.42 -49.744
1624.29 -49.3499
1626.17 -48.9623
1628.05 -48.5811
1629.93 -48.2064
1631.81 -47.8384
1633.69 -47.477
1635.58 -47.1223
1637.47 -46.7745
1639.37 -46.4335
1641.26 -46.0994
1643.16 -45.7724
1645.06 -45.4524
1646.97 -45.1396
1648.87 -44.8339
1650.78 -44.5356
1652.69 -44.2445
1654.6 -43.9609
1656.52 -43.6847
1658.44 -43.416
1660.36 -43.1549
1662.28 -42.9014
1664.2 -42.6556
1666.13 -42.4175
1668.06 -42.1872
1669.99 -41.9648
1671.92 -41.7503
1673.85 -41.5437
1675.79 -41.3452
1677.72 -41.1547
1679.66 -40.9722
1681.6 -40.7979
1683.54 -40.6318
1685.48 -40.4739
1687.43 -40.3243
1689.37 -40.183
1691.32 -40.05
1693.27 -39.9254
1695.21 -39.8092
1697.16 -39.7014
1699.11 -39.602
1701.07 -39.5112
1703.02 -39.4288
1704.97 -39.355
1706.92 -39.2898
1708.88 -39.2331
1710.83 -39.185
1712.79 -39.1454
1714.74 -39.1145
1716.7 -39.0922
1718.65 -39.0786
1720.61 -39.0736
1722.56 -39.0771
1724.52 -39.0892
1726.48 -39.11
1728.43 -39.1393
1730.39 -39.1773
1732.34 -39.2239
1734.3 -39.2791
1736.25 -39.3429
1738.2 -39.4152
1740.15 -39.4961
1742.11 -39.5856
1744.06 -39.6835
1746.01 -39.79
1747.96 -39.9049
1749.9 -40.0282
1751.85 -40.16
1753.8 -40.3001
1755.74 -40.4485
1757.69 -40.6053
1759.63 -40.7703
1761.57 -40.9436
1763.51 -41.125
1765.45 -41.3146
1767.38 -41.5123
1769.32 -41.7181
1771.25 -41.9318
1773.18 -42.1535
1775.11 -42.3831
1777.03 -42.6206
1778.96 -42.8659
1780.88 -43.1189
1782.8 -43.3796
1784.72 -43.648
1786.64 -43.9239
1788.55 -44.2074
1790.47 -44.4983
1792.38 -44.7966
1794.28 -45.1022
1796.19 -45.4151
1798.09 -45.7352
1799.99 -46.0624
1801.89 -46.3968
1803.78 -46.7381
1805.68 -47.0864
1807.56 -47.4415
1809.45 -47.8035
1811.34 -48.1722
1813.22 -48.5476
1815.1 -48.9296
1816.97 -49.3181
1818.85 -49.713
1820.72 -50.1144
1822.58 -50.5221
1824.45 -50.936
1826.31 -51.3561
1828.17 -51.7824
1830.03 -52.2146
1831.88 -52.6529
1833.73 -53.097
1835.58 -53.547
1837.42 -54.0027
1839.26 -54.4642
1841.1 -54.9312
1842.93 -55.4038
1844.77 -55.8819
1846.6 -56.3654
1848.42 -56.8542
1850.24 -57.3483
1852.06 -57.8476
1853.88 -58.352
1855.69 -58.8615
1857.5 -59.3761
1859.31 -59.8955
1861.12 -60.4198
1862.92 -60.949
1864.72 -61.4829
1866.51 -62.0214
1868.3 -62.5646
1870.09 -63.1123
1871.88 -63.6645
1873.66 -64.2211
1875.44 -64.7821
1877.22 -65.3474
1878.99 -65.9169
1880.76 -66.4906
1882.53 -67.0684
1884.3 -67.6503
1886.06 -68.2362
1887.82 -68.826
1889.58 -69.4197
1891.33 -70.0173
1893.08 -70.6186
1894.83 -71.2236
1896.57 -71.8323
1898.31 -72.4447
1900.05 -73.0606
1901.79 -73.68
1903.52 -74.3028
1905.25 -74.9291
1906.98 -74.3072
1908.72 -73.6887
1910.45 -73.0736
1912.19 -72.4619
1913.93 -71.8538
1915.68 -71.2493
1917.42 -70.6483
1919.17 -70.0511
1920.93 -69.4576
1922.68 -68.8679
1924.44 -68.282
1926.2 -67.7
1927.97 -67.122
1929.73 -66.5479
1931.51 -65.978
1933.28 -65.4122
1935.06 -64.8505
1936.83 -64.2931
1938.62 -63.74
1940.4 -63.1913
1942.19 -62.647
1943.98 -62.1072
1945.78 -61.5719
1947.57 -61.0413
1949.37 -60.5153
1951.18 -59.9941
1952.98 -60.521
1954.78 -61.0527
1956.58 -61.5891
1958.37 -62.1302
1960.16 -62.6758
1961.95 -63.226
1963.74 -63.7807
1965.52 -64.3398
1967.3 -64.9032
1969.07 -65.4709
1970.85 -66.0428
1972.62 -66.6189
1974.38 -67.199
1976.15 -67.7832
1977.91 -68.3715
1979.67 -68.9636
1981.42 -69.5596
1983.17 -70.1594
1984.92 -70.763
1986.67 -71.3703
1988.41 -71.9812
1990.15 -72.5957
1991.89 -73.2138
1993.63 -73.8353
1995.36 -74.4603
1997.09 -75.0887
1998.81 -75.7205
2000.54 -76.3555
2002.26 -76.9937
2003.98 -77.6352
2005.69 -78.2798
2007.41 -78.9275
2009.11 -79.5782
2010.82 -80.2319
2012.53 -80.8886
2014.23 -81.5482
2015.93 -82.2107
2017.62 -82.876
2019.32 -83.5441
2021.01 -84.215
2022.7 -84.8885
2024.39 -85.5647
2026.07 -86.2435
2027.75 -86.9249
2029.43 -87.6089
2031.11 -88.2953
2032.78 -88.9842
2034.45 -89.6755
2036.12 -90.3693
2037.79 -91.0653
2039.45 -91.7637
2041.12 -92.4644
2042.78 -93.1674
2044.43 -93.8725
2046.09 -94.5798
2047.74 -95.2893
2049.39 -96.0009
2051.04 -96.7145
2052.69 -97.4303
2054.33 -98.148
2055.98 -98.8677
2057.62 -99.5894
2059.26 -100.313
2060.89 -101.039
2062.52 -101.766
2064.16 -102.495
2065.79 -103.226
2067.41 -103.959
2069.04 -104.694
2070.66 -105.43
2072.29 -106.168
2073.91 -106.908
2075.52 -107.649
2077.14 -108.392
2078.75 -109.137
2080.37 -109.883
2081.98 -110.631
2083.59 -111.38
2085.19 -112.131
2086.8 -112.883
2088.4 -113.637
2090 -114.392
2091.6 -115.149
2093.2 -115.907
2094.8 -116.667
2096.39 -117.427
2097.98 -118.19
2099.58 -118.953
2101.17 -119.718
2102.75 -120.484
2104.34 -121.251
2105.93 -122.02
2107.51 -122.79
2109.09 -123.561
2110.67 -124.333
2112.25 -125.106
2113.83 -125.881
2115.4 -126.657
2116.98 -127.433
2118.55 -128.211
2120.12 -128.99
2121.69 -129.771
2123.26 -130.552
2124.83 -131.334
2126.4 -132.117
2127.96 -132.901
2129.52 -133.687
2131.09 -134.473
2132.65 -135.26
2134.21 -136.048
2135.77 -136.837
2137.32 -137.627
2138.88 -138.418
2140.43 -139.21
2141.99 -140.003
2143.54 -140.797
2145.09 -141.591
2146.64 -142.386
2148.19 -143.183
2149.73 -143.98
2151.28 -144.777
2152.82 -145.576
2154.37 -146.376
2155.91 -147.176
2157.45 -147.977
2158.99 -148.778
2160.53 -149.581
2162.07 -150.384
2163.61 -151.188
2165.15 -151.993
2166.68 -152.798
2168.22 -153.604
2169.75 -154.411
2171.28 -155.219
2172.81 -156.027
2174.34 -156.836
2175.87 -157.645
2177.4 -158.455
2178.93 -159.266
2180.45 -160.077
2181.98 -160.889
2183.5 -161.702
2185.03 -162.515
2186.55 -163.329
2188.07 -164.143
2189.6 -164.958
2191.12 -165.773
2192.64 -166.589
2194.15 -167.406
2195.67 -168.223
2197.19 -169.041
2198.71 -169.859
2200.22 -170.678
2201.74 -171.497
2203.25 -172.317
2204.76 -173.137
2206.28 -173.958
2207.79 -174.779
2209.3 -175.601
2210.81 -176.423
2212.32 -177.246
2213.83 -178.069
2215.33 -178.892
2216.84 -179.716
2218.35 -180.541
2219.85 -181.366
2221.36 -182.191
2222.86 -183.017
2224.37 -183.843
2225.87 -184.67
2227.37 -185.497
2228.88 -186.324
2230.38 -187.152
2231.88 -187.98
2233.38 -188.809
2234.88 -189.637
2236.38 -190.467
2237.88 -191.297
2239.37 -192.127
2240.87 -192.957
2242.37 -193.788
2243.86 -194.619
2245.36 -195.451
2246.85 -196.282
2248.35 -197.115
2249.84 -197.947
2251.34 -198.78
2252.83 -199.613
2254.32 -200.447
2255.81 -201.28
2257.3 -202.115
2258.79 -202.949
2260.28 -203.784
2261.77 -204.619
2263.26 -205.454
2264.75 -206.29
2266.24 -207.126
2267.73 -207.962
2269.22 -208.798
2270.7 -209.635
2272.19 -210.472
2273.68 -211.31
2275.16 -212.147
2276.65 -212.985
2278.13 -213.823
2279.62 -214.661
2281.1 -215.5
2282.58 -216.339
2284.07 -217.178
2285.55 -218.017
2287.03 -218.857
2288.51 -219.697
2289.99 -220.537
2291.48 -221.377
2292.96 -222.218
2294.44 -223.059
2295.92 -223.9
2297.4 -224.741
2298.88 -225.582
2300.35 -226.424
2301.83 -227.266
2303.31 -228.108
2304.79 -228.95
2306.27 -229.793
2307.74 -230.635
2309.22 -231.478
2310.7 -232.321
2312.17 -233.164
2313.65 -234.008
2315.12 -234.852
2316.6 -235.695
2318.07 -236.539
2319.55 -237.384
2321.02 -238.228
2322.5 -239.073
2323.97 -239.917
2325.44 -240.762
2326.92 -241.607
2328.39 -242.452
2329.86 -243.298
2331.33 -244.143
2332.81 -244.989
2334.28 -245.835
2335.75 -246.681
2337.22 -247.527
2338.69 -248.374
2340.16 -249.22
2341.63 -250.067
2343.1 -250.914
2344.57 -251.761
2346.04 -252.608
2347.51 -253.455
2348.98 -254.302
2350.45 -255.15
2351.92 -255.998
2353.38 -256.845
2354.85 -257.693
2356.32 -258.541
2357.79 -259.39
2359.26 -260.238
2360.72 -261.086
2362.19 -261.935
2363.66 -262.784
2365.12 -263.632
2366.59 -264.481
2368.06 -265.33
2369.52 -266.18
2370.99 -267.029
2372.45 -267.878
2373.92 -268.728
2375.38 -269.577
2376.85 -270.427
2378.31 -271.277
2379.78 -272.127
2381.24 -272.977
2382.71 -273.827
2384.17 -274.678
2385.63 -275.528
2387.1 -276.378
2388.56 -277.229
2390.02 -278.08
2391.49 -278.931
2392.95 -279.781
2394.41 -280.632
2395.88 -281.484
2397.34 -282.335
2398.8 -283.186
2400.26 -284.037
2401.72 -284.889
2403.19 -285.74
2404.65 -286.592
2406.11 -287.444
2407.57 -288.295
2409.03 -289.147
2410.49 -289.999
2411.95 -290.851
2413.41 -291.703
2414.88 -292.556
2416.34 -293.408
2417.8 -294.26
2419.26 -295.113
2420.72 -295.965
2422.18 -296.818
2423.64 -297.67
2425.1 -298.523
2426.56 -299.376
2428.01 -300.229
2429.47 -301.082
2430.93 -301.935
2432.39 -302.788
2433.85 -303.641
2435.31 -304.494
2436.77 -305.348
2438.23 -306.201
2439.69 -307.055
2441.14 -307.908
2442.6 -308.762
2444.06 -309.615
2445.52 -310.469
2446.98 -311.323
2448.43 -312.176
2449.89 -313.03
2451.35 -313.884
2452.81 -314.738
2454.26 -315.592
2455.72 -316.446
2457.18 -317.301
2458.64 -318.155
2460.09 -319.009
2461.55 -319.863
2463.01 -320.718
2464.46 -321.572
2465.92 -322.427
2467.38 -323.281
2468.83 -324.136
2470.29 -324.99
2471.75 -325.845
2473.2 -326.7
2474.66 -327.555
2476.11 -328.409
2477.57 -329.264
2479.02 -330.119
2480.48 -330.974
2481.94 -331.829
2483.39 -332.684
2484.85 -333.539
2486.3 -334.394
2487.76 -335.25
2489.21 -336.105
2490.67 -336.96
2492.12 -337.815
2493.58 -338.671
2495.03 -339.526
2496.49 -340.382
2497.94 -341.237
2499.4 -342.093
2500.85 -342.948
2502.31 -343.804
2503.76 -344.659
2505.22 -345.515
2506.67 -346.371
2508.12 -347.227
2509.58 -348.082
2511.03 -348.938
2512.49 -349.794
2513.94 -350.65
2515.4 -351.506
2516.85 -352.362
2518.3 -353.218
2519.76 -354.074
2521.21 -354.93
2522.66 -355.786
2524.12 -356.642
2525.57 -357.498
2527.03 -358.354
2528.48 -359.211
2529.93 -360.067
2531.39 -360.923
2532.84 -361.779
2534.29 -362.636
2535.75 -363.492
2537.2 -364.349
2538.65 -365.205
2540.1 -366.061
2541.56 -366.918
2543.01 -367.774
2544.46 -368.631
2545.92 -369.487
2547.37 -370.344
2548.82 -371.201
2550.27 -372.057
2551.73 -372.914
2553.18 -373.771
2554.63 -374.627
2556.08 -375.484
2557.54 -376.341
2558.99 -377.198
2560.44 -378.054
2561.89 -378.911
2563.35 -379.768
2564.8 -380.625
2566.25 -381.482
2567.7 -382.339
2569.16 -383.196
2570.61 -384.053
2572.06 -384.91
2573.51 -385.767
2574.96 -386.624
2576.42 -387.481
2577.87 -388.338
2579.32 -389.195
2580.77 -390.052
2582.22 -390.909
2583.67 -391.766
2585.13 -392.624
2586.58 -393.481
2588.03 -394.338
2589.48 -395.195
2590.93 -396.052
2592.38 -396.91
2593.84 -397.767
2595.29 -398.624
2596.74 -399.482
2598.19 -400.339
2599.64 -401.196
2601.09 -402.054
2602.54 -402.911
2604 -403.768
2605.45 -404.626
2606.9 -405.483
2608.35 -406.341
2609.8 -407.198
2611.25 -408.056
2612.7 -408.913
2614.15 -409.771
2615.61 -410.628
2617.06 -411.486
2618.51 -412.343
2619.96 -413.201
2621.41 -414.058
2622.86 -414.916
2624.31 -415.774
2625.76 -416.631
2627.21 -417.489
2628.66 -418.347
2630.11 -419.204
2631.57 -420.062
2633.02 -420.92
2634.47 -421.777
2635.92 -422.635
2637.37 -423.493
2638.82 -424.351
2640.27 -425.208
2641.72 -426.066
2643.17 -426.924
2644.62 -427.782
2646.07 -428.639
2647.52 -429.497
2648.97 -430.355
2650.42 -431.213
2651.87 -432.071
2653.32 -432.929
2654.78 -433.786
2656.23 -434.644
2657.68 -435.502
2659.13 -436.36
2660.58 -437.218
2662.03 -438.076
2663.48 -438.934
2664.93 -439.792
2666.38 -440.65
2667.83 -441.508
2669.28 -442.366
2670.73 -443.224
2672.18 -444.082
2673.63 -444.94
2675.08 -445.798
2676.53 -446.656
2677.98 -447.514
2679.43 -448.372
2680.88 -449.23
2682.33 -450.088
2683.78 -450.946
2685.23 -451.804
2686.68 -452.662
2688.13 -453.52
2689.58 -454.378
2691.03 -455.236
2692.48 -456.094
2693.93 -456.953
2695.38 -457.811
2696.83 -458.669
2698.28 -459.527
2699.73 -460.385
2701.18 -461.243
2702.63 -462.101
2704.08 -462.96
2705.53 -463.818
2706.98 -464.676
2708.43 -465.534
2709.88 -466.392
2711.33 -467.251
2712.78 -468.109
2714.23 -468.967
2715.68 -469.825
2717.13 -470.683
2718.58 -471.542
2720.03 -472.4
2721.48 -473.258
2722.93 -474.116
2724.38 -474.975
2725.83 -475.833
2727.28 -476.691
2728.73 -477.549
2730.18 -478.408
2731.63 -479.266
2733.08 -480.124
2734.53 -480.983
2735.98 -481.841
2737.43 -482.699
2738.88 -483.558
2740.33 -484.416
2741.78 -485.274
2743.23 -486.133
2744.67 -486.991
2746.12 -487.849
2747.57 -488.708
2749.02 -489.566
2750.47 -490.424
2751.92 -491.283
2753.37 -492.141
2754.82 -492.999
2756.27 -493.858
2757.72 -494.716
2759.17 -495.574
2760.62 -496.433
2762.07 -497.291
2763.52 -498.15
2764.97 -499.008
2766.42 -499.866
2767.87 -500.725
2769.32 -501.583
2770.77 -502.442
2772.22 -503.3
2773.66 -504.159
2775.11 -505.017
2776.56 -505.875
2778.01 -506.734
2779.46 -507.592
2780.91 -508.451
2782.36 -509.309
2783.81 -510.168
2785.26 -511.026
2786.71 -511.885
2788.16 -512.743
2789.61 -513.602
2791.06 -514.46
2792.51 -515.318
2793.96 -516.177
2795.41 -517.035
2796.86 -517.894
2798.31 -518.752
2799.75 -519.611
2801.2 -520.469
2802.65 -521.328
2804.1 -522.186
2805.55 -523.045
2807 -523.903
2808.45 -524.762
2809.9 -525.62
2811.35 -526.479
2812.8 -527.338
2814.25 -528.196
2815.7 -529.055
2817.15 -529.913
2818.59 -530.772
2820.04 -531.63
2821.49 -532.489
2822.94 -533.347
2824.39 -534.206
2825.84 -535.064
2827.29 -535.923
2828.74 -536.781
2830.19 -537.64
2831.64 -538.498
2833.09 -539.357
2834.54 -540.216
2835.99 -541.074
2837.43 -541.933
2838.88 -542.791
2840.33 -543.65
2841.78 -544.508
2843.23 -545.367
2844.68 -546.226
2846.13 -547.084
2847.58 -547.943
2849.03 -548.801
2850.48 -549.66
2851.93 -550.519
2853.38 -551.377
2854.82 -552.236
2856.27 -553.094
2857.72 -553.953
2859.17 -554.811
2860.62 -555.67
2862.07 -556.529
2863.52 -557.387
2864.97 -558.246
2866.42 -559.104
2867.87 -559.963
2869.32 -560.822
2870.77 -561.68
2872.22 -562.539
2873.66 -563.397
2875.11 -564.256
2876.56 -565.115
2878.01 -565.973
2879.46 -566.832
2880.91 -567.691
2882.36 -568.549
2883.81 -569.408
2885.26 -570.267
2886.71 -571.125
2888.16 -571.984
2889.6 -572.842
2891.05 -573.701
2892.5 -574.56
2893.95 -575.418
2895.4 -576.277
2896.85 -577.136
2898.3 -577.994
2899.75 -578.853
2901.2 -579.712
2902.65 -580.57
2904.09 -581.429
2905.54 -582.288
2906.99 -583.146
2908.44 -584.005
2909.89 -584.863
2911.34 -585.722
2912.79 -586.581
2914.24 -587.439
2915.69 -588.298
2917.14 -589.157
2918.58 -590.015
2920.03 -590.874
2921.48 -591.733
2922.93 -592.591
2924.38 -593.45
2925.83 -594.309
2927.28 -595.167
2928.73 -596.026
2930.18 -596.884
2931.62 -597.743
2933.07 -598.602
2934.52 -599.46
2935.97 -600.319
2937.42 -601.178
2938.87 -602.036
2940.32 -602.895
2941.77 -603.754
2943.22 -604.613
2944.67 -605.471
2946.11 -606.33
2947.56 -607.189
2949.01 -608.047
2950.46 -608.906
2951.91 -609.765
2953.36 -610.624
2954.81 -611.482
2956.26 -612.341
2957.71 -613.2
2959.16 -614.058
2960.6 -614.917
2962.05 -615.776
2963.5 -616.634
2964.95 -617.493
2966.4 -618.352
2967.85 -619.211
2969.3 -620.069
2970.75 -620.928
2972.2 -621.787
2973.65 -622.645
2975.09 -623.504
2976.54 -624.363
2977.99 -625.221
2979.44 -626.08
2980.89 -626.939
2982.34 -627.798
2983.79 -628.656
2985.24 -629.515
2986.69 -630.374
2988.13 -631.232
2989.58 -632.091
2991.03 -632.95
2992.48 -633.809
2993.93 -634.667
2995.38 -635.526
2996.83 -636.385
2998.28 -637.243
2999.73 -638.102
3001.18 -638.961
3002.62 -639.819
3004.07 -640.678
3005.52 -641.537
3006.97 -642.396
3008.42 -643.254
3009.87 -644.113
3011.32 -644.972
3012.77 -645.83
3014.22 -646.689
3015.67 -647.548
3017.11 -648.406
3018.56 -649.265
3020.01 -650.124
3021.46 -650.983
3022.91 -651.841
3024.36 -652.7
3025.81 -653.559
3027.26 -654.417
3028.71 -655.276
3030.16 -656.135
3031.6 -656.994
3033.05 -657.852
3034.5 -658.711
3035.95 -659.57
3037.4 -660.428
3038.85 -661.287
3040.3 -662.146
3041.75 -663.004
3043.2 -663.863
3044.64 -664.722
3046.09 -665.581
3047.54 -666.439
3048.99 -667.298
3050.44 -668.157
3051.89 -669.015
3053.34 -669.874
3054.79 -670.733
3056.24 -671.591
3057.69 -672.45
3059.13 -673.309
3060.58 -674.168
3062.03 -675.026
3063.48 -675.885
3064.93 -676.744
3066.38 -677.602
3067.83 -678.461
3069.28 -679.32
3070.73 -680.179
3072.18 -681.037
3073.62 -681.896
3075.07 -682.755
3076.52 -683.613
3077.97 -684.472
3079.42 -685.331
3080.87 -686.189
3082.32 -687.048
3083.77 -687.907
3085.22 -688.766
3086.67 -689.624
3088.11 -690.483
3089.56 -691.342
3091.01 -692.201
3092.46 -693.059
3093.91 -693.918
3095.36 -694.777
3096.81 -695.636
3098.26 -696.495
3099.71 -697.353
3101.15 -698.212
3102.6 -699.071
3104.05 -699.93
3105.5 -700.788
3106.95 -701.647
3108.4 -702.506
3109.85 -703.365
3111.3 -704.223
3112.75 -705.082
3114.2 -705.941
3115.64 -706.8
3117.09 -707.658
3118.54 -708.517
3119.99 -709.376
3121.44 -710.235
3122.89 -711.094
3124.34 -711.952
3125.79 -712.811
3127.24 -713.67
3128.69 -714.529
3130.13 -715.387
3131.58 -716.246
3133.03 -717.105
3134.48 -717.964
3135.93 -718.822
3137.38 -719.681
3138.83 -720.54
3140.28 -721.399
3141.73 -722.257
3143.18 -723.116
3144.62 -723.975
3146.07 -724.834
3147.52 -725.693
3148.97 -726.551
3150.42 -727.41
3151.87 -728.269
3153.32 -729.128
3154.77 -729.986
3156.22 -730.845
3157.66 -731.704
3159.11 -732.563
3160.56 -733.421
3162.01 -734.28
3163.46 -735.139
3164.91 -735.998
3166.36 -736.856
3167.81 -737.715
3169.26 -738.574
3170.71 -739.433
3172.15 -740.292
3173.6 -741.15
3175.05 -742.009
3176.5 -742.868
3177.95 -743.727
3179.4 -744.585
3180.85 -745.444
3182.3 -746.303
3183.75 -747.162
3185.2 -748.02
3186.64 -748.879
3188.09 -749.738
3189.54 -750.597
3190.99 -751.455
3192.44 -752.314
3193.89 -753.173
3195.34 -754.032
3196.79 -754.891
3198.24 -755.749
3199.69 -756.608
3201.13 -757.467
3202.58 -758.326
3204.03 -759.184
3205.48 -760.043
3206.93 -760.902
3208.38 -761.761
3209.83 -762.619
3211.28 -763.478
3212.73 -764.337
3214.17 -765.196
3215.62 -766.054
3217.07 -766.913
3218.52 -767.772
3219.97 -768.631
3221.42 -769.49
3222.87 -770.348
3224.32 -771.207
3225.77 -772.066
3227.22 -772.925
3228.66 -773.783
3230.11 -774.642
3231.56 -775.501
3233.01 -776.36
3234.46 -777.218
3235.91 -778.077
3237.36 -778.936
3238.81 -779.795
3240.26 -780.653
3241.71 -781.512
3243.15 -782.371
3244.6 -783.23
3246.05 -784.089
3247.5 -784.947
3248.95 -785.806
3250.4 -786.665
3251.85 -787.524
3253.3 -788.382
3254.75 -789.241
3256.2 -790.1
3257.64 -790.959
3259.09 -791.817
3260.54 -792.676
3261.99 -793.535
3263.44 -794.394
3264.89 -795.252
3266.34 -796.111
3267.79 -796.97
3269.24 -797.829
3270.68 -798.688
3272.13 -799.546
3273.58 -800.405
3275.03 -801.264
3276.48 -802.123
3277.93 -802.981
3279.38 -803.84
3280.83 -804.699
3282.28 -805.558
3283.73 -806.416
3285.17 -807.275
3286.62 -808.134
3288.07 -808.993
3289.52 -809.851
3290.97 -810.71
3292.42 -811.569
3293.87 -812.428
3295.32 -813.286
3296.77 -814.145
3298.22 -815.004
3299.66 -815.863
3301.11 -816.722
3302.56 -817.58
3304.01 -818.439
3305.46 -819.298
3306.91 -820.157
3308.36 -821.015
3309.81 -821.874
3311.25 -822.733
3312.7 -823.592
3314.15 -824.45
3315.6 -825.309
3317.05 -826.168
3318.5 -827.027
3319.95 -827.885
3321.4 -828.744
3322.84 -829.603
3324.29 -830.462
3325.74 -831.321
3327.19 -832.179
3328.64 -833.038
3330.09 -833.897
3331.54 -834.756
3332.99 -835.614
3334.43 -836.473
3335.88 -837.332
3337.33 -838.191
3338.78 -839.049
3340.23 -839.908
3341.68 -840.767
3343.13 -841.626
3344.57 -842.484
3346.02 -843.343
3347.47 -844.202
3348.92 -845.061
3350.37 -845.92
3351.82 -846.778
3353.27 -847.637
3354.72 -848.496
3356.16 -849.355
3357.61 -850.213
3359.06 -851.072
3360.51 -851.931
3361.96 -852.79
3363.41 -853.648
3364.86 -854.507
3366.31 -855.366
3367.75 -856.225
3369.2 -857.083
3370.65 -857.942
3372.1 -858.801
3373.55 -859.66
3375 -860.519
