250 -600
251.413 -599.083
252.825 -598.165
254.238 -597.248
255.65 -596.331
257.063 -595.413
258.476 -594.496
259.888 -593.578
261.301 -592.661
262.713 -591.744
264.126 -590.826
265.539 -589.909
266.951 -588.992
268.364 -588.074
269.776 -587.157
271.189 -586.24
272.602 -585.322
274.014 -584.405
275.427 -583.488
276.84 -582.57
278.252 -581.653
279.665 -580.736
281.077 -579.818
282.49 -578.901
283.903 -577.984
285.315 -577.066
286.728 -576.149
288.141 -575.232
289.553 -574.315
290.966 -573.397
292.379 -572.48
293.791 -571.563
295.204 -570.645
296.617 -569.728
298.029 -568.811
299.442 -567.893
300.855 -566.976
302.267 -566.059
303.68 -565.142
305.093 -564.224
306.505 -563.307
307.918 -562.39
309.331 -561.472
310.743 -560.555
312.156 -559.638
313.569 -558.721
314.982 -557.803
316.394 -556.886
317.807 -555.969
319.22 -555.051
320.632 -554.134
322.045 -553.217
323.458 -552.299
324.871 -551.382
326.283 -550.465
327.696 -549.548
329.109 -548.63
330.522 -547.713
331.934 -546.796
333.347 -545.878
334.76 -544.961
336.173 -544.044
337.585 -543.127
338.998 -542.209
340.411 -541.292
341.824 -540.375
343.236 -539.458
344.649 -538.54
346.062 -537.623
347.475 -536.706
348.888 -535.789
350.301 -534.871
351.713 -533.954
353.126 -533.037
354.539 -532.12
355.952 -531.203
357.365 -530.285
358.777 -529.368
360.19 -528.451
361.603 -527.534
363.016 -526.616
364.429 -525.699
365.842 -524.782
367.255 -523.865
368.667 -522.947
370.08 -522.03
371.493 -521.113
372.906 -520.196
374.319 -519.279
375.732 -518.361
377.145 -517.444
378.558 -516.527
379.971 -515.61
381.384 -514.693
382.797 -513.775
384.21 -512.858
385.622 -511.941
387.035 -511.024
388.448 -510.107
389.861 -509.19
391.274 -508.272
392.687 -507.355
394.1 -506.438
395.513 -505.521
396.926 -504.604
398.339 -503.687
399.752 -502.769
401.165 -501.852
402.578 -500.935
403.992 -500.018
405.405 -499.101
406.818 -498.184
408.231 -497.267
409.644 -496.349
411.057 -495.432
412.47 -494.515
413.883 -493.598
415.296 -492.681
416.709 -491.764
418.122 -490.847
419.536 -489.93
420.949 -489.013
422.362 -488.095
423.775 -487.178
425.188 -486.261
426.601 -485.344
428.015 -484.427
429.428 -483.51
430.841 -482.593
432.254 -481.676
433.667 -480.759
435.081 -479.842
436.494 -478.925
437.907 -478.008
439.321 -477.091
440.734 -476.174
442.147 -475.257
443.56 -474.34
444.974 -473.423
446.387 -472.506
447.8 -471.589
449.214 -470.672
450.627 -469.755
452.041 -468.838
453.454 -467.921
454.867 -467.004
456.281 -466.087
457.694 -465.17
459.108 -464.253
460.521 -463.336
461.935 -462.419
463.348 -461.502
464.762 -460.585
466.175 -459.668
467.589 -458.751
469.002 -457.834
470.416 -456.917
471.829 -456
473.243 -455.083
474.656 -454.167
476.07 -453.25
477.484 -452.333
478.897 -451.416
480.311 -450.499
481.725 -449.582
483.138 -448.665
484.552 -447.749
485.966 -446.832
487.379 -445.915
488.793 -444.998
490.207 -444.081
491.621 -443.164
493.035 -442.248
494.448 -441.331
495.862 -440.414
497.276 -439.497
498.69 -438.58
500.104 -437.664
501.518 -436.747
502.932 -435.83
504.346 -434.913
505.76 -433.997
507.174 -433.08
508.588 -432.163
510.002 -431.247
511.416 -430.33
512.83 -429.413
514.244 -428.497
515.658 -427.58
517.072 -426.663
518.486 -425.747
519.901 -424.83
521.315 -423.913
522.729 -422.997
524.143 -422.08
525.557 -421.164
526.972 -420.247
528.386 -419.33
529.8 -418.414
531.215 -417.497
532.629 -416.581
534.044 -415.664
535.458 -414.748
536.873 -413.831
538.287 -412.915
539.702 -411.998
541.116 -411.082
542.531 -410.165
543.945 -409.249
545.36 -408.332
546.775 -407.416
548.189 -406.5
549.604 -405.583
551.019 -404.667
552.434 -403.75
553.848 -402.834
555.263 -401.918
556.678 -401.001
558.093 -400.085
559.508 -399.169
560.923 -398.253
562.338 -397.336
563.753 -396.42
565.168 -395.504
566.583 -394.588
567.998 -393.671
569.414 -392.755
570.829 -391.839
572.244 -390.923
573.659 -390.007
575.075 -389.091
576.49 -388.174
577.905 -387.258
579.321 -386.342
580.736 -385.426
582.152 -384.51
583.567 -383.594
584.983 -382.678
586.399 -381.762
587.814 -380.846
589.23 -379.93
590.646 -379.014
592.062 -378.099
593.477 -377.183
594.893 -376.267
596.309 -375.351
597.725 -374.435
599.141 -373.519
600.557 -372.604
601.973 -371.688
603.39 -370.772
604.806 -369.856
606.222 -368.941
607.638 -368.025
609.055 -367.109
610.471 -366.194
611.888 -365.278
613.304 -364.362
614.721 -363.447
616.137 -362.531
617.554 -361.616
618.971 -360.7
620.388 -359.785
621.804 -358.869
623.221 -357.954
624.638 -357.039
626.055 -356.123
627.472 -355.208
628.889 -354.293
630.307 -353.377
631.724 -352.462
633.141 -351.547
634.558 -350.632
635.976 -349.717
637.393 -348.801
638.811 -347.886
640.229 -346.971
641.646 -346.056
643.064 -345.141
644.482 -344.226
645.9 -343.311
647.318 -342.396
648.736 -341.481
650.154 -340.567
651.572 -339.652
652.991 -338.737
654.409 -337.822
655.828 -336.908
657.246 -335.993
658.665 -335.078
660.083 -334.164
661.502 -333.249
662.921 -332.334
664.34 -331.42
665.759 -330.505
667.178 -329.591
668.597 -328.677
670.016 -327.762
671.436 -326.848
672.855 -325.934
674.275 -325.02
675.694 -324.105
677.114 -323.191
678.534 -322.277
679.954 -321.363
681.374 -320.449
682.794 -319.535
684.214 -318.621
685.634 -317.707
687.055 -316.793
688.475 -315.88
689.896 -314.966
691.317 -314.052
692.737 -313.139
694.158 -312.225
695.579 -311.311
697.001 -310.398
698.422 -309.485
699.843 -308.571
701.265 -307.658
702.686 -306.745
704.108 -305.831
705.53 -304.918
706.952 -304.005
708.374 -303.092
709.796 -302.179
711.219 -301.266
712.641 -300.353
714.064 -299.44
715.487 -298.528
716.909 -297.615
718.332 -296.702
719.755 -295.79
721.179 -294.877
722.602 -293.965
724.026 -293.052
725.449 -292.14
726.873 -291.228
728.297 -290.316
729.721 -289.404
731.146 -288.492
732.57 -287.58
733.995 -286.668
735.42 -285.756
736.844 -284.844
738.27 -283.932
739.695 -283.021
741.12 -282.109
742.546 -281.198
743.972 -280.286
745.398 -279.375
746.824 -278.464
748.25 -277.553
749.676 -276.642
751.103 -275.731
752.53 -274.82
753.957 -273.909
755.384 -272.998
756.811 -272.088
758.239 -271.177
759.667 -270.267
761.095 -269.357
762.523 -268.446
763.951 -267.536
765.38 -266.626
766.809 -265.716
768.238 -264.806
769.667 -263.897
771.096 -262.987
772.526 -262.077
773.956 -261.168
775.386 -260.259
776.816 -259.349
778.247 -258.44
779.677 -257.531
781.109 -256.622
782.54 -255.713
783.971 -254.805
785.403 -253.896
786.835 -252.988
788.267 -252.079
789.7 -251.171
791.133 -250.263
792.566 -249.355
793.999 -248.447
795.433 -247.54
796.866 -246.632
798.301 -245.725
799.735 -244.817
801.17 -243.91
802.605 -243.003
804.04 -242.096
805.475 -241.189
806.911 -240.283
808.347 -239.376
809.784 -238.47
811.221 -237.564
812.658 -236.658
814.095 -235.752
815.533 -234.846
816.971 -233.941
818.409 -233.035
819.848 -232.13
821.287 -231.225
822.727 -230.32
824.167 -229.415
825.607 -228.511
827.047 -227.606
828.488 -226.702
829.929 -225.798
831.371 -224.894
832.813 -223.99
834.255 -223.087
835.698 -222.183
837.141 -221.28
838.585 -220.377
840.028 -219.475
841.473 -218.572
842.918 -217.67
844.363 -216.768
845.808 -215.866
847.254 -214.964
848.701 -214.062
850.148 -213.161
851.595 -212.26
853.043 -211.359
854.491 -210.459
855.94 -209.558
857.389 -208.658
858.839 -207.758
860.289 -206.858
861.739 -205.959
863.191 -205.06
864.642 -204.161
866.094 -203.262
867.547 -202.364
869 -201.466
870.454 -200.568
871.908 -199.67
873.363 -198.773
874.818 -197.875
876.274 -196.979
877.73 -196.082
879.187 -195.186
880.645 -194.29
882.103 -193.394
883.562 -192.499
885.021 -191.604
886.481 -190.709
887.942 -189.814
889.403 -188.92
890.865 -188.027
892.327 -187.133
893.79 -186.24
895.254 -185.347
896.718 -184.455
898.183 -183.562
899.649 -182.671
901.116 -181.779
902.583 -180.888
904.051 -179.997
905.519 -179.107
906.989 -178.217
908.459 -177.328
909.929 -176.438
911.401 -175.55
912.873 -174.661
914.346 -173.773
915.82 -172.886
917.295 -171.999
918.77 -171.112
920.247 -170.226
921.724 -169.34
923.202 -168.454
924.68 -167.57
926.16 -166.685
927.64 -165.801
929.122 -164.918
930.604 -164.034
932.087 -163.152
933.571 -162.27
935.056 -161.388
936.542 -160.507
938.029 -159.627
939.517 -158.747
941.006 -157.867
942.495 -156.988
943.986 -156.11
945.478 -155.232
946.971 -154.355
948.465 -153.478
949.96 -152.602
951.456 -151.726
952.953 -150.852
954.451 -149.977
955.95 -149.104
957.45 -148.231
958.952 -147.358
960.454 -146.486
961.958 -145.615
963.463 -144.745
964.969 -143.875
966.477 -143.006
967.985 -142.138
969.495 -141.27
971.006 -140.404
972.518 -139.537
974.032 -138.672
975.547 -137.807
977.063 -136.944
978.581 -136.081
980.1 -135.218
981.62 -134.357
983.142 -133.496
984.665 -132.637
986.189 -131.778
987.715 -130.92
989.242 -130.063
990.771 -129.206
992.302 -128.351
993.833 -127.497
995.367 -126.643
996.902 -125.791
998.438 -124.939
999.976 -124.089
1001.52 -123.239
1003.06 -122.391
1004.6 -121.543
1006.14 -120.697
1007.69 -119.852
1009.24 -119.008
1010.79 -118.164
1012.34 -117.322
1013.89 -116.482
1015.45 -115.642
1017.01 -114.804
1018.56 -113.966
1020.12 -113.13
1021.69 -112.296
1023.25 -111.462
1024.82 -110.63
1026.39 -109.799
1027.96 -108.969
1029.53 -108.141
1031.1 -107.315
1032.68 -106.489
1034.26 -105.665
1035.84 -104.843
1037.42 -104.022
1039 -103.202
1040.59 -102.384
1042.18 -101.568
1043.77 -100.753
1045.36 -99.9399
1046.96 -99.1283
1048.56 -98.3185
1050.16 -97.5103
1051.76 -96.7039
1053.37 -95.8992
1054.97 -95.0964
1056.58 -94.2953
1058.2 -93.4961
1059.81 -92.6988
1061.43 -91.9035
1063.05 -91.1101
1064.67 -90.3187
1066.3 -89.5293
1067.92 -88.742
1069.55 -87.9568
1071.19 -87.1737
1072.82 -86.3928
1074.46 -85.6142
1076.1 -84.8377
1077.75 -84.0636
1079.39 -83.2919
1081.04 -82.5225
1082.69 -81.7555
1084.35 -80.991
1086.01 -80.229
1087.67 -79.4696
1089.33 -78.7128
1091 -77.9586
1092.67 -77.2072
1094.35 -76.4584
1096.02 -75.7125
1097.7 -74.9695
1099.38 -75.7168
1101.06 -76.4671
1102.73 -77.2202
1104.4 -77.9761
1106.07 -78.7347
1107.73 -79.496
1109.4 -80.2599
1111.05 -81.0265
1112.71 -81.7955
1114.36 -82.5671
1116.01 -83.3411
1117.66 -84.1175
1119.3 -84.8963
1120.94 -85.6774
1122.58 -86.4608
1124.21 -87.2465
1125.85 -88.0343
1127.47 -88.8243
1129.1 -89.6164
1130.73 -90.4106
1132.35 -91.2069
1133.97 -92.0051
1135.58 -92.8054
1137.2 -93.6076
1138.81 -94.4117
1140.42 -95.2177
1142.02 -96.0255
1143.63 -96.8351
1145.23 -97.6465
1146.83 -98.4597
1148.42 -99.2745
1150.02 -100.091
1151.61 -99.2774
1153.21 -98.4653
1154.81 -97.655
1156.41 -96.8463
1158.01 -96.0394
1159.62 -95.2343
1161.23 -94.4311
1162.84 -93.6296
1164.45 -92.8301
1166.07 -92.0324
1167.69 -91.2367
1169.31 -90.443
1170.93 -89.6513
1172.56 -88.8617
1174.19 -88.0742
1175.82 -87.2887
1177.45 -86.5055
1179.09 -85.7244
1180.73 -84.9457
1182.37 -84.1691
1184.02 -83.395
1185.67 -82.6231
1187.32 -81.8537
1188.97 -81.0868
1190.63 -80.3223
1192.29 -79.5604
1193.95 -78.8011
1195.62 -78.0445
1197.29 -77.2905
1198.96 -76.5392
1200.63 -75.7908
1202.31 -75.0451
1203.99 -74.3024
1205.68 -73.5626
1207.37 -72.8258
1209.06 -72.092
1210.75 -71.3613
1212.45 -70.6338
1214.15 -69.9095
1215.86 -69.1885
1217.57 -68.4708
1219.28 -67.7565
1220.99 -67.0457
1222.71 -66.3383
1224.43 -65.6346
1226.16 -64.9345
1227.89 -64.2381
1229.62 -63.5455
1231.36 -62.8567
1233.1 -62.1719
1234.84 -61.491
1236.59 -60.8142
1238.34 -60.1416
1240.1 -59.4731
1241.86 -58.8089
1243.62 -58.1491
1245.39 -57.4937
1247.16 -56.8428
1248.93 -56.1965
1250.71 -55.5549
1252.5 -54.918
1254.28 -54.2859
1256.07 -53.6588
1257.87 -53.0367
1259.66 -52.4197
1261.47 -51.8078
1263.27 -51.2013
1265.08 -50.6001
1266.9 -50.0043
1268.72 -49.4141
1270.54 -48.8295
1272.37 -48.2506
1274.2 -47.6776
1276.03 -47.1105
1277.87 -46.5494
1279.71 -45.9944
1281.56 -45.4456
1283.41 -44.9032
1285.27 -44.3671
1287.13 -43.8376
1288.99 -43.3147
1290.86 -42.7985
1292.73 -42.2892
1294.61 -41.7867
1296.49 -41.2913
1298.37 -40.8031
1300.26 -40.3221
1302.15 -39.8484
1304.05 -39.3822
1305.95 -38.9235
1307.85 -38.4725
1309.76 -38.0293
1311.67 -37.594
1313.58 -37.1667
1315.5 -36.7474
1317.43 -36.3364
1319.35 -35.9336
1321.28 -35.5393
1323.22 -35.1535
1325.15 -34.7763
1327.09 -34.4078
1329.04 -34.0482
1330.99 -33.6974
1332.94 -33.3558
1334.89 -33.0232
1336.85 -32.6998
1338.81 -32.3858
1340.77 -32.0812
1342.74 -31.7861
1344.71 -31.5005
1346.68 -31.2247
1348.66 -30.9587
1350.63 -30.7025
1352.61 -30.4562
1354.6 -30.22
1356.58 -29.9939
1358.57 -29.778
1360.56 -29.5723
1362.55 -29.3769
1364.55 -29.1919
1366.54 -29.0174
1368.54 -28.8534
1370.54 -28.7
1372.54 -28.5572
1374.54 -28.4251
1376.55 -28.3037
1378.55 -28.1931
1380.56 -28.0933
1382.57 -28.0044
1384.58 -27.9263
1386.59 -27.8592
1388.6 -27.803
1390.61 -27.7578
1392.62 -27.7236
1394.63 -27.7003
1396.64 -27.6881
1398.65 -27.6869
1400.66 -27.6967
1402.68 -27.7176
1404.69 -27.7494
1406.7 -27.7922
1408.71 -27.8461
1410.72 -27.9109
1412.73 -27.9867
1414.74 -28.0733
1416.74 -28.1709
1418.75 -28.2793
1420.75 -28.3986
1422.76 -28.5286
1424.76 -28.6694
1426.76 -28.8209
1428.76 -28.983
1430.76 -29.1557
1432.75 -29.3389
1434.75 -29.5326
1436.74 -29.7367
1438.73 -29.9512
1440.71 -30.1759
1442.7 -30.4108
1444.68 -30.6558
1446.66 -30.9108
1448.64 -31.1758
1450.61 -31.4507
1452.58 -31.7354
1454.55 -32.0298
1456.52 -32.3338
1458.48 -32.6473
1460.44 -32.9702
1462.39 -33.3025
1464.35 -33.644
1466.3 -33.9946
1468.24 -34.3543
1470.19 -34.7229
1472.13 -35.1003
1474.06 -35.4865
1475.99 -35.8813
1477.92 -36.2846
1479.85 -36.6964
1481.77 -37.1164
1483.69 -37.5447
1485.6 -37.9811
1487.51 -38.4254
1489.41 -38.8777
1491.32 -39.3377
1493.21 -39.8054
1495.11 -40.2807
1497 -40.7634
1498.88 -41.2534
1500.76 -41.7508
1502.64 -42.2552
1504.52 -42.7667
1506.38 -43.2851
1508.25 -43.8103
1510.11 -44.3423
1511.97 -44.8808
1513.82 -45.4259
1515.67 -45.9774
1517.51 -46.5351
1519.35 -47.0991
1521.19 -47.6692
1523.02 -48.2453
1524.85 -48.8273
1526.68 -49.4151
1528.5 -50.0087
1530.31 -50.6078
1532.12 -51.2125
1533.93 -51.8226
1535.73 -52.4381
1537.53 -53.0588
1539.33 -53.6847
1541.12 -54.3157
1542.91 -54.9516
1544.69 -55.5925
1546.47 -56.2381
1548.24 -56.8885
1550.02 -57.5436
1551.78 -58.2032
1553.55 -58.8673
1555.31 -59.5358
1557.06 -60.2087
1558.81 -60.8858
1560.56 -61.5671
1562.31 -62.2525
1564.05 -62.9419
1565.78 -63.6353
1567.52 -64.3326
1569.24 -65.0337
1570.97 -65.7386
1572.69 -66.4471
1574.41 -67.1593
1576.13 -67.875
1577.84 -68.5942
1579.55 -69.3169
1581.25 -70.0429
1582.95 -69.3217
1584.66 -68.6038
1586.37 -67.8892
1588.09 -67.1781
1589.81 -66.4706
1591.53 -65.7665
1593.25 -65.0662
1594.98 -64.3695
1596.72 -63.6766
1598.45 -62.9875
1600.19 -62.3024
1601.94 -61.6212
1603.68 -60.944
1605.43 -60.271
1607.19 -59.6022
1608.95 -58.9376
1610.71 -58.2774
1612.48 -57.6216
1614.25 -56.9703
1616.02 -56.3236
1617.8 -55.6815
1619.58 -55.0441
1621.37 -54.4116
1623.16 -53.784
1624.95 -53.1614
1626.75 -52.5439
1628.55 -51.9315
1630.35 -51.3244
1632.16 -50.7226
1633.98 -50.1262
1635.8 -49.5354
1637.62 -48.9502
1639.44 -48.3707
1641.27 -47.797
1643.11 -47.2293
1644.95 -46.6675
1646.79 -46.1118
1648.64 -45.5623
1650.49 -45.0191
1652.34 -44.4823
1654.2 -43.952
1656.06 -43.4283
1657.93 -42.9113
1659.8 -42.4011
1661.68 -41.8978
1663.56 -41.4015
1665.44 -40.9124
1667.33 -40.4304
1669.22 -39.9558
1671.11 -39.4887
1673.01 -39.029
1674.91 -38.5771
1676.82 -38.1328
1678.73 -37.6964
1680.65 -37.268
1682.56 -36.8477
1684.49 -36.4356
1686.41 -36.0317
1688.34 -35.6362
1690.27 -35.2492
1692.21 -34.8708
1694.15 -34.5011
1696.09 -34.1402
1698.04 -33.7882
1699.99 -33.4452
1701.95 -33.1114
1703.9 -32.7867
1705.86 -32.4713
1707.83 -32.1653
1709.79 -31.8688
1711.76 -31.5818
1713.73 -31.3046
1715.71 -31.0371
1717.68 -30.7794
1719.66 -30.5316
1721.65 -30.2939
1723.63 -30.0662
1725.62 -29.8487
1727.61 -29.6415
1729.6 -29.4445
1731.59 -29.2579
1733.59 -29.0817
1735.59 -28.9161
1737.58 -28.761
1739.59 -28.6165
1741.59 -28.4827
1743.59 -28.3595
1745.6 -28.2472
1747.6 -28.1456
1749.61 -28.0549
1751.62 -27.9751
1753.63 -27.9062
1755.64 -27.8482
1757.65 -27.8011
1759.66 -27.765
1761.67 -27.74
1763.68 -27.7259
1765.69 -27.7228
1767.7 -27.7308
1769.71 -27.7498
1771.73 -27.7799
1773.74 -27.8209
1775.75 -27.8729
1777.76 -27.9359
1779.77 -28.0098
1781.77 -28.0946
1783.78 -28.1904
1785.79 -28.297
1787.79 -28.4144
1789.8 -28.5426
1791.8 -28.6815
1793.8 -28.8311
1795.8 -28.9914
1797.8 -29.1623
1799.79 -29.3436
1801.79 -29.5355
1803.78 -29.7378
1805.77 -29.9504
1807.75 -30.1732
1809.74 -30.4063
1811.72 -30.6495
1813.7 -30.9027
1815.68 -31.1659
1817.65 -31.439
1819.62 -31.7219
1821.59 -32.0145
1823.56 -32.3167
1825.52 -32.6284
1827.48 -32.9496
1829.44 -33.2801
1831.39 -33.6198
1833.34 -33.9687
1835.29 -34.3267
1837.23 -34.6936
1839.17 -35.0693
1841.11 -35.4538
1843.04 -35.847
1844.97 -36.2486
1846.89 -36.6587
1848.82 -37.0772
1850.73 -37.5038
1852.65 -37.9386
1854.56 -38.3813
1856.46 -38.832
1858.37 -39.2904
1860.26 -39.7566
1862.16 -40.2303
1864.05 -40.7115
1865.94 -41.2001
1867.82 -41.6959
1869.7 -42.1988
1871.57 -42.7088
1873.44 -43.2258
1875.31 -43.7496
1877.17 -44.2801
1879.03 -44.8172
1880.88 -45.3609
1882.73 -45.911
1884.57 -46.4674
1886.42 -47.0301
1888.25 -47.5988
1890.09 -48.1736
1891.91 -48.7543
1893.74 -49.3408
1895.56 -49.9331
1897.38 -50.531
1899.19 -51.1344
1901 -51.7433
1902.8 -52.3576
1904.6 -52.9771
1906.4 -53.6018
1908.19 -54.2316
1909.98 -54.8663
1911.76 -55.506
1913.54 -56.1506
1915.32 -56.7999
1917.09 -57.4538
1918.86 -58.1123
1920.62 -58.7753
1922.38 -59.4428
1924.14 -60.1146
1925.89 -60.7907
1927.64 -61.4709
1929.38 -62.1553
1931.12 -62.8437
1932.86 -63.5361
1934.6 -64.2324
1936.33 -64.9326
1938.05 -65.6365
1939.77 -66.3441
1941.49 -67.0553
1943.21 -67.7701
1944.92 -68.4884
1946.63 -69.2101
1948.34 -69.9353
1950.04 -70.6637
1951.74 -71.3954
1953.43 -72.1303
1955.12 -72.8683
1956.81 -73.6095
1958.49 -74.3536
1960.18 -75.1007
1961.85 -75.8508
1963.53 -76.6037
1965.2 -77.3594
1966.87 -78.1179
1968.54 -78.8791
1970.2 -79.643
1971.86 -80.4095
1973.51 -81.1785
1975.17 -81.9501
1976.82 -82.7242
1978.47 -83.5007
1980.11 -84.2796
1981.75 -85.0609
1983.39 -85.8444
1985.03 -86.6303
1986.66 -87.4183
1988.29 -88.2085
1989.92 -89.0009
1991.55 -89.7954
1993.17 -90.592
1994.79 -91.3906
1996.41 -92.1912
1998.02 -92.9937
1999.63 -93.7982
2001.24 -94.6046
2002.85 -95.4129
2004.45 -96.2229
2006.06 -97.0348
2007.66 -97.8484
2009.25 -98.6638
2010.85 -99.4809
2012.44 -100.3
2014.03 -101.12
2015.62 -101.942
2017.21 -102.766
2018.79 -103.591
2020.37 -104.417
2021.95 -105.246
2023.53 -106.075
2025.1 -106.906
2026.68 -107.739
2028.25 -108.573
2029.82 -109.408
2031.38 -110.245
2032.95 -111.083
2034.51 -111.922
2036.07 -112.763
2037.63 -113.605
2039.19 -114.448
2040.74 -115.293
2042.3 -116.138
2043.85 -116.985
2045.4 -117.833
2046.95 -118.682
2048.49 -119.532
2050.04 -120.383
2051.58 -121.236
2053.12 -122.089
2054.66 -122.944
2056.2 -123.799
2057.74 -124.656
2059.27 -125.514
2060.8 -126.372
2062.33 -127.232
2063.86 -128.092
2065.39 -128.954
2066.92 -129.816
2068.44 -130.679
2069.97 -131.543
2071.49 -132.408
2073.01 -133.274
2074.53 -134.141
2076.05 -135.008
2077.56 -135.877
2079.08 -136.746
2080.59 -137.616
2082.11 -138.487
2083.62 -139.358
2085.13 -140.23
2086.63 -141.104
2088.14 -141.977
2089.65 -142.852
2091.15 -143.727
2092.66 -144.603
2094.16 -145.479
2095.66 -146.357
2097.16 -147.235
2098.66 -148.113
2100.16 -148.992
2101.65 -149.872
2103.15 -150.753
2104.64 -151.634
2106.13 -152.516
2107.63 -153.398
2109.12 -154.281
2110.61 -155.164
2112.1 -156.048
2113.58 -156.933
2115.07 -157.818
2116.56 -158.704
2118.04 -159.59
2119.53 -160.477
2121.01 -161.364
2122.49 -162.252
2123.97 -163.14
2125.45 -164.029
2126.93 -164.918
2128.41 -165.808
2129.89 -166.698
2131.36 -167.589
2132.84 -168.48
2134.31 -169.372
2135.79 -170.264
2137.26 -171.156
2138.73 -172.049
2140.2 -172.943
2141.67 -173.836
2143.14 -174.731
2144.61 -175.625
2146.08 -176.52
2147.55 -177.416
2149.02 -178.311
2150.48 -179.208
2151.95 -180.104
2153.41 -181.001
2154.88 -181.898
2156.34 -182.796
2157.8 -183.694
2159.26 -184.592
2160.72 -185.491
2162.18 -186.39
2163.64 -187.289
2165.1 -188.189
2166.56 -189.089
2168.02 -189.989
2169.48 -190.89
2170.93 -191.791
2172.39 -192.692
2173.84 -193.594
2175.3 -194.496
2176.75 -195.398
2178.21 -196.3
2179.66 -197.203
2181.11 -198.106
2182.56 -199.009
2184.01 -199.913
2185.46 -200.817
2186.91 -201.721
2188.36 -202.625
2189.81 -203.53
2191.26 -204.435
2192.71 -205.34
2194.16 -206.245
2195.6 -207.151
2197.05 -208.057
2198.5 -208.963
2199.94 -209.869
2201.39 -210.776
2202.83 -211.683
2204.28 -212.59
2205.72 -213.497
2207.16 -214.404
2208.6 -215.312
2210.05 -216.22
2211.49 -217.128
2212.93 -218.036
2214.37 -218.945
2215.81 -219.854
2217.25 -220.762
2218.69 -221.672
2220.13 -222.581
2221.57 -223.49
2223.01 -224.4
2224.45 -225.31
2225.89 -226.22
2227.32 -227.13
2228.76 -228.04
2230.2 -228.951
2231.63 -229.862
2233.07 -230.772
2234.51 -231.683
2235.94 -232.595
2237.38 -233.506
2238.81 -234.418
2240.24 -235.329
2241.68 -236.241
2243.11 -237.153
2244.55 -238.065
2245.98 -238.978
2247.41 -239.89
2248.84 -240.803
2250.28 -241.715
2251.71 -242.628
2253.14 -243.541
2254.57 -244.454
2256 -245.368
2257.43 -246.281
2258.86 -247.195
2260.29 -248.108
2261.72 -249.022
2263.15 -249.936
2264.58 -250.85
2266.01 -251.764
2267.44 -252.678
2268.87 -253.593
2270.29 -254.507
2271.72 -255.422
2273.15 -256.337
2274.58 -257.252
2276.01 -258.167
2277.43 -259.082
2278.86 -259.997
2280.29 -260.912
2281.71 -261.828
2283.14 -262.743
2284.56 -263.659
2285.99 -264.575
2287.41 -265.49
2288.84 -266.406
2290.26 -267.322
2291.69 -268.238
2293.11 -269.155
2294.54 -270.071
2295.96 -270.987
2297.39 -271.904
2298.81 -272.82
2300.23 -273.737
2301.66 -274.654
2303.08 -275.571
2304.5 -276.488
2305.93 -277.405
2307.35 -278.322
2308.77 -279.239
2310.19 -280.156
2311.61 -281.074
2313.04 -281.991
2314.46 -282.908
2315.88 -283.826
2317.3 -284.744
2318.72 -285.661
2320.14 -286.579
2321.56 -287.497
2322.99 -288.415
2324.41 -289.333
2325.83 -290.251
2327.25 -291.169
2328.67 -292.087
2330.09 -293.006
2331.51 -293.924
2332.93 -294.842
2334.35 -295.761
2335.77 -296.679
2337.18 -297.598
2338.6 -298.517
2340.02 -299.435
2341.44 -300.354
2342.86 -301.273
2344.28 -302.192
2345.7 -303.111
2347.12 -304.03
2348.53 -304.949
2349.95 -305.868
2351.37 -306.787
2352.79 -307.706
2354.21 -308.626
2355.62 -309.545
2357.04 -310.465
2358.46 -311.384
2359.88 -312.303
2361.29 -313.223
2362.71 -314.143
2364.13 -315.062
2365.54 -315.982
2366.96 -316.902
2368.38 -317.821
2369.79 -318.741
2371.21 -319.661
2372.63 -320.581
2374.04 -321.501
2375.46 -322.421
2376.87 -323.341
2378.29 -324.261
2379.71 -325.181
2381.12 -326.101
2382.54 -327.022
2383.95 -327.942
2385.37 -328.862
2386.78 -329.782
2388.2 -330.703
2389.61 -331.623
2391.03 -332.544
2392.44 -333.464
2393.86 -334.385
2395.27 -335.305
2396.69 -336.226
2398.1 -337.146
2399.52 -338.067
2400.93 -338.988
2402.35 -339.909
2403.76 -340.829
2405.18 -341.75
2406.59 -342.671
2408 -343.592
2409.42 -344.513
2410.83 -345.434
2412.25 -346.355
2413.66 -347.276
2415.07 -348.197
2416.49 -349.118
2417.9 -350.039
2419.31 -350.96
2420.73 -351.881
2422.14 -352.802
2423.56 -353.723
2424.97 -354.645
2426.38 -355.566
2427.8 -356.487
2429.21 -357.408
2430.62 -358.33
2432.03 -359.251
2433.45 -360.172
2434.86 -361.094
2436.27 -362.015
2437.69 -362.937
2439.1 -363.858
2440.51 -364.78
2441.92 -365.701
2443.34 -366.623
2444.75 -367.544
2446.16 -368.466
2447.57 -369.388
2448.99 -370.309
2450.4 -371.231
2451.81 -372.153
2453.22 -373.074
2454.64 -373.996
2456.05 -374.918
2457.46 -375.839
2458.87 -376.761
2460.29 -377.683
2461.7 -378.605
2463.11 -379.527
2464.52 -380.449
2465.93 -381.37
2467.34 -382.292
2468.76 -383.214
2470.17 -384.136
2471.58 -385.058
2472.99 -385.98
2474.4 -386.902
2475.81 -387.824
2477.23 -388.746
2478.64 -389.668
2480.05 -390.59
2481.46 -391.512
2482.87 -392.434
2484.28 -393.356
2485.7 -394.279
2487.11 -395.201
2488.52 -396.123
2489.93 -397.045
2491.34 -397.967
2492.75 -398.889
2494.16 -399.812
2495.57 -400.734
2496.98 -401.656
2498.4 -402.578
2499.81 -403.5
2501.22 -404.423
2502.63 -405.345
2504.04 -406.267
2505.45 -407.19
2506.86 -408.112
2508.27 -409.034
2509.68 -409.957
2511.09 -410.879
2512.5 -411.801
2513.91 -412.724
2515.33 -413.646
2516.74 -414.569
2518.15 -415.491
2519.56 -416.413
2520.97 -417.336
2522.38 -418.258
2523.79 -419.181
2525.2 -420.103
2526.61 -421.026
2528.02 -421.948
2529.43 -422.871
2530.84 -423.793
2532.25 -424.716
2533.66 -425.638
2535.07 -426.561
2536.48 -427.484
2537.89 -428.406
2539.3 -429.329
2540.71 -430.251
2542.12 -431.174
2543.53 -432.097
2544.94 -433.019
2546.35 -433.942
2547.76 -434.864
2549.17 -435.787
2550.58 -436.71
2551.99 -437.632
2553.4 -438.555
2554.81 -439.478
2556.22 -440.4
2557.63 -441.323
2559.04 -442.246
2560.45 -443.169
2561.86 -444.091
2563.27 -445.014
2564.68 -445.937
2566.09 -446.859
2567.5 -447.782
2568.91 -448.705
2570.32 -449.628
2571.73 -450.551
2573.14 -451.473
2574.55 -452.396
2575.96 -453.319
2577.37 -454.242
2578.78 -455.165
2580.19 -456.087
2581.6 -457.01
2583.01 -457.933
2584.42 -458.856
2585.83 -459.779
2587.24 -460.702
2588.65 -461.624
2590.06 -462.547
2591.47 -463.47
2592.88 -464.393
2594.29 -465.316
2595.7 -466.239
2597.11 -467.162
2598.52 -468.084
2599.93 -469.007
2601.34 -469.93
2602.75 -470.853
2604.16 -471.776
2605.57 -472.699
2606.97 -473.622
2608.38 -474.545
2609.79 -475.468
2611.2 -476.391
2612.61 -477.314
2614.02 -478.237
2615.43 -479.16
2616.84 -480.082
2618.25 -481.005
2619.66 -481.928
2621.07 -482.851
2622.48 -483.774
2623.89 -484.697
2625.3 -485.62
2626.71 -486.543
2628.12 -487.466
2629.53 -488.389
2630.94 -489.312
2632.34 -490.235
2633.75 -491.158
2635.16 -492.081
2636.57 -493.004
2637.98 -493.927
2639.39 -494.85
2640.8 -495.773
2642.21 -496.696
2643.62 -497.62
2645.03 -498.543
2646.44 -499.466
2647.85 -500.389
2649.25 -501.312
2650.66 -502.235
2652.07 -503.158
2653.48 -504.081
2654.89 -505.004
2656.3 -505.927
2657.71 -506.85
2659.12 -507.773
2660.53 -508.696
2661.94 -509.619
2663.35 -510.542
2664.76 -511.465
2666.16 -512.388
2667.57 -513.312
2668.98 -514.235
2670.39 -515.158
2671.8 -516.081
2673.21 -517.004
2674.62 -517.927
2676.03 -518.85
2677.44 -519.773
2678.85 -520.696
2680.26 -521.619
2681.66 -522.543
2683.07 -523.466
2684.48 -524.389
2685.89 -525.312
2687.3 -526.235
2688.71 -527.158
2690.12 -528.081
2691.53 -529.004
2692.94 -529.928
2694.35 -530.851
2695.75 -531.774
2697.16 -532.697
2698.57 -533.62
2699.98 -534.543
2701.39 -535.467
2702.8 -536.39
2704.21 -537.313
2705.62 -538.236
2707.03 -539.159
2708.43 -540.082
2709.84 -541.005
2711.25 -541.929
2712.66 -542.852
2714.07 -543.775
2715.48 -544.698
2716.89 -545.621
2718.3 -546.544
2719.71 -547.468
2721.11 -548.391
2722.52 -549.314
2723.93 -550.237
2725.34 -551.16
2726.75 -552.083
2728.16 -553.007
2729.57 -553.93
2730.98 -554.853
2732.39 -555.776
2733.8 -556.699
2735.2 -557.623
2736.61 -558.546
2738.02 -559.469
2739.43 -560.392
2740.84 -561.315
2742.25 -562.239
2743.66 -563.162
2745.07 -564.085
2746.48 -565.008
2747.88 -565.932
2749.29 -566.855
2750.7 -567.778
2752.11 -568.701
2753.52 -569.624
2754.93 -570.548
2756.34 -571.471
2757.75 -572.394
2759.16 -573.317
2760.56 -574.241
2761.97 -575.164
2763.38 -576.087
2764.79 -577.01
2766.2 -577.933
2767.61 -578.857
2769.02 -579.78
2770.43 -580.703
2771.83 -581.626
2773.24 -582.549
2774.65 -583.473
2776.06 -584.396
2777.47 -585.319
2778.88 -586.242
2780.29 -587.166
2781.69 -588.089
2783.1 -589.012
2784.51 -589.935
2785.92 -590.858
2787.33 -591.782
2788.74 -592.705
2790.15 -593.628
2791.56 -594.551
2792.96 -595.475
2794.37 -596.398
2795.78 -597.321
2797.19 -598.244
2798.6 -599.167
2800.01 -600.091
2801.42 -601.014
2802.83 -601.937
2804.23 -602.861
2805.64 -603.784
2807.05 -604.707
2808.46 -605.63
2809.87 -606.554
2811.28 -607.477
2812.69 -608.4
2814.09 -609.323
2815.5 -610.247
2816.91 -611.17
2818.32 -612.093
2819.73 -613.017
2821.14 -613.94
2822.55 -614.863
2823.96 -615.786
2825.36 -616.71
2826.77 -617.633
2828.18 -618.556
2829.59 -619.48
2831 -620.403
2832.41 -621.326
2833.82 -622.249
2835.23 -623.173
2836.63 -624.096
2838.04 -625.019
2839.45 -625.943
2840.86 -626.866
2842.27 -627.789
2843.68 -628.712
2845.09 -629.636
2846.49 -630.559
2847.9 -631.482
2849.31 -632.405
2850.72 -633.329
2852.13 -634.252
2853.54 -635.175
2854.95 -636.099
2856.36 -637.022
2857.76 -637.945
2859.17 -638.868
2860.58 -639.792
2861.99 -640.715
2863.4 -641.638
2864.81 -642.562
2866.22 -643.485
2867.62 -644.408
2869.03 -645.331
2870.44 -646.255
2871.85 -647.178
2873.26 -648.101
2874.67 -649.024
2876.08 -649.948
2877.49 -650.871
2878.89 -651.794
2880.3 -652.718
2881.71 -653.641
2883.12 -654.564
2884.53 -655.487
2885.94 -656.411
2887.35 -657.334
2888.76 -658.257
2890.16 -659.181
2891.57 -660.104
2892.98 -661.027
2894.39 -661.95
2895.8 -662.874
2897.21 -663.797
2898.62 -664.72
2900.02 -665.643
2901.43 -666.567
2902.84 -667.49
2904.25 -668.413
2905.66 -669.337
2907.07 -670.26
2908.48 -671.183
2909.89 -672.106
2911.29 -673.03
2912.7 -673.953
2914.11 -674.876
2915.52 -675.8
2916.93 -676.723
2918.34 -677.646
2919.75 -678.569
2921.16 -679.493
2922.56 -680.416
2923.97 -681.339
2925.38 -682.263
2926.79 -683.186
2928.2 -684.109
2929.61 -685.032
2931.02 -685.956
2932.42 -686.879
2933.83 -687.802
2935.24 -688.725
2936.65 -689.649
2938.06 -690.572
2939.47 -691.495
2940.88 -692.419
2942.29 -693.342
2943.69 -694.265
2945.1 -695.188
2946.51 -696.112
2947.92 -697.035
2949.33 -697.958
2950.74 -698.882
2952.15 -699.805
2953.56 -700.728
2954.96 -701.651
2956.37 -702.575
2957.78 -703.498
2959.19 -704.421
2960.6 -705.344
2962.01 -706.268
2963.42 -707.191
2964.82 -708.114
2966.23 -709.038
2967.64 -709.961
2969.05 -710.884
2970.46 -711.807
2971.87 -712.731
2973.28 -713.654
2974.69 -714.577
2976.09 -715.501
2977.5 -716.424
2978.91 -717.347
2980.32 -718.27
2981.73 -719.194
2983.14 -720.117
2984.55 -721.04
2985.96 -721.964
2987.36 -722.887
2988.77 -723.81
2990.18 -724.733
2991.59 -725.657
2993 -726.58
2994.41 -727.503
2995.82 -728.426
2997.22 -729.35
2998.63 -730.273
3000.04 -731.196
3001.45 -732.12
3002.86 -733.043
3004.27 -733.966
3005.68 -734.889
3007.09 -735.813
3008.49 -736.736
3009.9 -737.659
3011.31 -738.583
3012.72 -739.506
3014.13 -740.429
3015.54 -741.352
3016.95 -742.276
3018.35 -743.199
3019.76 -744.122
3021.17 -745.045
3022.58 -745.969
3023.99 -746.892
3025.4 -747.815
3026.81 -748.739
3028.22 -749.662
3029.62 -750.585
3031.03 -751.508
3032.44 -752.432
3033.85 -753.355
3035.26 -754.278
3036.67 -755.202
3038.08 -756.125
3039.49 -757.048
3040.89 -757.971
3042.3 -758.895
3043.71 -759.818
3045.12 -760.741
3046.53 -761.664
3047.94 -762.588
3049.35 -763.511
3050.75 -764.434
3052.16 -765.358
3053.57 -766.281
3054.98 -767.204
3056.39 -768.127
3057.8 -769.051
3059.21 -769.974
3060.62 -770.897
3062.02 -771.821
3063.43 -772.744
3064.84 -773.667
3066.25 -774.591
3067.66 -775.514
3069.07 -776.437
3070.48 -777.361
3071.89 -778.284
3073.29 -779.207
3074.7 -780.131
3076.11 -781.054
3077.52 -781.977
3078.93 -782.901
3080.34 -783.824
3081.75 -784.747
3083.15 -785.671
3084.56 -786.594
3085.97 -787.517
3087.38 -788.441
3088.79 -789.364
3090.2 -790.287
3091.61 -791.211
3093.02 -792.134
3094.42 -793.057
3095.83 -793.981
3097.24 -794.904
3098.65 -795.827
3100.06 -796.751
3101.47 -797.674
3102.88 -798.597
3104.29 -799.521
3105.69 -800.444
3107.1 -801.367
3108.51 -802.291
3109.92 -803.214
3111.33 -804.137
3112.74 -805.061
3114.15 -805.984
3115.55 -806.907
3116.96 -807.831
3118.37 -808.754
3119.78 -809.677
3121.19 -810.601
3122.6 -811.524
3124.01 -812.447
3125.42 -813.371
3126.82 -814.294
3128.23 -815.217
3129.64 -816.141
3131.05 -817.064
3132.46 -817.987
3133.87 -818.911
3135.28 -819.834
3136.69 -820.758
3138.09 -821.681
3139.5 -822.604
3140.91 -823.528
3142.32 -824.451
3143.73 -825.374
3145.14 -826.298
3146.55 -827.221
3147.95 -828.144
3149.36 -829.068
3150.77 -829.991
3152.18 -830.914
3153.59 -831.838
3155 -832.761
3156.41 -833.684
3157.82 -834.608
3159.22 -835.531
3160.63 -836.454
3162.04 -837.378
3163.45 -838.301
3164.86 -839.224
3166.27 -840.148
3167.68 -841.071
3169.08 -841.994
3170.49 -842.918
3171.9 -843.841
3173.31 -844.764
3174.72 -845.688
3176.13 -846.611
3177.54 -847.534
3178.95 -848.458
3180.35 -849.381
3181.76 -850.304
3183.17 -851.228
3184.58 -852.151
3185.99 -853.074
3187.4 -853.998
3188.81 -854.921
3190.22 -855.844
3191.62 -856.768
3193.03 -857.691
3194.44 -858.614
3195.85 -859.538
3197.26 -860.461
3198.67 -861.384
3200.08 -862.308
3201.48 -863.231
3202.89 -864.154
3204.3 -865.078
3205.71 -866.001
3207.12 -866.924
3208.53 -867.848
3209.94 -868.771
3211.35 -869.695
3212.75 -870.618
3214.16 -871.541
3215.57 -872.465
3216.98 -873.388
3218.39 -874.311
3219.8 -875.235
3221.21 -876.158
3222.62 -877.081
3224.02 -878.005
3225.43 -878.928
3226.84 -879.851
3228.25 -880.775
3229.66 -881.698
3231.07 -882.621
3232.48 -883.545
3233.88 -884.468
3235.29 -885.391
3236.7 -886.315
3238.11 -887.238
3239.52 -888.161
3240.93 -889.085
3242.34 -890.008
3243.75 -890.931
3245.15 -891.855
3246.56 -892.778
3247.97 -893.701
3249.38 -894.625
3250.79 -895.548
3252.2 -896.471
3253.61 -897.395
3255.02 -898.318
3256.42 -899.241
3257.83 -900.165
3259.24 -901.088
3260.65 -902.011
3262.06 -902.935
3263.47 -903.858
3264.88 -904.781
3266.28 -905.705
3267.69 -906.628
3269.1 -907.551
3270.51 -908.475
3271.92 -909.398
3273.33 -910.321
3274.74 -911.245
3276.15 -912.168
3277.55 -913.091
3278.96 -914.015
3280.37 -914.938
3281.78 -915.862
3283.19 -916.785
3284.6 -917.708
3286.01 -918.632
3287.42 -919.555
3288.82 -920.478
3290.23 -921.402
3291.64 -922.325
3293.05 -923.248
3294.46 -924.172
3295.87 -925.095
3297.28 -926.018
3298.68 -926.942
3300.09 -927.865
3301.5 -928.788
3302.91 -929.712
3304.32 -930.635
3305.73 -931.558
3307.14 -932.482
3308.55 -933.405
3309.95 -934.328
3311.36 -935.252
3312.77 -936.175
3314.18 -937.098
3315.59 -938.022
