250 -600
251.507 -599.248
253.015 -598.497
254.522 -597.745
256.029 -596.994
257.537 -596.242
259.044 -595.491
260.551 -594.739
262.059 -593.988
263.566 -593.236
265.074 -592.485
266.581 -591.733
268.088 -590.982
269.596 -590.23
271.103 -589.479
272.611 -588.727
274.118 -587.976
275.625 -587.224
277.133 -586.473
278.64 -585.721
280.147 -584.969
281.655 -584.218
283.162 -583.466
284.67 -582.715
286.177 -581.963
287.684 -581.212
289.192 -580.46
290.699 -579.709
292.207 -578.957
293.714 -578.206
295.221 -577.454
296.729 -576.703
298.236 -575.951
299.744 -575.2
301.251 -574.448
302.759 -573.697
304.266 -572.945
305.773 -572.194
307.281 -571.443
308.788 -570.691
310.296 -569.94
311.803 -569.188
313.311 -568.437
314.818 -567.685
316.326 -566.934
317.833 -566.182
319.34 -565.431
320.848 -564.679
322.355 -563.928
323.863 -563.176
325.37 -562.425
326.878 -561.674
328.385 -560.922
329.893 -560.171
331.4 -559.419
332.908 -558.668
334.415 -557.916
335.923 -557.165
337.43 -556.413
338.938 -555.662
340.445 -554.91
341.953 -554.159
343.46 -553.408
344.968 -552.656
346.475 -551.905
347.983 -551.153
349.49 -550.402
350.998 -549.651
352.505 -548.899
354.013 -548.148
355.52 -547.396
357.028 -546.645
358.535 -545.894
360.043 -545.142
361.55 -544.391
363.058 -543.639
364.565 -542.888
366.073 -542.137
367.581 -541.385
369.088 -540.634
370.596 -539.882
372.103 -539.131
373.611 -538.38
375.118 -537.628
376.626 -536.877
378.134 -536.126
379.641 -535.374
381.149 -534.623
382.656 -533.872
384.164 -533.12
385.672 -532.369
387.179 -531.617
388.687 -530.866
390.194 -530.115
391.702 -529.363
393.21 -528.612
394.717 -527.861
396.225 -527.109
397.733 -526.358
399.24 -525.607
400.748 -524.855
402.256 -524.104
403.763 -523.353
405.271 -522.602
406.779 -521.85
408.286 -521.099
409.794 -520.348
411.302 -519.596
412.809 -518.845
414.317 -518.094
415.825 -517.343
417.332 -516.591
418.84 -515.84
420.348 -515.089
421.856 -514.337
423.363 -513.586
424.871 -512.835
426.379 -512.084
427.887 -511.332
429.394 -510.581
430.902 -509.83
432.41 -509.079
433.918 -508.328
435.425 -507.576
436.933 -506.825
438.441 -506.074
439.949 -505.323
441.457 -504.572
442.964 -503.82
444.472 -503.069
445.98 -502.318
447.488 -501.567
448.996 -500.816
450.504 -500.064
452.011 -499.313
453.519 -498.562
455.027 -497.811
456.535 -497.06
458.043 -496.309
459.551 -495.558
461.059 -494.806
462.566 -494.055
464.074 -493.304
465.582 -492.553
467.09 -491.802
468.598 -491.051
470.106 -490.3
471.614 -489.549
473.122 -488.798
474.63 -488.046
476.138 -487.295
477.646 -486.544
479.154 -485.793
480.662 -485.042
482.17 -484.291
483.678 -483.54
485.186 -482.789
486.694 -482.038
488.202 -481.287
489.71 -480.536
491.218 -479.785
492.726 -479.034
494.234 -478.283
495.742 -477.532
497.25 -476.781
498.759 -476.03
500.267 -475.279
501.775 -474.528
503.283 -473.777
504.791 -473.026
506.299 -472.275
507.807 -471.524
509.316 -470.773
510.824 -470.023
512.332 -469.272
513.84 -468.521
515.348 -467.77
516.857 -467.019
518.365 -466.268
519.873 -465.517
521.381 -464.766
522.89 -464.016
524.398 -463.265
525.906 -462.514
527.415 -461.763
528.923 -461.012
530.431 -460.261
531.94 -459.511
533.448 -458.76
534.956 -458.009
536.465 -457.258
537.973 -456.508
539.481 -455.757
540.99 -455.006
542.498 -454.255
544.007 -453.505
545.515 -452.754
547.024 -452.003
548.532 -451.253
550.041 -450.502
551.549 -449.751
553.058 -449.001
554.566 -448.25
556.075 -447.499
557.583 -446.749
559.092 -445.998
560.601 -445.248
562.109 -444.497
563.618 -443.746
565.126 -442.996
566.635 -442.245
568.144 -441.495
569.652 -440.744
571.161 -439.994
572.67 -439.243
574.179 -438.493
575.687 -437.742
577.196 -436.992
578.705 -436.241
580.214 -435.491
581.723 -434.74
583.231 -433.99
584.74 -433.24
586.249 -432.489
587.758 -431.739
589.267 -430.988
590.776 -430.238
592.285 -429.488
593.794 -428.737
595.303 -427.987
596.812 -427.237
598.321 -426.486
599.83 -425.736
601.339 -424.986
602.848 -424.236
604.357 -423.486
605.866 -422.735
607.375 -421.985
608.884 -421.235
610.394 -420.485
611.903 -419.735
613.412 -418.984
614.921 -418.234
616.43 -417.484
617.94 -416.734
619.449 -415.984
620.958 -415.234
622.468 -414.484
623.977 -413.734
625.487 -412.984
626.996 -412.234
628.505 -411.484
630.015 -410.734
631.524 -409.984
633.034 -409.234
634.543 -408.484
636.053 -407.735
637.563 -406.985
639.072 -406.235
640.582 -405.485
642.092 -404.735
643.601 -403.986
645.111 -403.236
646.621 -402.486
648.13 -401.736
649.64 -400.987
651.15 -400.237
652.66 -399.487
654.17 -398.738
655.68 -397.988
657.19 -397.239
658.7 -396.489
660.21 -395.74
661.72 -394.99
663.23 -394.241
664.74 -393.491
666.25 -392.742
667.76 -391.992
669.27 -391.243
670.781 -390.493
672.291 -389.744
673.801 -388.995
675.311 -388.245
676.822 -387.496
678.332 -386.747
679.843 -385.998
681.353 -385.249
682.863 -384.499
684.374 -383.75
685.885 -383.001
687.395 -382.252
688.906 -381.503
690.416 -380.754
691.927 -380.005
693.438 -379.256
694.949 -378.507
696.459 -377.758
697.97 -377.009
699.481 -376.26
700.992 -375.511
702.503 -374.763
704.014 -374.014
705.525 -373.265
707.036 -372.516
708.547 -371.768
710.059 -371.019
711.57 -370.27
713.081 -369.522
714.592 -368.773
716.104 -368.025
717.615 -367.276
719.126 -366.528
720.638 -365.779
722.149 -365.031
723.661 -364.283
725.173 -363.534
726.684 -362.786
728.196 -362.038
729.708 -361.29
731.22 -360.542
732.731 -359.793
734.243 -359.045
735.755 -358.297
737.267 -357.549
738.779 -356.801
740.291 -356.053
741.804 -355.305
743.316 -354.558
744.828 -353.81
746.34 -353.062
747.853 -352.314
749.365 -351.566
750.878 -350.819
752.39 -350.071
753.903 -349.324
755.415 -348.576
756.928 -347.829
758.441 -347.081
759.954 -346.334
761.466 -345.587
762.979 -344.839
764.492 -344.092
766.005 -343.345
767.519 -342.598
769.032 -341.85
770.545 -341.103
772.058 -340.356
773.572 -339.609
775.085 -338.863
776.599 -338.116
778.112 -337.369
779.626 -336.622
781.139 -335.875
782.653 -335.129
784.167 -334.382
785.681 -333.636
787.195 -332.889
788.709 -332.143
790.223 -331.396
791.737 -330.65
793.252 -329.904
794.766 -329.157
796.28 -328.411
797.795 -327.665
799.31 -326.919
800.824 -326.173
802.339 -325.427
803.854 -324.681
805.369 -323.936
806.884 -323.19
808.399 -322.444
809.914 -321.699
811.429 -320.953
812.944 -320.208
814.46 -319.462
815.975 -318.717
817.491 -317.972
819.006 -317.226
820.522 -316.481
822.038 -315.736
823.554 -314.991
825.07 -314.246
826.586 -313.501
828.102 -312.757
829.619 -312.012
831.135 -311.267
832.651 -310.523
834.168 -309.778
835.685 -309.034
837.202 -308.289
838.718 -307.545
840.235 -306.801
841.753 -306.057
843.27 -305.313
844.787 -304.569
846.304 -303.825
847.822 -303.081
849.34 -302.338
850.857 -301.594
852.375 -300.851
853.893 -300.107
855.411 -299.364
856.929 -298.621
858.448 -297.877
859.966 -297.134
861.485 -296.391
863.003 -295.648
864.522 -294.906
866.041 -294.163
867.56 -293.42
869.079 -292.678
870.599 -291.935
872.118 -291.193
873.638 -290.451
875.157 -289.709
876.677 -288.967
878.197 -288.225
879.717 -287.483
881.237 -286.741
882.757 -286
884.278 -285.258
885.799 -284.517
887.319 -283.776
888.84 -283.035
890.361 -282.294
891.882 -281.553
893.404 -280.812
894.925 -280.071
896.447 -279.331
897.969 -278.59
899.49 -277.85
901.013 -277.11
902.535 -276.37
904.057 -275.63
905.58 -274.89
907.102 -274.15
908.625 -273.41
910.148 -272.671
911.672 -271.932
913.195 -271.192
914.719 -270.453
916.242 -269.715
917.766 -268.976
919.29 -268.237
920.815 -267.499
922.339 -266.76
923.864 -266.022
925.388 -265.284
926.913 -264.546
928.438 -263.808
929.964 -263.071
931.489 -262.333
933.015 -261.596
934.541 -260.859
936.067 -260.122
937.593 -259.385
939.12 -258.648
940.647 -257.911
942.174 -257.175
943.701 -256.439
945.228 -255.703
946.756 -254.967
948.283 -254.231
949.811 -253.496
951.34 -252.76
952.868 -252.025
954.397 -251.29
955.925 -250.555
957.455 -249.821
958.984 -249.086
960.513 -248.352
962.043 -247.618
963.573 -246.884
965.104 -246.15
966.634 -245.417
968.165 -244.683
969.696 -243.95
971.227 -243.217
972.759 -242.484
974.29 -241.752
975.822 -241.02
977.355 -240.288
978.887 -239.556
980.42 -238.824
981.953 -238.092
983.486 -237.361
985.02 -236.63
986.554 -235.899
988.088 -235.169
989.622 -234.438
991.157 -233.708
992.692 -232.978
994.227 -232.249
995.763 -231.519
997.299 -230.79
998.835 -230.061
1000.37 -229.333
1001.91 -228.604
1003.45 -227.876
1004.98 -227.148
1006.52 -226.42
1008.06 -225.693
1009.6 -224.966
1011.14 -224.239
1012.67 -223.512
1014.21 -222.786
1015.75 -222.06
1017.29 -221.334
1018.83 -220.609
1020.37 -219.883
1021.92 -219.159
1023.46 -218.434
1025 -217.71
1026.54 -216.985
1028.08 -216.262
1029.63 -215.538
1031.17 -214.815
1032.71 -214.092
1034.26 -213.37
1035.8 -212.648
1037.35 -211.926
1038.89 -211.204
1040.44 -210.483
1041.98 -209.762
1043.53 -209.041
1045.08 -208.321
1046.62 -207.601
1048.17 -206.882
1049.72 -206.163
1051.27 -205.444
1052.82 -204.725
1054.36 -204.007
1055.91 -203.29
1057.46 -202.572
1059.01 -201.855
1060.57 -201.139
1062.12 -200.422
1063.67 -199.707
1065.22 -198.991
1066.77 -198.276
1068.33 -197.561
1069.88 -196.847
1071.43 -196.133
1072.99 -195.42
1074.54 -194.707
1076.1 -193.994
1077.66 -193.282
1079.21 -192.571
1080.77 -191.859
1082.33 -191.148
1083.89 -190.438
1085.45 -189.728
1087 -189.019
1088.56 -188.31
1090.12 -187.601
1091.69 -186.893
1093.25 -186.186
1094.81 -185.479
1096.37 -184.772
1097.93 -184.066
1099.5 -183.36
1101.06 -182.655
1102.63 -181.951
1104.19 -181.247
1105.76 -180.543
1107.33 -179.84
1108.89 -179.138
1110.46 -178.436
1112.03 -177.734
1113.6 -177.034
1115.17 -176.333
1116.74 -175.634
1118.31 -174.935
1119.88 -174.236
1121.45 -173.538
1123.03 -172.841
1124.6 -172.144
1126.17 -171.448
1127.75 -170.753
1129.32 -170.058
1130.9 -169.364
1132.48 -168.67
1134.06 -167.977
1135.63 -167.285
1137.21 -166.593
1138.79 -165.902
1140.37 -165.212
1141.96 -164.522
1143.54 -163.834
1145.12 -163.145
1146.7 -162.458
1148.29 -161.771
1149.87 -161.085
1151.46 -160.4
1153.05 -159.715
1154.63 -159.031
1156.22 -158.348
1157.81 -157.666
1159.4 -156.985
1160.99 -156.304
1162.58 -155.624
1164.18 -154.945
1165.77 -154.267
1167.36 -153.589
1168.96 -152.912
1170.56 -152.237
1172.15 -151.562
1173.75 -150.888
1175.35 -150.214
1176.95 -149.542
1178.55 -148.871
1180.15 -148.2
1181.75 -147.531
1183.35 -146.862
1184.96 -146.194
1186.56 -145.527
1188.17 -144.862
1189.78 -144.197
1191.39 -143.533
1192.99 -142.87
1194.6 -142.208
1196.22 -141.547
1197.83 -140.887
1199.44 -140.229
1201.05 -139.571
1202.67 -138.914
1204.29 -138.259
1205.9 -137.604
1207.52 -136.951
1209.14 -136.298
1210.76 -135.647
1212.38 -134.997
1214.01 -134.348
1215.63 -133.701
1217.25 -133.054
1218.88 -132.409
1220.51 -131.765
1222.14 -131.122
1223.76 -130.48
1225.4 -129.84
1227.03 -129.201
1228.66 -128.563
1230.29 -127.926
1231.93 -127.291
1233.57 -126.657
1235.2 -126.025
1236.84 -125.394
1238.48 -124.764
1240.13 -124.136
1241.77 -123.509
1243.41 -122.883
1245.06 -122.259
1246.7 -121.636
1248.35 -121.015
1250 -120.396
1251.65 -119.777
1253.3 -119.161
1254.96 -118.546
1256.61 -117.932
1258.27 -117.32
1259.93 -116.71
1261.58 -116.101
1263.24 -115.494
1264.91 -114.889
1266.57 -114.285
1268.23 -113.684
1269.9 -113.083
1271.57 -112.485
1273.24 -111.888
1274.91 -111.293
1276.58 -110.7
1278.25 -110.109
1279.93 -109.519
1281.6 -108.932
1283.28 -108.346
1284.96 -107.762
1286.64 -107.18
1288.32 -106.601
1290.01 -106.023
1291.69 -105.447
1293.38 -104.873
1295.07 -104.301
1296.76 -103.731
1298.45 -103.164
1300.14 -102.598
1301.84 -102.035
1303.53 -101.474
1305.23 -100.915
1306.93 -100.358
1308.63 -99.8035
1310.34 -99.2513
1312.04 -98.7014
1313.75 -98.1538
1315.46 -97.6085
1317.17 -97.0657
1318.88 -96.5252
1320.59 -95.9872
1322.31 -95.4517
1324.02 -94.9186
1325.74 -94.3881
1327.46 -93.8601
1329.18 -93.3347
1330.91 -92.8119
1332.63 -92.2917
1334.36 -91.7742
1336.09 -91.2594
1337.82 -90.7473
1339.55 -90.238
1341.29 -89.7314
1343.02 -89.2277
1344.76 -88.7268
1346.5 -88.2288
1348.24 -87.7336
1349.98 -87.2415
1351.73 -86.7523
1353.48 -86.2661
1355.22 -85.7829
1356.98 -85.3028
1358.73 -84.8258
1360.48 -84.352
1362.24 -83.8813
1364 -83.4138
1365.76 -82.9495
1367.52 -82.4885
1369.28 -82.0308
1371.05 -81.5764
1372.81 -81.1254
1374.58 -80.6778
1376.35 -80.2337
1378.13 -79.793
1379.9 -79.3558
1381.68 -78.9222
1383.46 -78.4921
1385.24 -78.0657
1387.02 -77.6429
1388.8 -77.2237
1390.59 -76.8083
1392.38 -76.3967
1394.16 -75.9888
1395.96 -75.5848
1397.75 -75.1846
1399.54 -74.7884
1401.34 -74.396
1403.14 -74.0077
1404.94 -73.6233
1406.74 -73.243
1408.55 -72.8668
1410.35 -72.4947
1412.16 -72.1267
1413.97 -71.7629
1415.78 -71.4034
1417.59 -71.0481
1419.41 -70.6971
1421.22 -70.3504
1423.04 -70.0081
1424.86 -69.6703
1426.68 -69.3368
1428.51 -69.0079
1430.33 -68.6834
1432.16 -68.3635
1433.98 -68.0482
1435.81 -67.7375
1437.65 -67.4315
1439.48 -67.1301
1441.31 -66.8335
1443.15 -66.5416
1444.99 -66.2545
1446.83 -65.9723
1448.67 -65.6949
1450.51 -65.4224
1452.35 -65.1548
1454.2 -64.8922
1456.05 -64.6346
1457.89 -64.382
1459.74 -64.1345
1461.59 -63.892
1463.45 -63.6547
1465.3 -63.4225
1467.15 -63.1955
1469.01 -62.9737
1470.87 -62.7571
1472.73 -62.5458
1474.59 -62.3398
1476.45 -62.1391
1478.31 -61.9438
1480.17 -61.7538
1482.04 -61.5693
1483.9 -61.3901
1485.77 -61.2165
1487.64 -61.0482
1489.51 -60.8855
1491.38 -60.7284
1493.25 -60.5767
1495.12 -60.4306
1496.99 -60.2901
1498.86 -60.1553
1500.74 -60.026
1502.61 -59.9024
1504.49 -59.7844
1506.36 -59.6722
1508.24 -59.5656
1510.12 -59.4648
1511.99 -59.3696
1513.87 -59.2802
1515.75 -59.1966
1517.63 -59.1188
1519.51 -59.0467
1521.39 -58.9804
1523.27 -58.9199
1525.15 -58.8652
1527.04 -58.8164
1528.92 -58.7733
1530.8 -58.7362
1532.68 -58.7048
1534.57 -58.6793
1536.45 -58.6597
1538.33 -58.6458
1540.21 -58.6379
1542.1 -58.6358
1543.98 -58.6396
1545.86 -58.6494
1547.75 -58.6649
1549.63 -58.6864
1551.51 -58.7137
1553.39 -58.7468
1555.28 -58.7858
1557.16 -58.8306
1559.04 -58.8812
1560.92 -58.9377
1562.8 -59
1564.68 -59.0681
1566.56 -59.142
1568.44 -59.2217
1570.32 -59.3072
1572.2 -59.3984
1574.08 -59.4954
1575.96 -59.5981
1577.83 -59.7066
1579.71 -59.8207
1581.58 -59.9406
1583.46 -60.0661
1585.33 -60.1973
1587.21 -60.3341
1589.08 -60.4765
1590.95 -60.6246
1592.82 -60.7782
1594.69 -60.9374
1596.56 -61.1021
1598.43 -61.2723
1600.29 -61.448
1602.16 -61.6292
1604.02 -61.8158
1605.89 -62.0079
1607.75 -62.2053
1609.61 -62.4081
1611.47 -62.6163
1613.33 -62.8297
1615.19 -63.0485
1617.04 -63.2725
1618.9 -63.5017
1620.75 -63.7361
1622.61 -63.9757
1624.46 -64.2204
1626.31 -64.4703
1628.15 -64.7252
1630 -64.9851
1631.85 -64.7304
1633.7 -64.4807
1635.55 -64.236
1637.4 -63.9964
1639.25 -63.762
1641.1 -63.5326
1642.96 -63.3085
1644.81 -63.0895
1646.67 -62.8758
1648.53 -62.6674
1650.39 -62.4642
1652.25 -62.2663
1654.11 -62.0738
1655.98 -61.8866
1657.84 -61.7048
1659.71 -61.5285
1661.57 -61.3576
1663.44 -61.1921
1665.31 -61.0321
1667.18 -60.8777
1669.05 -60.7288
1670.92 -60.5854
1672.79 -60.4476
1674.66 -60.3154
1676.54 -60.1888
1678.41 -60.0678
1680.29 -59.9525
1682.16 -60.0735
1684.04 -60.2002
1685.91 -60.3325
1687.78 -60.4705
1689.65 -60.614
1691.52 -60.7632
1693.39 -60.9179
1695.26 -61.0781
1697.13 -61.2439
1699 -61.4152
1700.87 -61.5919
1702.73 -61.7741
1704.59 -61.9617
1706.46 -62.1547
1708.32 -62.3531
1710.18 -62.5569
1712.04 -62.766
1713.9 -62.9803
1715.75 -63.2
1717.61 -63.4248
1719.46 -63.6549
1721.32 -63.8902
1723.17 -64.1306
1725.02 -64.3761
1726.87 -64.6268
1728.72 -64.8824
1730.56 -65.1432
1732.41 -65.4089
1734.25 -65.6795
1736.09 -65.9551
1737.93 -66.2356
1739.77 -66.521
1741.61 -66.8112
1743.45 -67.1062
1745.28 -67.406
1747.11 -67.7105
1748.94 -68.0196
1750.77 -68.3335
1752.6 -68.652
1754.43 -68.975
1756.25 -69.3026
1758.07 -69.6348
1759.89 -69.9714
1761.71 -70.3124
1763.53 -70.6579
1765.35 -71.0078
1767.16 -71.3619
1768.97 -71.7204
1770.78 -72.0832
1772.59 -72.4502
1774.4 -72.8214
1776.2 -73.1967
1778.01 -73.5762
1779.81 -73.9597
1781.61 -74.3473
1783.41 -74.7389
1785.2 -75.1345
1787 -75.534
1788.79 -75.9375
1790.58 -76.3448
1792.37 -76.7559
1794.16 -77.1708
1795.94 -77.5895
1797.72 -78.0119
1799.51 -78.438
1801.29 -78.8678
1803.06 -79.3011
1804.84 -79.7381
1806.61 -80.1786
1808.39 -80.6226
1810.16 -81.07
1811.92 -81.521
1813.69 -81.9753
1815.45 -82.433
1817.22 -82.894
1818.98 -83.3583
1820.74 -83.826
1822.49 -84.2968
1824.25 -84.7708
1826 -85.248
1827.76 -85.7284
1829.51 -86.2118
1831.25 -86.6984
1833 -87.1879
1834.74 -87.6805
1836.49 -88.176
1838.23 -88.6745
1839.97 -89.1759
1841.7 -89.6802
1843.44 -90.1873
1845.17 -90.6972
1846.9 -91.2099
1848.63 -91.7254
1850.36 -92.2436
1852.09 -92.7645
1853.81 -93.288
1855.53 -93.8142
1857.25 -94.343
1858.97 -94.8744
1860.69 -95.4083
1862.41 -95.9447
1864.12 -96.4837
1865.83 -97.0251
1867.54 -97.5689
1869.25 -98.1152
1870.96 -98.6638
1872.67 -99.2148
1874.37 -99.7681
1876.07 -100.324
1877.77 -100.882
1879.47 -101.442
1881.17 -102.004
1882.86 -102.569
1884.56 -103.135
1886.25 -103.704
1887.94 -104.275
1889.63 -104.848
1891.32 -105.424
1893 -106.001
1894.69 -106.58
1896.37 -107.161
1898.05 -107.745
1899.73 -108.33
1901.41 -108.917
1903.08 -109.506
1904.76 -110.097
1906.43 -110.69
1908.1 -111.284
1909.78 -111.881
1911.44 -112.479
1913.11 -113.079
1914.78 -113.681
1916.44 -114.285
1918.11 -114.89
1919.77 -115.497
1921.43 -116.106
1923.09 -116.716
1924.74 -117.328
1926.4 -117.942
1928.06 -118.557
1929.71 -119.174
1931.36 -119.792
1933.01 -120.412
1934.66 -121.033
1936.31 -121.656
1937.96 -122.281
1939.6 -122.907
1941.25 -123.534
1942.89 -124.163
1944.53 -124.793
1946.17 -125.425
1947.81 -126.058
1949.45 -126.692
1951.08 -127.328
1952.72 -127.965
1954.35 -128.604
1955.99 -129.244
1957.62 -129.885
1959.25 -130.527
1960.88 -131.171
1962.51 -131.816
1964.13 -132.462
1965.76 -133.109
1967.38 -133.758
1969.01 -134.407
1970.63 -135.058
1972.25 -135.711
1973.87 -136.364
1975.49 -137.018
1977.11 -137.674
1978.72 -138.33
1980.34 -138.988
1981.95 -139.647
1983.57 -140.307
1985.18 -140.968
1986.79 -141.63
1988.4 -142.293
1990.01 -142.957
1991.62 -143.622
1993.23 -144.288
1994.84 -144.955
1996.44 -145.623
1998.05 -146.292
1999.65 -146.962
2001.25 -147.633
2002.85 -148.305
2004.46 -148.978
2006.05 -149.651
2007.65 -150.326
2009.25 -151.001
2010.85 -151.678
2012.45 -152.355
2014.04 -153.033
2015.64 -153.712
2017.23 -154.392
2018.82 -155.072
2020.41 -155.754
2022 -156.436
2023.59 -157.119
2025.18 -157.803
2026.77 -158.487
2028.36 -159.173
2029.95 -159.859
2031.53 -160.546
2033.12 -161.234
2034.7 -161.922
2036.29 -162.611
2037.87 -163.301
2039.45 -163.991
2041.03 -164.683
2042.61 -165.375
2044.19 -166.067
2045.77 -166.761
2047.35 -167.455
2048.93 -168.149
2050.51 -168.845
2052.08 -169.541
2053.66 -170.237
2055.23 -170.935
2056.81 -171.632
2058.38 -172.331
2059.95 -173.03
2061.53 -173.73
2063.1 -174.43
2064.67 -175.131
2066.24 -175.833
2067.81 -176.535
2069.38 -177.237
2070.95 -177.941
2072.51 -178.644
2074.08 -179.349
2075.65 -180.054
2077.21 -180.759
2078.78 -181.465
2080.34 -182.171
2081.91 -182.878
2083.47 -183.586
2085.03 -184.294
2086.59 -185.003
2088.16 -185.712
2089.72 -186.421
2091.28 -187.131
2092.84 -187.842
2094.4 -188.553
2095.96 -189.264
2097.51 -189.976
2099.07 -190.689
2100.63 -191.401
2102.19 -192.115
2103.74 -192.828
2105.3 -193.543
2106.85 -194.257
2108.41 -194.972
2109.96 -195.688
2111.52 -196.404
2113.07 -197.12
2114.62 -197.837
2116.17 -198.554
2117.73 -199.272
2119.28 -199.989
2120.83 -200.708
2122.38 -201.427
2123.93 -202.146
2125.48 -202.865
2127.03 -203.585
2128.58 -204.305
2130.12 -205.026
2131.67 -205.747
2133.22 -206.468
2134.77 -207.19
2136.31 -207.912
2137.86 -208.634
2139.4 -209.357
2140.95 -210.08
2142.49 -210.804
2144.04 -211.527
2145.58 -212.251
2147.13 -212.976
2148.67 -213.7
2150.21 -214.426
2151.75 -215.151
2153.3 -215.877
2154.84 -216.603
2156.38 -217.329
2157.92 -218.055
2159.46 -218.782
2161 -219.509
2162.54 -220.237
2164.08 -220.965
2165.62 -221.693
2167.16 -222.421
2168.7 -223.15
2170.24 -223.878
2171.77 -224.608
2173.31 -225.337
2174.85 -226.067
2176.39 -226.797
2177.92 -227.527
2179.46 -228.257
2181 -228.988
2182.53 -229.719
2184.07 -230.45
2185.6 -231.182
2187.14 -231.913
2188.67 -232.645
2190.21 -233.378
2191.74 -234.11
2193.27 -234.843
2194.81 -235.576
2196.34 -236.309
2197.87 -237.042
2199.4 -237.776
2200.94 -238.509
2202.47 -239.243
2204 -239.978
2205.53 -240.712
2207.06 -241.447
2208.59 -242.182
2210.12 -242.917
2211.65 -243.652
2213.18 -244.387
2214.71 -245.123
2216.24 -245.859
2217.77 -246.595
2219.3 -247.331
2220.83 -248.068
2222.36 -248.804
2223.89 -249.541
2225.42 -250.278
2226.94 -251.015
2228.47 -251.753
2230 -252.49
2231.53 -253.228
2233.05 -253.966
2234.58 -254.704
2236.11 -255.442
2237.63 -256.181
2239.16 -256.919
2240.68 -257.658
2242.21 -258.397
2243.74 -259.136
2245.26 -259.875
2246.79 -260.615
2248.31 -261.354
2249.84 -262.094
2251.36 -262.834
2252.89 -263.574
2254.41 -264.314
2255.93 -265.054
2257.46 -265.795
2258.98 -266.535
2260.5 -267.276
2262.03 -268.017
2263.55 -268.758
2265.07 -269.499
2266.6 -270.241
2268.12 -270.982
2269.64 -271.724
2271.16 -272.465
2272.69 -273.207
2274.21 -273.949
2275.73 -274.691
2277.25 -275.434
2278.77 -276.176
2280.29 -276.919
2281.81 -277.661
2283.33 -278.404
2284.86 -279.147
2286.38 -279.89
2287.9 -280.633
2289.42 -281.376
2290.94 -282.119
2292.46 -282.863
2293.98 -283.606
2295.5 -284.35
2297.02 -285.094
2298.53 -285.838
2300.05 -286.582
2301.57 -287.326
2303.09 -288.07
2304.61 -288.814
2306.13 -289.559
2307.65 -290.303
2309.17 -291.048
2310.69 -291.793
2312.2 -292.538
2313.72 -293.283
2315.24 -294.028
2316.76 -294.773
2318.27 -295.518
2319.79 -296.263
2321.31 -297.009
2322.83 -297.754
2324.34 -298.5
2325.86 -299.246
2327.38 -299.991
2328.89 -300.737
2330.41 -301.483
2331.93 -302.229
2333.44 -302.975
2334.96 -303.722
2336.48 -304.468
2337.99 -305.214
2339.51 -305.961
2341.03 -306.707
2342.54 -307.454
2344.06 -308.201
2345.57 -308.947
2347.09 -309.694
2348.6 -310.441
2350.12 -311.188
2351.63 -311.935
2353.15 -312.682
2354.66 -313.43
2356.18 -314.177
2357.69 -314.924
2359.21 -315.672
2360.72 -316.419
2362.24 -317.167
2363.75 -317.915
2365.27 -318.662
2366.78 -319.41
2368.3 -320.158
2369.81 -320.906
2371.32 -321.654
2372.84 -322.402
2374.35 -323.15
2375.87 -323.898
2377.38 -324.647
2378.89 -325.395
2380.41 -326.143
2381.92 -326.892
2383.43 -327.64
2384.95 -328.389
2386.46 -329.137
2387.97 -329.886
2389.49 -330.635
2391 -331.384
2392.51 -332.133
2394.03 -332.881
2395.54 -333.63
2397.05 -334.379
2398.56 -335.129
2400.08 -335.878
2401.59 -336.627
2403.1 -337.376
2404.61 -338.125
2406.13 -338.875
2407.64 -339.624
2409.15 -340.373
2410.66 -341.123
2412.17 -341.872
2413.69 -342.622
2415.2 -343.372
2416.71 -344.121
2418.22 -344.871
2419.73 -345.621
2421.25 -346.371
2422.76 -347.121
2424.27 -347.87
2425.78 -348.62
2427.29 -349.37
2428.8 -350.12
2430.31 -350.871
2431.83 -351.621
2433.34 -352.371
2434.85 -353.121
2436.36 -353.871
2437.87 -354.622
2439.38 -355.372
2440.89 -356.122
2442.4 -356.873
2443.91 -357.623
2445.43 -358.374
2446.94 -359.124
2448.45 -359.875
2449.96 -360.625
2451.47 -361.376
2452.98 -362.127
2454.49 -362.877
2456 -363.628
2457.51 -364.379
2459.02 -365.13
2460.53 -365.881
2462.04 -366.632
2463.55 -367.382
2465.06 -368.133
2466.57 -368.884
2468.08 -369.635
2469.59 -370.387
2471.1 -371.138
2472.61 -371.889
2474.12 -372.64
2475.63 -373.391
2477.14 -374.142
2478.65 -374.894
2480.16 -375.645
2481.67 -376.396
2483.18 -377.148
2484.69 -377.899
2486.2 -378.65
2487.71 -379.402
2489.22 -380.153
2490.73 -380.905
2492.24 -381.656
2493.75 -382.408
2495.26 -383.159
2496.77 -383.911
2498.27 -384.663
2499.78 -385.414
2501.29 -386.166
2502.8 -386.918
2504.31 -387.669
2505.82 -388.421
2507.33 -389.173
2508.84 -389.925
2510.35 -390.676
2511.86 -391.428
2513.37 -392.18
2514.87 -392.932
2516.38 -393.684
2517.89 -394.436
2519.4 -395.188
2520.91 -395.94
2522.42 -396.692
2523.93 -397.444
2525.44 -398.196
2526.95 -398.948
2528.45 -399.7
2529.96 -400.452
2531.47 -401.205
2532.98 -401.957
2534.49 -402.709
2536 -403.461
2537.5 -404.213
2539.01 -404.966
2540.52 -405.718
2542.03 -406.47
2543.54 -407.222
2545.05 -407.975
2546.56 -408.727
2548.06 -409.479
2549.57 -410.232
2551.08 -410.984
2552.59 -411.737
2554.1 -412.489
2555.6 -413.242
2557.11 -413.994
2558.62 -414.747
2560.13 -415.499
2561.64 -416.252
2563.15 -417.004
2564.65 -417.757
2566.16 -418.509
2567.67 -419.262
2569.18 -420.014
2570.69 -420.767
2572.19 -421.52
2573.7 -422.272
2575.21 -423.025
2576.72 -423.778
2578.22 -424.531
2579.73 -425.283
2581.24 -426.036
2582.75 -426.789
2584.26 -427.542
2585.76 -428.294
2587.27 -429.047
2588.78 -429.8
2590.29 -430.553
2591.8 -431.306
2593.3 -432.058
2594.81 -432.811
2596.32 -433.564
2597.83 -434.317
2599.33 -435.07
2600.84 -435.823
2602.35 -436.576
2603.86 -437.329
2605.36 -438.082
2606.87 -438.835
2608.38 -439.588
2609.89 -440.341
2611.39 -441.094
2612.9 -441.847
2614.41 -442.6
2615.92 -443.353
2617.42 -444.106
2618.93 -444.859
2620.44 -445.612
2621.95 -446.365
2623.45 -447.118
2624.96 -447.871
2626.47 -448.624
2627.97 -449.377
2629.48 -450.131
2630.99 -450.884
2632.5 -451.637
2634 -452.39
2635.51 -453.143
2637.02 -453.896
2638.53 -454.65
2640.03 -455.403
2641.54 -456.156
2643.05 -456.909
2644.55 -457.663
2646.06 -458.416
2647.57 -459.169
2649.08 -459.922
2650.58 -460.676
2652.09 -461.429
2653.6 -462.182
2655.1 -462.935
2656.61 -463.689
2658.12 -464.442
2659.62 -465.195
2661.13 -465.949
2662.64 -466.702
2664.15 -467.455
2665.65 -468.209
2667.16 -468.962
2668.67 -469.716
2670.17 -470.469
2671.68 -471.222
2673.19 -471.976
2674.69 -472.729
2676.2 -473.483
2677.71 -474.236
2679.22 -474.99
2680.72 -475.743
2682.23 -476.496
2683.74 -477.25
2685.24 -478.003
2686.75 -478.757
2688.26 -479.51
2689.76 -480.264
2691.27 -481.017
2692.78 -481.771
2694.28 -482.524
2695.79 -483.278
2697.3 -484.031
2698.8 -484.785
2700.31 -485.538
2701.82 -486.292
2703.32 -487.045
2704.83 -487.799
2706.34 -488.553
2707.85 -489.306
2709.35 -490.06
2710.86 -490.813
2712.37 -491.567
2713.87 -492.32
2715.38 -493.074
2716.89 -493.828
2718.39 -494.581
2719.9 -495.335
2721.4 -496.088
2722.91 -496.842
2724.42 -497.596
2725.92 -498.349
2727.43 -499.103
2728.94 -499.857
2730.44 -500.61
2731.95 -501.364
2733.46 -502.118
2734.96 -502.871
2736.47 -503.625
2737.98 -504.379
2739.48 -505.132
2740.99 -505.886
2742.5 -506.64
2744 -507.393
2745.51 -508.147
2747.02 -508.901
2748.52 -509.654
2750.03 -510.408
2751.54 -511.162
2753.04 -511.916
2754.55 -512.669
2756.06 -513.423
2757.56 -514.177
2759.07 -514.93
2760.58 -515.684
2762.08 -516.438
2763.59 -517.192
2765.1 -517.945
2766.6 -518.699
2768.11 -519.453
2769.61 -520.207
2771.12 -520.961
2772.63 -521.714
2774.13 -522.468
2775.64 -523.222
2777.15 -523.976
2778.65 -524.729
2780.16 -525.483
2781.67 -526.237
2783.17 -526.991
2784.68 -527.745
2786.18 -528.498
2787.69 -529.252
2789.2 -530.006
2790.7 -530.76
2792.21 -531.514
2793.72 -532.268
2795.22 -533.021
2796.73 -533.775
2798.24 -534.529
2799.74 -535.283
2801.25 -536.037
2802.75 -536.791
2804.26 -537.544
2805.77 -538.298
2807.27 -539.052
2808.78 -539.806
2810.29 -540.56
2811.79 -541.314
2813.3 -542.068
2814.81 -542.821
2816.31 -543.575
2817.82 -544.329
2819.32 -545.083
2820.83 -545.837
2822.34 -546.591
2823.84 -547.345
2825.35 -548.099
2826.86 -548.853
2828.36 -549.606
2829.87 -550.36
2831.38 -551.114
2832.88 -551.868
2834.39 -552.622
2835.89 -553.376
2837.4 -554.13
2838.91 -554.884
2840.41 -555.638
2841.92 -556.392
2843.43 -557.146
2844.93 -557.899
2846.44 -558.653
2847.94 -559.407
2849.45 -560.161
2850.96 -560.915
2852.46 -561.669
2853.97 -562.423
2855.48 -563.177
2856.98 -563.931
2858.49 -564.685
2859.99 -565.439
2861.5 -566.193
2863.01 -566.947
2864.51 -567.701
2866.02 -568.455
2867.53 -569.209
2869.03 -569.963
2870.54 -570.716
2872.04 -571.47
2873.55 -572.224
2875.06 -572.978
2876.56 -573.732
2878.07 -574.486
2879.57 -575.24
2881.08 -575.994
2882.59 -576.748
2884.09 -577.502
2885.6 -578.256
2887.1 -579.01
2888.61 -579.764
2890.12 -580.518
2891.62 -581.272
2893.13 -582.026
2894.64 -582.78
2896.14 -583.534
2897.65 -584.288
2899.15 -585.042
2900.66 -585.796
2902.17 -586.55
2903.67 -587.304
2905.18 -588.058
2906.68 -588.812
2908.19 -589.566
2909.7 -590.32
2911.2 -591.074
2912.71 -591.828
2914.21 -592.582
2915.72 -593.336
2917.23 -594.09
2918.73 -594.844
2920.24 -595.598
2921.75 -596.352
2923.25 -597.106
2924.76 -597.86
2926.26 -598.614
2927.77 -599.368
2929.28 -600.122
2930.78 -600.876
2932.29 -601.63
2933.79 -602.384
2935.3 -603.138
2936.81 -603.892
2938.31 -604.646
2939.82 -605.4
2941.32 -606.154
2942.83 -606.908
2944.34 -607.662
2945.84 -608.417
2947.35 -609.171
2948.85 -609.925
2950.36 -610.679
2951.87 -611.433
2953.37 -612.187
2954.88 -612.941
2956.39 -613.695
2957.89 -614.449
2959.4 -615.203
2960.9 -615.957
2962.41 -616.711
2963.92 -617.465
2965.42 -618.219
2966.93 -618.973
2968.43 -619.727
2969.94 -620.481
2971.45 -621.235
2972.95 -621.989
2974.46 -622.743
2975.96 -623.497
2977.47 -624.251
2978.98 -625.005
2980.48 -625.759
2981.99 -626.513
2983.5 -627.267
2985 -628.021
2986.51 -628.775
2988.01 -629.529
2989.52 -630.284
2991.03 -631.038
2992.53 -631.792
2994.04 -632.546
2995.54 -633.3
2997.05 -634.054
2998.56 -634.808
3000.06 -635.562
3001.57 -636.316
3003.07 -637.07
3004.58 -637.824
3006.09 -638.579
3007.59 -639.333
3009.1 -640.087
3010.61 -640.841
3012.11 -641.595
3013.62 -642.349
3015.12 -643.103
3016.63 -643.857
3018.14 -644.611
3019.64 -645.365
3021.15 -646.119
3022.65 -646.874
3024.16 -647.628
3025.67 -648.382
3027.17 -649.136
3028.68 -649.89
3030.18 -650.644
3031.69 -651.398
3033.2 -652.152
3034.7 -652.906
3036.21 -653.66
3037.72 -654.414
3039.22 -655.169
3040.73 -655.923
3042.23 -656.677
3043.74 -657.431
3045.25 -658.185
3046.75 -658.939
3048.26 -659.693
3049.76 -660.447
3051.27 -661.201
3052.78 -661.955
3054.28 -662.709
3055.79 -663.464
3057.29 -664.218
3058.8 -664.972
3060.31 -665.726
3061.81 -666.48
3063.32 -667.234
3064.82 -667.988
3066.33 -668.742
3067.84 -669.496
3069.34 -670.25
3070.85 -671.004
3072.36 -671.758
3073.86 -672.513
3075.37 -673.267
3076.87 -674.021
3078.38 -674.775
3079.89 -675.529
3081.39 -676.283
3082.9 -677.037
3084.4 -677.791
3085.91 -678.545
3087.42 -679.299
3088.92 -680.053
3090.43 -680.808
3091.93 -681.562
3093.44 -682.316
3094.95 -683.07
3096.45 -683.824
3097.96 -684.578
3099.47 -685.332
3100.97 -686.086
3102.48 -686.84
3103.98 -687.594
3105.49 -688.348
3107 -689.103
3108.5 -689.857
3110.01 -690.611
3111.51 -691.365
3113.02 -692.119
3114.53 -692.873
3116.03 -693.627
3117.54 -694.381
3119.04 -695.135
3120.55 -695.889
3122.06 -696.643
3123.56 -697.398
3125.07 -698.152
3126.58 -698.906
3128.08 -699.66
3129.59 -700.414
3131.09 -701.168
3132.6 -701.922
3134.11 -702.676
3135.61 -703.43
3137.12 -704.184
3138.62 -704.938
3140.13 -705.693
3141.64 -706.447
3143.14 -707.201
3144.65 -707.955
3146.15 -708.709
3147.66 -709.463
3149.17 -710.217
3150.67 -710.971
3152.18 -711.725
3153.69 -712.479
3155.19 -713.233
3156.7 -713.987
3158.2 -714.742
3159.71 -715.496
3161.22 -716.25
3162.72 -717.004
3164.23 -717.758
3165.73 -718.512
3167.24 -719.266
3168.75 -720.02
3170.25 -720.774
3171.76 -721.528
3173.26 -722.282
3174.77 -723.037
3176.28 -723.791
3177.78 -724.545
3179.29 -725.299
3180.79 -726.053
3182.3 -726.807
3183.81 -727.561
3185.31 -728.315
3186.82 -729.07
3188.32 -729.824
3189.83 -730.578
3191.34 -731.332
3192.84 -732.086
3194.35 -732.84
3195.85 -733.594
3197.36 -734.349
3198.86 -735.103
3200.37 -735.857
3201.88 -736.611
3203.38 -737.365
3204.89 -738.119
3206.39 -738.874
3207.9 -739.628
3209.41 -740.382
3210.91 -741.136
3212.42 -741.89
3213.92 -742.644
3215.43 -743.398
3216.93 -744.153
3218.44 -744.907
3219.95 -745.661
3221.45 -746.415
3222.96 -747.169
3224.46 -747.923
3225.97 -748.677
3227.48 -749.432
3228.98 -750.186
3230.49 -750.94
3231.99 -751.694
3233.5 -752.448
3235.01 -753.202
3236.51 -753.957
3238.02 -754.711
3239.52 -755.465
3241.03 -756.219
3242.53 -756.973
3244.04 -757.727
3245.55 -758.481
3247.05 -759.236
3248.56 -759.99
3250.06 -760.744
3251.57 -761.498
3253.08 -762.252
3254.58 -763.006
3256.09 -763.76
3257.59 -764.515
3259.1 -765.269
3260.6 -766.023
3262.11 -766.777
3263.62 -767.531
3265.12 -768.285
3266.63 -769.04
3268.13 -769.794
3269.64 -770.548
3271.15 -771.302
3272.65 -772.056
3274.16 -772.81
3275.66 -773.564
3277.17 -774.319
3278.68 -775.073
3280.18 -775.827
3281.69 -776.581
3283.19 -777.335
3284.7 -778.089
3286.2 -778.844
3287.71 -779.598
3289.22 -780.352
3290.72 -781.106
3292.23 -781.86
3293.73 -782.614
3295.24 -783.368
3296.75 -784.123
3298.25 -784.877
3299.76 -785.631
3301.26 -786.385
3302.77 -787.139
3304.27 -787.893
3305.78 -788.647
3307.29 -789.402
3308.79 -790.156
3310.3 -790.91
3311.8 -791.664
3313.31 -792.418
3314.82 -793.172
3316.32 -793.927
3317.83 -794.681
3319.33 -795.435
3320.84 -796.189
3322.34 -796.943
3323.85 -797.697
3325.36 -798.451
3326.86 -799.206
3328.37 -799.96
3329.87 -800.714
3331.38 -801.468
3332.89 -802.222
3334.39 -802.976
3335.9 -803.73
3337.4 -804.485
3338.91 -805.239
3340.42 -805.993
3341.92 -806.747
3343.43 -807.501
3344.93 -808.255
3346.44 -809.01
3347.94 -809.764
3349.45 -810.518
3350.96 -811.272
3352.46 -812.026
3353.97 -812.78
3355.47 -813.534
3356.98 -814.289
3358.49 -815.043
3359.99 -815.797
3361.5 -816.551
3363 -817.305
3364.51 -818.059
3366.01 -818.813
3367.52 -819.568
3369.03 -820.322
3370.53 -821.076
3372.04 -821.83
3373.54 -822.584
3375.05 -823.338
3376.56 -824.093
3378.06 -824.847
3379.57 -825.601
3381.07 -826.355
3382.58 -827.109
3384.09 -827.863
3385.59 -828.617
3387.1 -829.372
3388.6 -830.126
3390.11 -830.88
3391.61 -831.634
3393.12 -832.388
3394.63 -833.142
3396.13 -833.896
3397.64 -834.651
3399.14 -835.405
3400.65 -836.159
