250 -600
251.473 -599.183
252.946 -598.367
254.419 -597.55
255.893 -596.734
257.366 -595.917
258.839 -595.1
260.312 -594.284
261.785 -593.467
263.258 -592.651
264.731 -591.834
266.205 -591.018
267.678 -590.201
269.151 -589.384
270.624 -588.568
272.097 -587.751
273.57 -586.935
275.044 -586.118
276.517 -585.302
277.99 -584.485
279.463 -583.669
280.936 -582.852
282.409 -582.036
283.883 -581.219
285.356 -580.403
286.829 -579.586
288.302 -578.77
289.775 -577.953
291.249 -577.136
292.722 -576.32
294.195 -575.503
295.668 -574.687
297.141 -573.87
298.615 -573.054
300.088 -572.237
301.561 -571.421
303.034 -570.604
304.507 -569.788
305.981 -568.971
307.454 -568.155
308.927 -567.338
310.4 -566.522
311.874 -565.705
313.347 -564.889
314.82 -564.072
316.293 -563.255
317.767 -562.439
319.24 -561.622
320.713 -560.806
322.186 -559.989
323.66 -559.173
325.133 -558.356
326.606 -557.54
328.079 -556.723
329.553 -555.907
331.026 -555.09
332.499 -554.274
333.972 -553.458
335.446 -552.641
336.919 -551.825
338.392 -551.008
339.866 -550.192
341.339 -549.375
342.812 -548.559
344.286 -547.742
345.759 -546.926
347.232 -546.109
348.706 -545.293
350.179 -544.476
351.652 -543.66
353.125 -542.843
354.599 -542.027
356.072 -541.211
357.545 -540.394
359.019 -539.578
360.492 -538.761
361.966 -537.945
363.439 -537.128
364.912 -536.312
366.386 -535.495
367.859 -534.679
369.332 -533.863
370.806 -533.046
372.279 -532.23
373.753 -531.413
375.226 -530.597
376.699 -529.781
378.173 -528.964
379.646 -528.148
381.12 -527.331
382.593 -526.515
384.066 -525.698
385.54 -524.882
387.013 -524.066
388.487 -523.249
389.96 -522.433
391.434 -521.616
392.907 -520.8
394.38 -519.984
395.854 -519.167
397.327 -518.351
398.801 -517.535
400.274 -516.718
401.748 -515.902
403.221 -515.086
404.695 -514.269
406.168 -513.453
407.642 -512.637
409.115 -511.82
410.589 -511.004
412.062 -510.188
413.536 -509.371
415.01 -508.555
416.483 -507.739
417.957 -506.922
419.43 -506.106
420.904 -505.29
422.377 -504.473
423.851 -503.657
425.325 -502.841
426.798 -502.025
428.272 -501.208
429.745 -500.392
431.219 -499.576
432.693 -498.76
434.166 -497.943
435.64 -497.127
437.114 -496.311
438.587 -495.495
440.061 -494.678
441.535 -493.862
443.008 -493.046
444.482 -492.23
445.956 -491.413
447.429 -490.597
448.903 -489.781
450.377 -488.965
451.85 -488.148
453.324 -487.332
454.798 -486.516
456.272 -485.7
457.745 -484.884
459.219 -484.068
460.693 -483.251
462.167 -482.435
463.641 -481.619
465.114 -480.803
466.588 -479.987
468.062 -479.171
469.536 -478.354
471.01 -477.538
472.484 -476.722
473.958 -475.906
475.431 -475.09
476.905 -474.274
478.379 -473.458
479.853 -472.642
481.327 -471.826
482.801 -471.01
484.275 -470.194
485.749 -469.377
487.223 -468.561
488.697 -467.745
490.171 -466.929
491.645 -466.113
493.119 -465.297
494.593 -464.481
496.067 -463.665
497.541 -462.849
499.015 -462.033
500.489 -461.217
501.963 -460.401
503.437 -459.585
504.911 -458.769
506.386 -457.953
507.86 -457.137
509.334 -456.321
510.808 -455.506
512.282 -454.69
513.756 -453.874
515.231 -453.058
516.705 -452.242
518.179 -451.426
519.653 -450.61
521.128 -449.794
522.602 -448.978
524.076 -448.163
525.55 -447.347
527.025 -446.531
528.499 -445.715
529.974 -444.899
531.448 -444.083
532.922 -443.268
534.397 -442.452
535.871 -441.636
537.346 -440.82
538.82 -440.005
540.294 -439.189
541.769 -438.373
543.243 -437.557
544.718 -436.742
546.193 -435.926
547.667 -435.11
549.142 -434.295
550.616 -433.479
552.091 -432.663
553.565 -431.848
555.04 -431.032
556.515 -430.217
557.989 -429.401
559.464 -428.585
560.939 -427.77
562.414 -426.954
563.888 -426.139
565.363 -425.323
566.838 -424.508
568.313 -423.692
569.788 -422.877
571.263 -422.061
572.737 -421.246
574.212 -420.43
575.687 -419.615
577.162 -418.799
578.637 -417.984
580.112 -417.169
581.587 -416.353
583.062 -415.538
584.537 -414.722
586.013 -413.907
587.488 -413.092
588.963 -412.276
590.438 -411.461
591.913 -410.646
593.388 -409.831
594.864 -409.015
596.339 -408.2
597.814 -407.385
599.29 -406.57
600.765 -405.755
602.24 -404.939
603.716 -404.124
605.191 -403.309
606.667 -402.494
608.142 -401.679
609.618 -400.864
611.093 -400.049
612.569 -399.234
614.045 -398.419
615.52 -397.604
616.996 -396.789
618.472 -395.974
619.948 -395.159
621.423 -394.344
622.899 -393.529
624.375 -392.714
625.851 -391.899
627.327 -391.084
628.803 -390.27
630.279 -389.455
631.755 -388.64
633.231 -387.825
634.707 -387.011
636.183 -386.196
637.659 -385.381
639.135 -384.567
640.612 -383.752
642.088 -382.937
643.564 -382.123
645.04 -381.308
646.517 -380.494
647.993 -379.679
649.47 -378.865
650.946 -378.05
652.423 -377.236
653.899 -376.421
655.376 -375.607
656.853 -374.793
658.329 -373.978
659.806 -373.164
661.283 -372.35
662.76 -371.535
664.237 -370.721
665.713 -369.907
667.19 -369.093
668.667 -368.279
670.144 -367.465
671.622 -366.65
673.099 -365.836
674.576 -365.022
676.053 -364.208
677.531 -363.394
679.008 -362.58
680.485 -361.767
681.963 -360.953
683.44 -360.139
684.918 -359.325
686.395 -358.511
687.873 -357.698
689.351 -356.884
690.829 -356.07
692.306 -355.257
693.784 -354.443
695.262 -353.629
696.74 -352.816
698.218 -352.002
699.696 -351.189
701.174 -350.376
702.653 -349.562
704.131 -348.749
705.609 -347.936
707.088 -347.122
708.566 -346.309
710.045 -345.496
711.523 -344.683
713.002 -343.87
714.481 -343.057
715.959 -342.244
717.438 -341.431
718.917 -340.618
720.396 -339.805
721.875 -338.992
723.354 -338.179
724.834 -337.367
726.313 -336.554
727.792 -335.741
729.272 -334.929
730.751 -334.116
732.231 -333.303
733.711 -332.491
735.19 -331.679
736.67 -330.866
738.15 -330.054
739.63 -329.242
741.11 -328.429
742.59 -327.617
744.07 -326.805
745.551 -325.993
747.031 -325.181
748.511 -324.369
749.992 -323.557
751.473 -322.745
752.953 -321.934
754.434 -321.122
755.915 -320.31
757.396 -319.499
758.877 -318.687
760.358 -317.875
761.839 -317.064
763.321 -316.253
764.802 -315.441
766.284 -314.63
767.766 -313.819
769.247 -313.008
770.729 -312.197
772.211 -311.386
773.693 -310.575
775.175 -309.764
776.658 -308.953
778.14 -308.142
779.622 -307.332
781.105 -306.521
782.588 -305.711
784.07 -304.9
785.553 -304.09
787.036 -303.28
788.52 -302.469
790.003 -301.659
791.486 -300.849
792.97 -300.039
794.453 -299.229
795.937 -298.419
797.421 -297.609
798.905 -296.8
800.389 -295.99
801.873 -295.181
803.358 -294.371
804.842 -293.562
806.327 -292.753
807.812 -291.943
809.297 -291.134
810.782 -290.325
812.267 -289.516
813.752 -288.708
815.238 -287.899
816.723 -287.09
818.209 -286.282
819.695 -285.473
821.181 -284.665
822.667 -283.857
824.154 -283.048
825.64 -282.24
827.127 -281.432
828.614 -280.624
830.101 -279.817
831.588 -279.009
833.075 -278.202
834.562 -277.394
836.05 -276.587
837.538 -275.78
839.026 -274.972
840.514 -274.165
842.002 -273.358
843.491 -272.552
844.979 -271.745
846.468 -270.938
847.957 -270.132
849.446 -269.326
850.936 -268.52
852.425 -267.714
853.915 -266.908
855.405 -266.102
856.895 -265.296
858.386 -264.49
859.876 -263.685
861.367 -262.88
862.858 -262.075
864.349 -261.27
865.841 -260.465
867.332 -259.66
868.824 -258.855
870.316 -258.051
871.808 -257.246
873.301 -256.442
874.793 -255.638
876.286 -254.834
877.779 -254.031
879.273 -253.227
880.766 -252.424
882.26 -251.62
883.754 -250.817
885.248 -250.014
886.743 -249.211
888.238 -248.409
889.733 -247.606
891.228 -246.804
892.724 -246.002
894.22 -245.2
895.716 -244.398
897.212 -243.597
898.709 -242.795
900.205 -241.994
901.703 -241.193
903.2 -240.392
904.698 -239.591
906.196 -238.791
907.694 -237.99
909.193 -237.19
910.691 -236.39
912.19 -235.59
913.69 -234.791
915.19 -233.992
916.69 -233.192
918.19 -232.394
919.691 -231.595
921.192 -230.796
922.693 -229.998
924.195 -229.2
925.697 -228.402
927.199 -227.604
928.702 -226.807
930.204 -226.01
931.708 -225.213
933.211 -224.416
934.715 -223.62
936.22 -222.824
937.724 -222.028
939.229 -221.232
940.735 -220.436
942.241 -219.641
943.747 -218.846
945.253 -218.051
946.76 -217.257
948.268 -216.463
949.775 -215.669
951.284 -214.875
952.792 -214.082
954.301 -213.289
955.81 -212.496
957.32 -211.703
958.83 -210.911
960.341 -210.119
961.852 -209.327
963.363 -208.536
964.875 -207.745
966.387 -206.954
967.9 -206.164
969.413 -205.374
970.927 -204.584
972.441 -203.794
973.956 -203.005
975.471 -202.216
976.986 -201.428
978.502 -200.64
980.019 -199.852
981.536 -199.064
983.053 -198.277
984.571 -197.49
986.09 -196.704
987.609 -195.918
989.128 -195.132
990.648 -194.347
992.169 -193.562
993.69 -192.778
995.212 -191.993
996.734 -191.21
998.257 -190.426
999.78 -189.643
1001.3 -188.861
1002.83 -188.079
1004.35 -187.297
1005.88 -186.516
1007.41 -185.735
1008.93 -184.954
1010.46 -184.174
1011.99 -183.395
1013.52 -182.616
1015.05 -181.837
1016.58 -181.059
1018.11 -180.281
1019.64 -179.504
1021.17 -178.727
1022.7 -177.951
1024.24 -177.175
1025.77 -176.4
1027.3 -175.625
1028.84 -174.851
1030.38 -174.077
1031.91 -173.304
1033.45 -172.531
1034.99 -171.759
1036.53 -170.988
1038.07 -170.217
1039.61 -169.446
1041.15 -168.676
1042.69 -167.907
1044.23 -167.138
1045.78 -166.37
1047.32 -165.602
1048.87 -164.835
1050.41 -164.069
1051.96 -163.303
1053.51 -162.538
1055.05 -161.774
1056.6 -161.01
1058.15 -160.247
1059.7 -159.484
1061.26 -158.722
1062.81 -157.961
1064.36 -157.201
1065.92 -156.441
1067.47 -155.682
1069.03 -154.923
1070.59 -154.166
1072.14 -153.409
1073.7 -152.653
1075.26 -151.897
1076.82 -151.143
1078.39 -150.389
1079.95 -149.636
1081.51 -148.884
1083.08 -148.132
1084.64 -147.381
1086.21 -146.632
1087.78 -145.883
1089.35 -145.135
1090.92 -144.387
1092.49 -143.641
1094.06 -142.895
1095.63 -142.151
1097.21 -141.407
1098.78 -140.664
1100.36 -139.922
1101.94 -139.181
1103.52 -138.441
1105.1 -137.702
1106.68 -136.964
1108.26 -136.227
1109.85 -135.491
1111.43 -134.756
1113.02 -134.022
1114.6 -133.289
1116.19 -132.558
1117.78 -131.827
1119.37 -131.097
1120.97 -130.369
1122.56 -129.641
1124.16 -128.915
1125.75 -128.19
1127.35 -127.466
1128.95 -126.743
1130.55 -126.021
1132.15 -125.301
1133.76 -124.582
1135.36 -123.864
1136.97 -123.148
1138.57 -122.432
1140.18 -121.718
1141.79 -121.005
1143.41 -120.294
1145.02 -119.584
1146.63 -118.876
1148.25 -118.168
1149.87 -117.463
1151.49 -116.758
1153.11 -116.055
1154.73 -115.354
1156.36 -114.654
1157.98 -113.955
1159.61 -113.259
1161.24 -112.563
1162.87 -111.869
1164.5 -111.177
1166.13 -110.487
1167.77 -109.798
1169.41 -109.111
1171.05 -108.425
1172.69 -107.741
1174.33 -107.059
1175.98 -106.379
1177.62 -105.7
1179.27 -105.024
1180.92 -104.349
1182.57 -103.676
1184.22 -103.005
1185.88 -102.335
1187.54 -101.668
1189.2 -101.003
1190.86 -100.34
1192.52 -99.6783
1194.18 -99.0191
1195.85 -98.3619
1197.52 -97.7068
1199.19 -97.0539
1200.86 -96.4032
1202.54 -95.7546
1204.22 -95.1083
1205.89 -94.4642
1207.58 -93.8225
1209.26 -93.183
1210.94 -92.5459
1212.63 -91.9112
1214.32 -91.2789
1216.01 -90.649
1217.7 -90.0216
1219.4 -89.3968
1221.1 -88.7745
1222.8 -88.1548
1224.5 -87.5377
1226.2 -86.9233
1227.91 -86.3115
1229.62 -85.7025
1231.33 -85.0963
1233.05 -84.4929
1234.76 -83.8923
1236.48 -83.2946
1238.2 -82.6998
1239.92 -82.108
1241.65 -81.5192
1243.37 -80.9334
1245.1 -80.3508
1246.84 -79.7712
1248.57 -79.1948
1250.31 -78.6217
1252.05 -78.0517
1253.79 -77.4851
1255.53 -76.9218
1257.28 -76.3619
1259.03 -75.8054
1260.78 -75.2524
1262.53 -74.7029
1264.29 -74.1569
1266.05 -73.6146
1267.81 -73.076
1269.57 -72.541
1271.34 -72.0098
1273.11 -71.4824
1274.88 -70.9588
1276.65 -70.4391
1278.43 -69.9234
1280.21 -69.4117
1281.99 -68.904
1283.78 -68.4004
1285.56 -67.9009
1287.35 -67.4057
1289.14 -66.9147
1290.94 -66.4279
1292.73 -65.9456
1294.53 -65.4676
1296.33 -64.9941
1298.14 -65.4728
1299.94 -65.956
1301.73 -66.4436
1303.53 -66.9356
1305.32 -67.4319
1307.11 -67.9325
1308.89 -68.4374
1310.68 -68.9464
1312.46 -69.4595
1314.24 -69.9768
1316.01 -69.4643
1317.8 -68.9559
1319.58 -68.4516
1321.37 -67.9514
1323.15 -67.4554
1324.95 -66.9636
1326.74 -66.4762
1328.54 -65.9931
1330.33 -65.5143
1332.14 -65.0401
1333.94 -64.5703
1335.75 -64.1051
1337.56 -63.6445
1339.37 -63.1886
1341.18 -62.7374
1343 -62.2909
1344.82 -61.8493
1346.64 -61.4125
1348.46 -60.9807
1350.29 -60.5539
1352.12 -60.1322
1353.95 -59.7155
1355.78 -59.304
1357.62 -58.8977
1359.46 -58.4966
1361.3 -58.1009
1363.14 -57.7105
1364.99 -57.3256
1366.84 -56.9462
1368.69 -56.5723
1370.54 -56.204
1372.4 -55.8414
1374.26 -55.4844
1376.12 -55.1333
1377.98 -54.7879
1379.84 -54.4484
1381.71 -54.1148
1383.58 -53.7872
1385.45 -53.4656
1387.33 -53.1501
1389.2 -52.8407
1391.08 -52.5375
1392.96 -52.2406
1394.84 -51.9499
1396.72 -51.6656
1398.61 -51.3876
1400.5 -51.1161
1402.39 -50.851
1404.28 -50.5925
1406.17 -50.3406
1408.07 -50.0952
1409.96 -49.8566
1411.86 -49.6246
1413.76 -49.3994
1415.66 -49.181
1417.57 -48.9694
1419.47 -48.7648
1421.38 -48.567
1423.28 -48.3762
1425.19 -48.1923
1427.1 -48.0155
1429.02 -47.8458
1430.93 -47.6831
1432.84 -47.5276
1434.76 -47.3793
1436.68 -47.2381
1438.59 -47.1042
1440.51 -46.9775
1442.43 -46.8581
1444.35 -46.746
1446.27 -46.6412
1448.19 -46.5437
1450.12 -46.4537
1452.04 -46.371
1453.96 -46.2957
1455.89 -46.2278
1457.81 -46.1674
1459.74 -46.1144
1461.67 -46.0689
1463.59 -46.0309
1465.52 -46.0003
1467.45 -45.9772
1469.37 -45.9617
1471.3 -45.9536
1473.23 -45.953
1475.15 -45.9598
1477.08 -45.9742
1479.01 -45.996
1480.94 -46.0253
1482.86 -46.0621
1484.79 -46.1064
1486.71 -46.1582
1488.64 -46.2174
1490.56 -46.2841
1492.49 -46.3582
1494.41 -46.4398
1496.34 -46.5287
1498.26 -46.6251
1500.18 -46.7288
1502.1 -46.8399
1504.02 -46.9582
1505.94 -47.0839
1507.86 -47.2169
1509.78 -47.3571
1511.69 -47.5046
1513.61 -47.6592
1515.52 -47.8211
1517.43 -47.99
1519.35 -48.1661
1521.26 -48.3492
1523.16 -48.5393
1525.07 -48.7365
1526.98 -48.9406
1528.88 -49.1516
1530.78 -49.3695
1532.68 -49.5943
1534.58 -49.8259
1536.48 -50.0642
1538.38 -50.3092
1540.27 -50.5609
1542.16 -50.8192
1544.06 -51.0841
1545.94 -51.3555
1547.83 -51.6334
1549.72 -51.9178
1551.6 -52.2085
1553.48 -52.5056
1555.36 -52.809
1557.23 -53.1186
1559.11 -53.4343
1560.98 -53.7563
1562.85 -54.0843
1564.72 -54.4183
1566.59 -54.7583
1568.45 -55.1042
1570.31 -55.456
1572.17 -55.8136
1574.03 -56.177
1575.88 -56.5461
1577.73 -56.9208
1579.58 -57.3011
1581.43 -57.687
1583.28 -58.0783
1585.12 -58.4751
1586.96 -58.8773
1588.8 -59.2848
1590.63 -59.6975
1592.46 -60.1154
1594.29 -60.5386
1596.12 -60.9668
1597.95 -61.4
1599.77 -61.8382
1601.59 -62.2814
1603.41 -62.7295
1605.22 -63.1823
1607.03 -63.6399
1608.84 -64.1023
1610.65 -64.5693
1612.46 -65.0409
1614.26 -65.5171
1616.06 -65.9978
1617.86 -66.4829
1619.65 -66.9724
1621.44 -67.4662
1623.23 -67.9643
1625.02 -68.4667
1626.8 -68.9733
1628.58 -69.4839
1630.36 -69.9987
1632.14 -70.5175
1633.91 -71.0403
1635.69 -71.567
1637.46 -72.0975
1639.22 -72.632
1640.99 -73.1702
1642.75 -73.7121
1644.51 -74.2577
1646.26 -74.807
1648.02 -75.3599
1649.77 -75.9163
1651.52 -76.4762
1653.26 -77.0396
1655.01 -77.6063
1656.75 -78.1765
1658.49 -78.7499
1660.22 -79.3267
1661.96 -79.9067
1663.69 -80.4898
1665.42 -81.0761
1667.15 -81.6656
1668.87 -82.2581
1670.59 -82.8536
1672.31 -83.4521
1674.03 -84.0535
1675.75 -84.6579
1677.46 -85.2651
1679.17 -85.8752
1680.88 -86.488
1682.59 -87.1036
1684.29 -87.7219
1685.99 -88.3429
1687.69 -88.9665
1689.39 -89.5927
1691.08 -90.2215
1692.78 -90.8529
1694.47 -91.4867
1696.16 -92.123
1697.84 -92.7617
1699.53 -93.4029
1701.21 -94.0463
1702.89 -94.6922
1704.57 -95.3403
1706.24 -95.9907
1707.92 -96.6433
1709.59 -97.2982
1711.26 -97.9552
1712.93 -98.6144
1714.59 -99.2757
1716.26 -99.9391
1717.92 -100.605
1719.58 -101.272
1721.24 -101.941
1722.89 -102.613
1724.55 -103.286
1726.2 -103.962
1727.85 -104.639
1729.5 -105.318
1731.15 -105.999
1732.79 -106.682
1734.43 -107.366
1736.08 -108.053
1737.71 -108.741
1739.35 -109.43
1740.99 -110.122
1742.62 -110.815
1744.26 -111.51
1745.89 -112.206
1747.52 -112.904
1749.14 -113.604
1750.77 -114.305
1752.4 -115.008
1754.02 -115.712
1755.64 -116.418
1757.26 -117.125
1758.88 -117.834
1760.49 -118.544
1762.11 -119.255
1763.72 -119.968
1765.33 -120.683
1766.94 -121.398
1768.55 -122.115
1770.16 -122.834
1771.77 -123.553
1773.37 -124.274
1774.97 -124.996
1776.58 -125.72
1778.18 -126.444
1779.77 -127.17
1781.37 -127.898
1782.97 -128.626
1784.56 -129.355
1786.16 -130.086
1787.75 -130.818
1789.34 -131.551
1790.93 -132.285
1792.52 -133.02
1794.1 -133.756
1795.69 -134.493
1797.27 -135.231
1798.86 -135.971
1800.44 -136.711
1802.02 -137.452
1803.6 -138.195
1805.18 -138.938
1806.76 -139.682
1808.33 -140.428
1809.91 -141.174
1811.48 -141.921
1813.05 -142.669
1814.62 -143.418
1816.2 -144.168
1817.76 -144.919
1819.33 -145.67
1820.9 -146.423
1822.47 -147.176
1824.03 -147.93
1825.6 -148.685
1827.16 -149.441
1828.72 -150.197
1830.28 -150.955
1831.84 -151.713
1833.4 -152.472
1834.96 -153.232
1836.52 -153.992
1838.07 -154.753
1839.63 -155.515
1841.18 -156.278
1842.73 -157.041
1844.29 -157.805
1845.84 -158.57
1847.39 -159.335
1848.94 -160.102
1850.49 -160.868
1852.04 -161.636
1853.58 -162.404
1855.13 -163.173
1856.68 -163.942
1858.22 -164.712
1859.76 -165.483
1861.31 -166.254
1862.85 -167.026
1864.39 -167.798
1865.93 -168.571
1867.47 -169.345
1869.01 -170.119
1870.55 -170.894
1872.09 -171.669
1873.62 -172.445
1875.16 -173.221
1876.69 -173.998
1878.23 -174.776
1879.76 -175.554
1881.3 -176.332
1882.83 -177.111
1884.36 -177.891
1885.89 -178.671
1887.42 -179.451
1888.95 -180.232
1890.48 -181.014
1892.01 -181.795
1893.54 -182.578
1895.06 -183.361
1896.59 -184.144
1898.12 -184.928
1899.64 -185.712
1901.17 -186.497
1902.69 -187.282
1904.22 -188.067
1905.74 -188.853
1907.26 -189.639
1908.78 -190.426
1910.3 -191.213
1911.82 -192.001
1913.34 -192.789
1914.86 -193.577
1916.38 -194.366
1917.9 -195.155
1919.42 -195.944
1920.94 -196.734
1922.45 -197.524
1923.97 -198.315
1925.49 -199.106
1927 -199.897
1928.52 -200.689
1930.03 -201.481
1931.54 -202.273
1933.06 -203.066
1934.57 -203.859
1936.08 -204.652
1937.59 -205.446
1939.11 -206.239
1940.62 -207.034
1942.13 -207.828
1943.64 -208.623
1945.15 -209.418
1946.66 -210.214
1948.17 -211.01
1949.67 -211.806
1951.18 -212.602
1952.69 -213.399
1954.2 -214.196
1955.7 -214.993
1957.21 -215.79
1958.72 -216.588
1960.22 -217.386
1961.73 -218.184
1963.23 -218.983
1964.73 -219.782
1966.24 -220.581
1967.74 -221.38
1969.25 -222.18
1970.75 -222.98
1972.25 -223.78
1973.75 -224.58
1975.25 -225.38
1976.76 -226.181
1978.26 -226.982
1979.76 -227.783
1981.26 -228.585
1982.76 -229.387
1984.26 -230.188
1985.76 -230.991
1987.26 -231.793
1988.76 -232.596
1990.25 -233.398
1991.75 -234.201
1993.25 -235.004
1994.75 -235.808
1996.24 -236.611
1997.74 -237.415
1999.24 -238.219
2000.73 -239.023
2002.23 -239.828
2003.73 -240.632
2005.22 -241.437
2006.72 -242.242
2008.21 -243.047
2009.71 -243.852
2011.2 -244.658
2012.7 -245.463
2014.19 -246.269
2015.68 -247.075
2017.18 -247.881
2018.67 -248.688
2020.16 -249.494
2021.65 -250.301
2023.15 -251.107
2024.64 -251.914
2026.13 -252.721
2027.62 -253.529
2029.11 -254.336
2030.6 -255.144
2032.1 -255.952
2033.59 -256.759
2035.08 -257.567
2036.57 -258.376
2038.06 -259.184
2039.55 -259.992
2041.04 -260.801
2042.53 -261.61
2044.01 -262.419
2045.5 -263.228
2046.99 -264.037
2048.48 -264.846
2049.97 -265.655
2051.46 -266.465
2052.95 -267.275
2054.43 -268.084
2055.92 -268.894
2057.41 -269.704
2058.9 -270.514
2060.38 -271.325
2061.87 -272.135
2063.36 -272.946
2064.84 -273.756
2066.33 -274.567
2067.81 -275.378
2069.3 -276.189
2070.79 -277
2072.27 -277.811
2073.76 -278.622
2075.24 -279.434
2076.73 -280.245
2078.21 -281.057
2079.7 -281.868
2081.18 -282.68
2082.67 -283.492
2084.15 -284.304
2085.64 -285.116
2087.12 -285.928
2088.6 -286.741
2090.09 -287.553
2091.57 -288.366
2093.05 -289.178
2094.54 -289.991
2096.02 -290.804
2097.5 -291.616
2098.99 -292.429
2100.47 -293.242
2101.95 -294.055
2103.43 -294.869
2104.92 -295.682
2106.4 -296.495
2107.88 -297.309
2109.36 -298.122
2110.84 -298.936
2112.33 -299.749
2113.81 -300.563
2115.29 -301.377
2116.77 -302.191
2118.25 -303.005
2119.73 -303.819
2121.21 -304.633
2122.69 -305.447
2124.17 -306.262
2125.66 -307.076
2127.14 -307.89
2128.62 -308.705
2130.1 -309.519
2131.58 -310.334
2133.06 -311.149
2134.54 -311.964
2136.02 -312.778
2137.5 -313.593
2138.98 -314.408
2140.46 -315.223
2141.94 -316.038
2143.41 -316.853
2144.89 -317.669
2146.37 -318.484
2147.85 -319.299
2149.33 -320.115
2150.81 -320.93
2152.29 -321.745
2153.77 -322.561
2155.25 -323.377
2156.72 -324.192
2158.2 -325.008
2159.68 -325.824
2161.16 -326.64
2162.64 -327.456
2164.12 -328.271
2165.59 -329.087
2167.07 -329.903
2168.55 -330.72
2170.03 -331.536
2171.51 -332.352
2172.98 -333.168
2174.46 -333.984
2175.94 -334.801
2177.42 -335.617
2178.89 -336.434
2180.37 -337.25
2181.85 -338.067
2183.32 -338.883
2184.8 -339.7
2186.28 -340.516
2187.76 -341.333
2189.23 -342.15
2190.71 -342.967
2192.19 -343.783
2193.66 -344.6
2195.14 -345.417
2196.62 -346.234
2198.09 -347.051
2199.57 -347.868
2201.04 -348.685
2202.52 -349.502
2204 -350.319
2205.47 -351.137
2206.95 -351.954
2208.43 -352.771
2209.9 -353.588
2211.38 -354.406
2212.85 -355.223
2214.33 -356.041
2215.8 -356.858
2217.28 -357.675
2218.76 -358.493
2220.23 -359.31
2221.71 -360.128
2223.18 -360.946
2224.66 -361.763
2226.13 -362.581
2227.61 -363.399
2229.08 -364.216
2230.56 -365.034
2232.03 -365.852
2233.51 -366.67
2234.98 -367.488
2236.46 -368.305
2237.93 -369.123
2239.41 -369.941
2240.88 -370.759
2242.36 -371.577
2243.83 -372.395
2245.31 -373.213
2246.78 -374.031
2248.26 -374.849
2249.73 -375.668
2251.21 -376.486
2252.68 -377.304
2254.16 -378.122
2255.63 -378.94
2257.1 -379.759
2258.58 -380.577
2260.05 -381.395
2261.53 -382.214
2263 -383.032
2264.48 -383.85
2265.95 -384.669
2267.42 -385.487
2268.9 -386.306
2270.37 -387.124
2271.85 -387.943
2273.32 -388.761
2274.79 -389.58
2276.27 -390.398
2277.74 -391.217
2279.22 -392.035
2280.69 -392.854
2282.16 -393.673
2283.64 -394.491
2285.11 -395.31
2286.58 -396.129
2288.06 -396.948
2289.53 -397.766
2291 -398.585
2292.48 -399.404
2293.95 -400.223
2295.43 -401.042
2296.9 -401.86
2298.37 -402.679
2299.85 -403.498
2301.32 -404.317
2302.79 -405.136
2304.27 -405.955
2305.74 -406.774
2307.21 -407.593
2308.69 -408.412
2310.16 -409.231
2311.63 -410.05
2313.1 -410.869
2314.58 -411.688
2316.05 -412.507
2317.52 -413.326
2319 -414.145
2320.47 -414.964
2321.94 -415.783
2323.42 -416.603
2324.89 -417.422
2326.36 -418.241
2327.83 -419.06
2329.31 -419.879
2330.78 -420.699
2332.25 -421.518
2333.73 -422.337
2335.2 -423.156
2336.67 -423.976
2338.14 -424.795
2339.62 -425.614
2341.09 -426.434
2342.56 -427.253
2344.04 -428.072
2345.51 -428.892
2346.98 -429.711
2348.45 -430.53
2349.93 -431.35
2351.4 -432.169
2352.87 -432.988
2354.34 -433.808
2355.82 -434.627
2357.29 -435.447
2358.76 -436.266
2360.23 -437.086
2361.71 -437.905
2363.18 -438.725
2364.65 -439.544
2366.12 -440.364
2367.6 -441.183
2369.07 -442.003
2370.54 -442.822
2372.01 -443.642
2373.49 -444.461
2374.96 -445.281
2376.43 -446.101
2377.9 -446.92
2379.37 -447.74
2380.85 -448.559
2382.32 -449.379
2383.79 -450.199
2385.26 -451.018
2386.73 -451.838
2388.21 -452.658
2389.68 -453.477
2391.15 -454.297
2392.62 -455.117
2394.1 -455.936
2395.57 -456.756
2397.04 -457.576
2398.51 -458.396
2399.98 -459.215
2401.46 -460.035
2402.93 -460.855
2404.4 -461.675
2405.87 -462.494
2407.34 -463.314
2408.82 -464.134
2410.29 -464.954
2411.76 -465.773
2413.23 -466.593
2414.7 -467.413
2416.18 -468.233
2417.65 -469.053
2419.12 -469.873
2420.59 -470.692
2422.06 -471.512
2423.53 -472.332
2425.01 -473.152
2426.48 -473.972
2427.95 -474.792
2429.42 -475.612
2430.89 -476.431
2432.37 -477.251
2433.84 -478.071
2435.31 -478.891
2436.78 -479.711
2438.25 -480.531
2439.72 -481.351
2441.2 -482.171
2442.67 -482.991
2444.14 -483.811
2445.61 -484.631
2447.08 -485.451
2448.55 -486.271
2450.03 -487.09
2451.5 -487.91
2452.97 -488.73
2454.44 -489.55
2455.91 -490.37
2457.38 -491.19
2458.86 -492.01
2460.33 -492.83
2461.8 -493.65
2463.27 -494.47
2464.74 -495.29
2466.21 -496.11
2467.69 -496.93
2469.16 -497.75
2470.63 -498.571
2472.1 -499.391
2473.57 -500.211
2475.04 -501.031
2476.51 -501.851
2477.99 -502.671
2479.46 -503.491
2480.93 -504.311
2482.4 -505.131
2483.87 -505.951
2485.34 -506.771
2486.81 -507.591
2488.29 -508.411
2489.76 -509.231
2491.23 -510.051
2492.7 -510.872
2494.17 -511.692
2495.64 -512.512
2497.11 -513.332
2498.59 -514.152
2500.06 -514.972
2501.53 -515.792
2503 -516.612
2504.47 -517.433
2505.94 -518.253
2507.41 -519.073
2508.89 -519.893
2510.36 -520.713
2511.83 -521.533
2513.3 -522.353
2514.77 -523.173
2516.24 -523.994
2517.71 -524.814
2519.19 -525.634
2520.66 -526.454
2522.13 -527.274
2523.6 -528.095
2525.07 -528.915
2526.54 -529.735
2528.01 -530.555
2529.49 -531.375
2530.96 -532.195
2532.43 -533.016
2533.9 -533.836
2535.37 -534.656
2536.84 -535.476
2538.31 -536.296
2539.78 -537.117
2541.25 -537.937
2542.73 -538.757
2544.2 -539.577
2545.67 -540.397
2547.14 -541.218
2548.61 -542.038
2550.08 -542.858
2551.55 -543.678
2553.02 -544.499
2554.5 -545.319
2555.97 -546.139
2557.44 -546.959
2558.91 -547.78
2560.38 -548.6
2561.85 -549.42
2563.32 -550.24
2564.79 -551.061
2566.27 -551.881
2567.74 -552.701
2569.21 -553.521
2570.68 -554.342
2572.15 -555.162
2573.62 -555.982
2575.09 -556.802
2576.56 -557.623
2578.03 -558.443
2579.51 -559.263
2580.98 -560.083
2582.45 -560.904
2583.92 -561.724
2585.39 -562.544
2586.86 -563.364
2588.33 -564.185
2589.8 -565.005
2591.28 -565.825
2592.75 -566.646
2594.22 -567.466
2595.69 -568.286
2597.16 -569.106
2598.63 -569.927
2600.1 -570.747
2601.57 -571.567
2603.04 -572.388
2604.52 -573.208
2605.99 -574.028
2607.46 -574.849
2608.93 -575.669
2610.4 -576.489
2611.87 -577.31
2613.34 -578.13
2614.81 -578.95
2616.29 -579.771
2617.76 -580.591
2619.23 -581.411
2620.7 -582.231
2622.17 -583.052
2623.64 -583.872
2625.11 -584.692
2626.58 -585.513
2628.06 -586.333
2629.53 -587.153
2631 -587.974
2632.47 -588.794
2633.94 -589.614
2635.41 -590.435
2636.88 -591.255
2638.35 -592.075
2639.82 -592.896
2641.29 -593.716
2642.77 -594.536
2644.24 -595.356
2645.71 -596.177
2647.18 -596.997
2648.65 -597.817
2650.12 -598.638
2651.59 -599.458
2653.06 -600.278
2654.53 -601.099
2656 -601.919
2657.47 -602.74
2658.95 -603.56
2660.42 -604.38
2661.89 -605.201
2663.36 -606.021
2664.83 -606.841
2666.3 -607.662
2667.77 -608.482
2669.24 -609.303
2670.71 -610.123
2672.18 -610.943
2673.66 -611.764
2675.13 -612.584
2676.6 -613.404
2678.07 -614.225
2679.54 -615.045
2681.01 -615.866
2682.48 -616.686
2683.95 -617.506
2685.42 -618.327
2686.89 -619.147
2688.36 -619.967
2689.84 -620.788
2691.31 -621.608
2692.78 -622.429
2694.25 -623.249
2695.72 -624.069
2697.19 -624.89
2698.66 -625.71
2700.13 -626.53
2701.6 -627.351
2703.07 -628.171
2704.55 -628.992
2706.02 -629.812
2707.49 -630.632
2708.96 -631.453
2710.43 -632.273
2711.9 -633.093
2713.37 -633.914
2714.84 -634.734
2716.31 -635.555
2717.78 -636.375
2719.25 -637.195
2720.73 -638.016
2722.2 -638.836
2723.67 -639.656
2725.14 -640.477
2726.61 -641.297
2728.08 -642.117
2729.55 -642.938
2731.02 -643.758
2732.49 -644.579
2733.96 -645.399
2735.44 -646.219
2736.91 -647.04
2738.38 -647.86
2739.85 -648.68
2741.32 -649.501
2742.79 -650.321
2744.26 -651.142
2745.73 -651.962
2747.2 -652.782
2748.67 -653.603
2750.14 -654.423
2751.62 -655.243
2753.09 -656.064
2754.56 -656.884
2756.03 -657.705
2757.5 -658.525
2758.97 -659.345
2760.44 -660.166
2761.91 -660.986
2763.38 -661.806
2764.85 -662.627
2766.32 -663.447
2767.8 -664.268
2769.27 -665.088
2770.74 -665.908
2772.21 -666.729
2773.68 -667.549
2775.15 -668.37
2776.62 -669.19
2778.09 -670.01
2779.56 -670.831
2781.03 -671.651
2782.51 -672.472
2783.98 -673.292
2785.45 -674.113
2786.92 -674.933
2788.39 -675.753
2789.86 -676.574
2791.33 -677.394
2792.8 -678.215
2794.27 -679.035
2795.74 -679.856
2797.21 -680.676
2798.69 -681.496
2800.16 -682.317
2801.63 -683.137
2803.1 -683.958
2804.57 -684.778
2806.04 -685.599
2807.51 -686.419
2808.98 -687.24
2810.45 -688.06
2811.92 -688.88
2813.4 -689.701
2814.87 -690.521
2816.34 -691.342
2817.81 -692.162
2819.28 -692.983
2820.75 -693.803
2822.22 -694.623
2823.69 -695.444
2825.16 -696.264
2826.63 -697.085
2828.1 -697.905
2829.58 -698.726
2831.05 -699.546
2832.52 -700.366
2833.99 -701.187
2835.46 -702.007
2836.93 -702.828
2838.4 -703.648
2839.87 -704.469
2841.34 -705.289
2842.81 -706.109
2844.29 -706.93
2845.76 -707.75
2847.23 -708.571
2848.7 -709.391
2850.17 -710.212
2851.64 -711.032
2853.11 -711.853
2854.58 -712.673
2856.05 -713.493
2857.52 -714.314
2858.99 -715.134
2860.47 -715.955
2861.94 -716.775
2863.41 -717.596
2864.88 -718.416
2866.35 -719.236
2867.82 -720.057
2869.29 -720.877
2870.76 -721.698
2872.23 -722.518
2873.7 -723.339
2875.18 -724.159
2876.65 -724.979
2878.12 -725.8
2879.59 -726.62
2881.06 -727.441
2882.53 -728.261
2884 -729.082
2885.47 -729.902
2886.94 -730.723
2888.41 -731.543
2889.88 -732.363
2891.36 -733.184
2892.83 -734.004
2894.3 -734.825
2895.77 -735.645
2897.24 -736.466
2898.71 -737.286
2900.18 -738.106
2901.65 -738.927
2903.12 -739.747
2904.59 -740.568
2906.06 -741.388
2907.54 -742.209
2909.01 -743.029
2910.48 -743.849
2911.95 -744.67
2913.42 -745.49
2914.89 -746.311
2916.36 -747.131
2917.83 -747.952
2919.3 -748.772
2920.77 -749.593
2922.25 -750.413
2923.72 -751.233
2925.19 -752.054
2926.66 -752.874
2928.13 -753.695
2929.6 -754.515
2931.07 -755.336
2932.54 -756.156
2934.01 -756.976
2935.48 -757.797
2936.95 -758.617
2938.43 -759.438
2939.9 -760.258
2941.37 -761.079
2942.84 -761.899
2944.31 -762.719
2945.78 -763.54
2947.25 -764.36
2948.72 -765.181
2950.19 -766.001
2951.66 -766.822
2953.14 -767.642
2954.61 -768.463
2956.08 -769.283
2957.55 -770.103
2959.02 -770.924
2960.49 -771.744
2961.96 -772.565
2963.43 -773.385
2964.9 -774.206
2966.37 -775.026
2967.84 -775.846
2969.32 -776.667
2970.79 -777.487
2972.26 -778.308
2973.73 -779.128
2975.2 -779.949
2976.67 -780.769
2978.14 -781.589
2979.61 -782.41
2981.08 -783.23
2982.55 -784.051
2984.03 -784.871
2985.5 -785.692
2986.97 -786.512
2988.44 -787.333
2989.91 -788.153
2991.38 -788.973
2992.85 -789.794
2994.32 -790.614
2995.79 -791.435
2997.26 -792.255
2998.73 -793.076
3000.21 -793.896
3001.68 -794.716
3003.15 -795.537
3004.62 -796.357
3006.09 -797.178
3007.56 -797.998
3009.03 -798.819
3010.5 -799.639
3011.97 -800.459
3013.44 -801.28
3014.92 -802.1
3016.39 -802.921
3017.86 -803.741
3019.33 -804.562
3020.8 -805.382
3022.27 -806.203
3023.74 -807.023
3025.21 -807.843
3026.68 -808.664
3028.15 -809.484
3029.62 -810.305
3031.1 -811.125
3032.57 -811.946
3034.04 -812.766
3035.51 -813.586
3036.98 -814.407
3038.45 -815.227
3039.92 -816.048
3041.39 -816.868
3042.86 -817.689
3044.33 -818.509
3045.8 -819.329
3047.28 -820.15
3048.75 -820.97
3050.22 -821.791
3051.69 -822.611
3053.16 -823.432
3054.63 -824.252
3056.1 -825.073
3057.57 -825.893
3059.04 -826.713
3060.51 -827.534
3061.99 -828.354
3063.46 -829.175
3064.93 -829.995
3066.4 -830.816
3067.87 -831.636
3069.34 -832.456
3070.81 -833.277
3072.28 -834.097
3073.75 -834.918
3075.22 -835.738
3076.69 -836.559
3078.17 -837.379
3079.64 -838.199
3081.11 -839.02
3082.58 -839.84
3084.05 -840.661
3085.52 -841.481
3086.99 -842.302
3088.46 -843.122
3089.93 -843.943
3091.4 -844.763
3092.88 -845.583
3094.35 -846.404
3095.82 -847.224
3097.29 -848.045
3098.76 -848.865
3100.23 -849.686
3101.7 -850.506
3103.17 -851.326
3104.64 -852.147
3106.11 -852.967
3107.58 -853.788
3109.06 -854.608
3110.53 -855.429
3112 -856.249
3113.47 -857.069
3114.94 -857.89
3116.41 -858.71
3117.88 -859.531
3119.35 -860.351
3120.82 -861.172
3122.29 -861.992
3123.77 -862.812
3125.24 -863.633
3126.71 -864.453
3128.18 -865.274
3129.65 -866.094
3131.12 -866.915
3132.59 -867.735
3134.06 -868.556
3135.53 -869.376
3137 -870.196
3138.47 -871.017
3139.95 -871.837
3141.42 -872.658
3142.89 -873.478
3144.36 -874.299
3145.83 -875.119
3147.3 -875.939
3148.77 -876.76
3150.24 -877.58
3151.71 -878.401
3153.18 -879.221
3154.66 -880.042
3156.13 -880.862
3157.6 -881.682
3159.07 -882.503
3160.54 -883.323
3162.01 -884.144
3163.48 -884.964
3164.95 -885.785
3166.42 -886.605
3167.89 -887.426
3169.36 -888.246
3170.84 -889.066
3172.31 -889.887
3173.78 -890.707
3175.25 -891.528
3176.72 -892.348
3178.19 -893.169
3179.66 -893.989
3181.13 -894.809
3182.6 -895.63
3184.07 -896.45
3185.54 -897.271
3187.02 -898.091
3188.49 -898.912
3189.96 -899.732
3191.43 -900.552
3192.9 -901.373
3194.37 -902.193
3195.84 -903.014
3197.31 -903.834
3198.78 -904.655
3200.25 -905.475
3201.73 -906.296
3203.2 -907.116
3204.67 -907.936
3206.14 -908.757
3207.61 -909.577
3209.08 -910.398
3210.55 -911.218
3212.02 -912.039
3213.49 -912.859
3214.96 -913.679
3216.43 -914.5
3217.91 -915.32
3219.38 -916.141
3220.85 -916.961
3222.32 -917.782
3223.79 -918.602
3225.26 -919.422
3226.73 -920.243
3228.2 -921.063
3229.67 -921.884
3231.14 -922.704
3232.62 -923.525
3234.09 -924.345
3235.56 -925.166
3237.03 -925.986
3238.5 -926.806
3239.97 -927.627
3241.44 -928.447
3242.91 -929.268
3244.38 -930.088
3245.85 -930.909
3247.32 -931.729
3248.8 -932.549
3250.27 -933.37
3251.74 -934.19
3253.21 -935.011
3254.68 -935.831
3256.15 -936.652
3257.62 -937.472
3259.09 -938.292
3260.56 -939.113
3262.03 -939.933
3263.51 -940.754
3264.98 -941.574
3266.45 -942.395
3267.92 -943.215
3269.39 -944.036
3270.86 -944.856
3272.33 -945.676
3273.8 -946.497
3275.27 -947.317
3276.74 -948.138
3278.21 -948.958
3279.69 -949.779
3281.16 -950.599
3282.63 -951.419
3284.1 -952.24
3285.57 -953.06
3287.04 -953.881
3288.51 -954.701
3289.98 -955.522
3291.45 -956.342
3292.92 -957.162
3294.4 -957.983
3295.87 -958.803
3297.34 -959.624
3298.81 -960.444
3300.28 -961.265
3301.75 -962.085
3303.22 -962.906
3304.69 -963.726
3306.16 -964.546
3307.63 -965.367
3309.1 -966.187
3310.58 -967.008
3312.05 -967.828
3313.52 -968.649
3314.99 -969.469
3316.46 -970.289
3317.93 -971.11
3319.4 -971.93
3320.87 -972.751
3322.34 -973.571
3323.81 -974.392
3325.28 -975.212
3326.76 -976.032
