250 -600
251.38 -599.034
252.759 -598.068
254.139 -597.102
255.519 -596.136
256.899 -595.17
258.278 -594.204
259.658 -593.238
261.038 -592.271
262.418 -591.305
263.797 -590.339
265.177 -589.373
266.557 -588.407
267.936 -587.441
269.316 -586.475
270.696 -585.509
272.076 -584.543
273.455 -583.577
274.835 -582.611
276.215 -581.644
277.595 -580.678
278.974 -579.712
280.354 -578.746
281.734 -577.78
283.113 -576.814
284.493 -575.848
285.873 -574.882
287.253 -573.915
288.632 -572.949
290.012 -571.983
291.392 -571.017
292.772 -570.051
294.151 -569.085
295.531 -568.119
296.911 -567.153
298.291 -566.186
299.671 -565.22
301.05 -564.254
302.43 -563.288
303.81 -562.322
305.19 -561.356
306.569 -560.39
307.949 -559.424
309.329 -558.457
310.709 -557.491
312.088 -556.525
313.468 -555.559
314.848 -554.593
316.228 -553.627
317.607 -552.661
318.987 -551.695
320.367 -550.728
321.747 -549.762
323.127 -548.796
324.506 -547.83
325.886 -546.864
327.266 -545.898
328.646 -544.932
330.026 -543.966
331.405 -542.999
332.785 -542.033
334.165 -541.067
335.545 -540.101
336.925 -539.135
338.304 -538.169
339.684 -537.203
341.064 -536.236
342.444 -535.27
343.824 -534.304
345.204 -533.338
346.583 -532.372
347.963 -531.406
349.343 -530.439
350.723 -529.473
352.103 -528.507
353.483 -527.541
354.862 -526.575
356.242 -525.608
357.622 -524.642
359.002 -523.676
360.382 -522.71
361.762 -521.744
363.142 -520.777
364.521 -519.811
365.901 -518.845
367.281 -517.879
368.661 -516.913
370.041 -515.947
371.421 -514.98
372.801 -514.014
374.181 -513.048
375.56 -512.082
376.94 -511.116
378.32 -510.149
379.7 -509.183
381.08 -508.217
382.46 -507.251
383.84 -506.284
385.22 -505.318
386.6 -504.352
387.98 -503.386
389.359 -502.42
390.739 -501.453
392.119 -500.487
393.499 -499.521
394.879 -498.555
396.259 -497.588
397.639 -496.622
399.019 -495.656
400.399 -494.69
401.779 -493.723
403.159 -492.757
404.539 -491.791
405.919 -490.825
407.299 -489.858
408.679 -488.892
410.059 -487.926
411.439 -486.959
412.819 -485.993
414.199 -485.027
415.579 -484.061
416.959 -483.094
418.339 -482.128
419.719 -481.162
421.099 -480.195
422.479 -479.229
423.859 -478.263
425.239 -477.296
426.619 -476.33
427.999 -475.364
429.379 -474.397
430.759 -473.431
432.139 -472.465
433.52 -471.498
434.9 -470.532
436.28 -469.566
437.66 -468.599
439.04 -467.633
440.42 -466.667
441.8 -465.7
443.18 -464.734
444.56 -463.768
445.941 -462.801
447.321 -461.835
448.701 -460.868
450.081 -459.902
451.461 -458.936
452.841 -457.969
454.222 -457.003
455.602 -456.036
456.982 -455.07
458.362 -454.103
459.742 -453.137
461.123 -452.171
462.503 -451.204
463.883 -450.238
465.263 -449.271
466.644 -448.305
468.024 -447.338
469.404 -446.372
470.784 -445.405
472.165 -444.439
473.545 -443.472
474.925 -442.506
476.306 -441.539
477.686 -440.573
479.066 -439.606
480.447 -438.64
481.827 -437.673
483.207 -436.707
484.588 -435.74
485.968 -434.774
487.348 -433.807
488.729 -432.841
490.109 -431.874
491.49 -430.907
492.87 -429.941
494.251 -428.974
495.631 -428.008
497.011 -427.041
498.392 -426.074
499.772 -425.108
501.153 -424.141
502.533 -423.174
503.914 -422.208
505.294 -421.241
506.675 -420.274
508.056 -419.308
509.436 -418.341
510.817 -417.374
512.197 -416.408
513.578 -415.441
514.959 -414.474
516.339 -413.508
517.72 -412.541
519.101 -411.574
520.481 -410.607
521.862 -409.641
523.243 -408.674
524.623 -407.707
526.004 -406.74
527.385 -405.773
528.766 -404.806
530.146 -403.84
531.527 -402.873
532.908 -401.906
534.289 -400.939
535.67 -399.972
537.051 -399.005
538.432 -398.038
539.812 -397.071
541.193 -396.105
542.574 -395.138
543.955 -394.171
545.336 -393.204
546.717 -392.237
548.098 -391.27
549.479 -390.303
550.86 -389.336
552.241 -388.369
553.622 -387.402
555.003 -386.435
556.385 -385.468
557.766 -384.5
559.147 -383.533
560.528 -382.566
561.909 -381.599
563.291 -380.632
564.672 -379.665
566.053 -378.698
567.434 -377.73
568.816 -376.763
570.197 -375.796
571.578 -374.829
572.96 -373.862
574.341 -372.894
575.723 -371.927
577.104 -370.96
578.485 -369.992
579.867 -369.025
581.249 -368.058
582.63 -367.09
584.012 -366.123
585.393 -365.156
586.775 -364.188
588.157 -363.221
589.538 -362.253
590.92 -361.286
592.302 -360.318
593.684 -359.351
595.065 -358.383
596.447 -357.416
597.829 -356.448
599.211 -355.48
600.593 -354.513
601.975 -353.545
603.357 -352.577
604.739 -351.61
606.121 -350.642
607.503 -349.674
608.885 -348.706
610.267 -347.739
611.649 -346.771
613.032 -345.803
614.414 -344.835
615.796 -343.867
617.178 -342.899
618.561 -341.931
619.943 -340.963
621.326 -339.995
622.708 -339.027
624.091 -338.059
625.473 -337.091
626.856 -336.123
628.238 -335.155
629.621 -334.187
631.004 -333.219
632.387 -332.25
633.769 -331.282
635.152 -330.314
636.535 -329.346
637.918 -328.377
639.301 -327.409
640.684 -326.44
642.067 -325.472
643.45 -324.503
644.833 -323.535
646.217 -322.566
647.6 -321.598
648.983 -320.629
650.367 -319.661
651.75 -318.692
653.133 -317.723
654.517 -316.754
655.901 -315.786
657.284 -314.817
658.668 -313.848
660.052 -312.879
661.435 -311.91
662.819 -310.941
664.203 -309.972
665.587 -309.003
666.971 -308.034
668.355 -307.065
669.739 -306.096
671.124 -305.126
672.508 -304.157
673.892 -303.188
675.277 -302.218
676.661 -301.249
678.046 -300.28
679.43 -299.31
680.815 -298.34
682.2 -297.371
683.584 -296.401
684.969 -295.432
686.354 -294.462
687.739 -293.492
689.124 -292.522
690.51 -291.552
691.895 -290.582
693.28 -289.612
694.665 -288.642
696.051 -287.672
697.437 -286.702
698.822 -285.732
700.208 -284.761
701.594 -283.791
702.98 -282.821
704.366 -281.85
705.752 -280.88
707.138 -279.909
708.524 -278.938
709.91 -277.968
711.297 -276.997
712.683 -276.026
714.07 -275.055
715.457 -274.084
716.843 -273.113
718.23 -272.142
719.617 -271.171
721.004 -270.199
722.392 -269.228
723.779 -268.257
725.166 -267.285
726.554 -266.314
727.942 -265.342
729.329 -264.37
730.717 -263.398
732.105 -262.427
733.493 -261.455
734.881 -260.483
736.27 -259.511
737.658 -258.538
739.047 -257.566
740.435 -256.594
741.824 -255.621
743.213 -254.649
744.602 -253.676
745.991 -252.703
747.381 -251.73
748.77 -250.758
750.16 -249.785
751.549 -248.811
752.939 -247.838
754.329 -246.865
755.719 -245.892
757.11 -244.918
758.5 -243.944
759.891 -242.971
761.282 -241.997
762.673 -241.023
764.064 -240.049
765.455 -239.075
766.846 -238.101
768.238 -237.126
769.629 -236.152
771.021 -235.177
772.413 -234.202
773.806 -233.228
775.198 -232.253
776.591 -231.278
777.983 -230.302
779.376 -229.327
780.769 -228.352
782.163 -227.376
783.556 -226.4
784.95 -225.424
786.344 -224.448
787.738 -223.472
789.132 -222.496
790.527 -221.519
791.921 -220.543
793.316 -219.566
794.711 -218.589
796.107 -217.612
797.502 -216.635
798.898 -215.658
800.294 -214.68
801.69 -213.703
803.087 -212.725
804.483 -211.747
805.88 -210.769
807.277 -209.79
808.675 -208.812
810.072 -207.833
811.47 -206.854
812.869 -205.875
814.267 -204.896
815.666 -203.917
817.065 -202.937
818.464 -201.958
819.863 -200.978
821.263 -199.997
822.663 -199.017
824.064 -198.037
825.464 -197.056
826.865 -196.075
828.266 -195.094
829.668 -194.112
831.07 -193.131
832.472 -192.149
833.874 -191.167
835.277 -190.185
836.68 -189.202
838.084 -188.22
839.488 -187.237
840.892 -186.253
842.296 -185.27
843.701 -184.286
845.106 -183.302
846.512 -182.318
847.918 -181.334
849.324 -180.349
850.73 -179.364
852.138 -178.379
853.545 -177.393
854.953 -176.408
856.361 -175.422
857.77 -174.435
859.179 -173.449
860.588 -172.462
861.998 -171.475
863.408 -170.487
864.819 -169.499
866.23 -168.511
867.642 -167.523
869.054 -166.534
870.467 -165.545
871.88 -164.555
873.293 -163.566
874.707 -162.576
876.122 -161.585
877.537 -160.594
878.952 -159.603
880.368 -158.612
881.785 -157.62
883.202 -156.628
884.619 -155.635
886.037 -154.642
887.456 -153.649
888.875 -152.655
890.295 -151.661
891.716 -150.666
893.137 -149.671
894.558 -148.676
895.98 -147.68
897.403 -146.684
898.827 -145.687
900.251 -144.69
901.675 -143.692
903.101 -142.694
904.527 -141.696
905.953 -140.697
907.381 -139.697
908.809 -138.697
910.238 -137.697
911.667 -136.696
913.098 -135.694
914.529 -134.692
915.96 -133.69
917.393 -132.687
918.826 -131.683
920.26 -130.679
921.695 -129.674
923.131 -128.669
924.567 -127.663
926.005 -126.657
927.443 -125.65
928.882 -124.642
930.322 -123.634
931.763 -122.625
933.204 -121.615
934.647 -120.605
936.091 -119.594
937.535 -118.583
938.981 -117.571
940.427 -116.558
941.875 -115.544
943.324 -114.53
944.773 -113.515
946.224 -112.499
947.676 -111.482
949.128 -110.465
950.582 -109.447
952.037 -108.428
953.494 -107.409
954.951 -106.388
956.409 -105.367
957.869 -104.345
959.33 -103.322
960.792 -102.298
962.256 -101.273
963.721 -100.248
965.187 -99.2211
966.654 -98.1936
968.123 -97.1652
969.593 -96.1358
971.064 -95.1054
972.537 -94.074
974.012 -93.0416
975.488 -92.0082
976.965 -90.9737
978.444 -89.9382
979.924 -88.9016
981.406 -87.8638
982.89 -86.825
984.375 -85.7849
985.862 -84.7438
987.351 -83.7014
988.841 -82.6578
990.334 -81.613
991.828 -80.5669
993.323 -79.5195
994.821 -78.4709
996.321 -77.4209
997.822 -76.3695
999.326 -75.3168
1000.83 -74.2627
1002.34 -73.2071
1003.85 -72.1501
1005.36 -71.0916
1006.87 -70.0315
1008.29 -71.2228
1009.7 -72.4122
1011.12 -73.5996
1012.53 -74.7852
1013.93 -75.9689
1015.34 -77.1509
1016.74 -78.3311
1018.14 -79.5096
1019.54 -80.6864
1020.94 -81.8616
1022.33 -83.0351
1023.73 -84.2071
1025.12 -85.3776
1026.51 -86.5465
1027.9 -87.714
1029.28 -88.88
1030.67 -90.0445
1032.05 -91.2077
1033.43 -92.3695
1034.81 -93.53
1036.19 -94.6891
1037.57 -95.847
1038.94 -97.0035
1040.32 -98.1589
1041.69 -99.313
1043.06 -100.466
1044.43 -101.618
1045.8 -102.768
1047.16 -103.918
1048.53 -105.066
1049.89 -106.214
1051.26 -107.36
1052.62 -108.505
1053.98 -109.649
1055.34 -110.792
1056.7 -111.934
1058.05 -113.076
1059.41 -114.216
1060.76 -115.355
1062.12 -116.494
1063.47 -117.631
1064.82 -118.768
1066.17 -119.903
1067.52 -121.038
1068.87 -122.172
1070.22 -123.306
1071.56 -124.438
1072.91 -125.57
1074.25 -126.7
1075.6 -127.83
1076.94 -128.96
1078.28 -130.088
1079.62 -131.216
1080.96 -132.343
1082.3 -133.47
1083.64 -134.596
1084.98 -135.721
1086.31 -136.845
1087.65 -137.969
1088.99 -139.092
1090.32 -140.214
1091.65 -141.336
1092.99 -142.458
1094.32 -143.578
1095.65 -144.698
1096.98 -145.818
1098.31 -146.937
1099.64 -148.055
1100.97 -149.173
1102.3 -150.29
1103.63 -151.407
1104.96 -152.523
1106.28 -153.639
1107.61 -154.754
1108.93 -155.869
1110.26 -156.983
1111.58 -158.097
1112.91 -159.21
1114.23 -160.323
1115.55 -161.435
1116.87 -162.547
1118.2 -163.659
1119.52 -164.77
1120.84 -165.88
1122.16 -166.99
1123.48 -168.1
1124.8 -169.21
1126.11 -170.318
1127.43 -171.427
1128.75 -172.535
1130.07 -173.643
1131.38 -174.751
1132.7 -175.858
1134.02 -176.964
1135.33 -178.071
1136.65 -179.177
1137.96 -180.282
1139.28 -181.388
1140.59 -182.493
1141.9 -183.597
1143.22 -184.702
1144.53 -185.806
1145.84 -186.909
1147.15 -188.013
1148.46 -189.116
1149.78 -190.219
1151.09 -191.321
1152.4 -192.423
1153.71 -193.525
1155.02 -194.627
1156.33 -195.728
1157.64 -196.83
1158.94 -197.93
1160.25 -199.031
1161.56 -200.131
1162.87 -201.231
1164.18 -202.331
1165.48 -203.431
1166.79 -204.53
1168.1 -205.629
1169.4 -206.728
1170.71 -207.827
1172.02 -208.925
1173.32 -210.024
1174.63 -211.122
1175.93 -212.219
1177.24 -213.317
1178.54 -214.414
1179.85 -215.511
1181.15 -216.608
1182.46 -217.705
1183.76 -218.802
1185.06 -219.898
1186.37 -220.994
1187.67 -222.09
1188.97 -223.186
1190.28 -224.282
1191.58 -225.377
1192.88 -226.472
1194.18 -227.568
1195.48 -228.662
1196.79 -229.757
1198.09 -230.852
1199.39 -231.946
1200.69 -233.041
1201.99 -234.135
1203.29 -235.229
1204.59 -236.322
1205.89 -237.416
1207.19 -238.51
1208.49 -239.603
1209.79 -240.696
1211.09 -241.789
1212.39 -242.882
1213.69 -243.975
1214.99 -245.068
1216.29 -246.16
1217.59 -247.253
1218.89 -248.345
1220.19 -249.437
1221.48 -250.529
1222.78 -251.621
1224.08 -252.713
1225.38 -253.805
1226.68 -254.896
1227.97 -255.988
1229.27 -257.079
1230.57 -258.17
1231.87 -259.261
1233.16 -260.352
1234.46 -261.443
1235.76 -262.534
1237.06 -263.625
1238.35 -264.716
1239.65 -265.806
1240.95 -266.896
1242.24 -267.987
1243.54 -269.077
1244.83 -270.167
1246.13 -271.257
1247.43 -272.347
1248.72 -273.437
1250.02 -274.527
1251.31 -275.616
1252.61 -276.706
1253.9 -277.795
1255.2 -278.885
1256.49 -279.974
1257.79 -281.063
1259.08 -282.153
1260.38 -283.242
1261.67 -284.331
1262.97 -285.42
1264.26 -286.509
1265.56 -287.597
1266.85 -288.686
1268.15 -289.775
1269.44 -290.863
1270.74 -291.952
1272.03 -293.04
1273.32 -294.129
1274.62 -295.217
1275.91 -296.305
1277.21 -297.393
1278.5 -298.482
1279.79 -299.57
1281.09 -300.658
1282.38 -301.746
1283.67 -302.834
1284.97 -303.921
1286.26 -305.009
1287.55 -306.097
1288.85 -307.185
1290.14 -308.272
1291.43 -309.36
1292.73 -310.447
1294.02 -311.535
1295.31 -312.622
1296.61 -313.709
1297.9 -314.797
1299.19 -315.884
1300.48 -316.971
1301.78 -318.058
1303.07 -319.145
1304.36 -320.233
1305.65 -321.32
1306.95 -322.406
1308.24 -323.493
1309.53 -324.58
1310.82 -325.667
1312.12 -326.754
1313.41 -327.841
1314.7 -328.927
1315.99 -330.014
1317.28 -331.101
1318.58 -332.187
1319.87 -333.274
1321.16 -334.36
1322.45 -335.447
1323.74 -336.533
1325.03 -337.62
1326.33 -338.706
1327.62 -339.793
1328.91 -340.879
1330.2 -341.965
1331.49 -343.051
1332.78 -344.138
1334.08 -345.224
1335.37 -346.31
1336.66 -347.396
1337.95 -348.482
1339.24 -349.568
1340.53 -350.654
1341.82 -351.74
1343.12 -352.826
1344.41 -353.912
1345.7 -354.998
1346.99 -356.084
1348.28 -357.17
1349.57 -358.256
1350.86 -359.341
1352.15 -360.427
1353.44 -361.513
1354.73 -362.599
1356.03 -363.684
1357.32 -364.77
1358.61 -365.856
1359.9 -366.941
1361.19 -368.027
1362.48 -369.112
1363.77 -370.198
1365.06 -371.284
1366.35 -372.369
1367.64 -373.455
1368.93 -374.54
1370.22 -375.626
1371.51 -376.711
1372.8 -377.796
1374.09 -378.882
1375.39 -379.967
1376.68 -381.052
1377.97 -382.138
1379.26 -383.223
1380.55 -384.308
1381.84 -385.394
1383.13 -386.479
1384.42 -387.564
1385.71 -388.649
1387 -389.735
1388.29 -390.82
1389.58 -391.905
1390.87 -392.99
1392.16 -394.075
1393.45 -395.16
1394.74 -396.245
1396.03 -397.331
1397.32 -398.416
1398.61 -399.501
1399.9 -400.586
1401.19 -401.671
1402.48 -402.756
1403.77 -403.841
1405.06 -404.926
1406.35 -406.011
1407.64 -407.096
1408.93 -408.181
1410.22 -409.266
1411.51 -410.35
1412.8 -411.435
1414.09 -412.52
1415.38 -413.605
1416.67 -414.69
1417.96 -415.775
1419.25 -416.86
1420.54 -417.945
1421.83 -419.029
1423.12 -420.114
1424.41 -421.199
1425.7 -422.284
1426.99 -423.368
1428.28 -424.453
1429.57 -425.538
1430.86 -426.623
1432.15 -427.708
1433.44 -428.792
1434.73 -429.877
1436.02 -430.962
1437.31 -432.046
1438.6 -433.131
1439.89 -434.216
1441.18 -435.3
1442.47 -436.385
1443.76 -437.47
1445.05 -438.554
1446.33 -439.639
1447.62 -440.724
1448.91 -441.808
1450.2 -442.893
1451.49 -443.977
1452.78 -445.062
1454.07 -446.147
1455.36 -447.231
1456.65 -448.316
1457.94 -449.4
1459.23 -450.485
1460.52 -451.569
1461.81 -452.654
1463.1 -453.738
1464.39 -454.823
1465.68 -455.908
1466.97 -456.992
1468.26 -458.077
1469.55 -459.161
1470.84 -460.246
1472.13 -461.33
1473.41 -462.415
1474.7 -463.499
1475.99 -464.583
1477.28 -465.668
1478.57 -466.752
1479.86 -467.837
1481.15 -468.921
1482.44 -470.006
1483.73 -471.09
1485.02 -472.175
1486.31 -473.259
1487.6 -474.343
1488.89 -475.428
1490.18 -476.512
1491.47 -477.597
1492.76 -478.681
1494.04 -479.766
1495.33 -480.85
1496.62 -481.934
1497.91 -483.019
1499.2 -484.103
1500.49 -485.187
1501.78 -486.272
1503.07 -487.356
1504.36 -488.44
1505.65 -489.525
1506.94 -490.609
1508.23 -491.694
1509.52 -492.778
1510.81 -493.862
1512.1 -494.947
1513.38 -496.031
1514.67 -497.115
1515.96 -498.2
1517.25 -499.284
1518.54 -500.368
1519.83 -501.452
1521.12 -502.537
1522.41 -503.621
1523.7 -504.705
1524.99 -505.79
1526.28 -506.874
1527.57 -507.958
1528.85 -509.043
1530.14 -510.127
1531.43 -511.211
1532.72 -512.295
1534.01 -513.38
1535.3 -514.464
1536.59 -515.548
1537.88 -516.633
1539.17 -517.717
1540.46 -518.801
1541.75 -519.885
1543.04 -520.97
1544.33 -522.054
1545.61 -523.138
1546.9 -524.222
1548.19 -525.307
1549.48 -526.391
1550.77 -527.475
1552.06 -528.559
1553.35 -529.643
1554.64 -530.728
1555.93 -531.812
1557.22 -532.896
1558.51 -533.98
1559.8 -535.065
1561.08 -536.149
1562.37 -537.233
1563.66 -538.317
1564.95 -539.401
1566.24 -540.486
1567.53 -541.57
1568.82 -542.654
1570.11 -543.738
1571.4 -544.823
1572.69 -545.907
1573.98 -546.991
1575.26 -548.075
1576.55 -549.159
1577.84 -550.244
1579.13 -551.328
1580.42 -552.412
1581.71 -553.496
1583 -554.58
1584.29 -555.664
1585.58 -556.749
1586.87 -557.833
1588.15 -558.917
1589.44 -560.001
1590.73 -561.085
1592.02 -562.169
1593.31 -563.254
1594.6 -564.338
1595.89 -565.422
1597.18 -566.506
1598.47 -567.59
1599.76 -568.674
1601.05 -569.759
1602.33 -570.843
1603.62 -571.927
1604.91 -573.011
1606.2 -574.095
1607.49 -575.179
1608.78 -576.264
1610.07 -577.348
1611.36 -578.432
1612.65 -579.516
1613.94 -580.6
1615.23 -581.684
1616.51 -582.769
1617.8 -583.853
1619.09 -584.937
1620.38 -586.021
1621.67 -587.105
1622.96 -588.189
1624.25 -589.274
1625.54 -590.358
1626.83 -591.442
1628.12 -592.526
1629.4 -593.61
1630.69 -594.694
1631.98 -595.779
1633.27 -596.863
1634.56 -597.947
1635.85 -599.031
1637.14 -600.115
1638.43 -601.199
1639.72 -602.283
1641.01 -603.367
1642.3 -604.451
1643.58 -605.536
1644.87 -606.62
1646.16 -607.704
1647.45 -608.788
1648.74 -609.872
1650.03 -610.956
1651.32 -612.04
1652.61 -613.124
1653.9 -614.208
1655.19 -615.293
1656.48 -616.377
1657.76 -617.461
1659.05 -618.545
1660.34 -619.629
1661.63 -620.713
1662.92 -621.797
1664.21 -622.881
1665.5 -623.965
1666.79 -625.049
1668.08 -626.134
1669.37 -627.218
1670.65 -628.302
1671.94 -629.386
1673.23 -630.47
1674.52 -631.554
1675.81 -632.638
1677.1 -633.722
1678.39 -634.806
1679.68 -635.891
1680.97 -636.975
1682.26 -638.059
1683.54 -639.143
1684.83 -640.227
1686.12 -641.311
1687.41 -642.395
1688.7 -643.479
1689.99 -644.563
1691.28 -645.648
1692.57 -646.732
1693.86 -647.816
1695.14 -648.9
1696.43 -649.984
1697.72 -651.068
1699.01 -652.152
1700.3 -653.236
1701.59 -654.32
1702.88 -655.404
1704.17 -656.489
1705.46 -657.573
1706.75 -658.657
1708.03 -659.741
1709.32 -660.825
1710.61 -661.909
1711.9 -662.993
1713.19 -664.077
1714.48 -665.161
1715.77 -666.246
1717.06 -667.33
1718.35 -668.414
1719.63 -669.498
1720.92 -670.582
1722.21 -671.666
1723.5 -672.75
1724.79 -673.834
1726.08 -674.918
1727.37 -676.003
1728.66 -677.087
1729.95 -678.171
1731.24 -679.255
1732.52 -680.339
1733.81 -681.423
1735.1 -682.507
1736.39 -683.591
1737.68 -684.675
1738.97 -685.759
1740.26 -686.844
1741.55 -687.928
1742.84 -689.012
1744.12 -690.096
1745.41 -691.18
1746.7 -692.264
1747.99 -693.348
1749.28 -694.432
1750.57 -695.516
1751.86 -696.601
1753.15 -697.685
1754.44 -698.769
1755.73 -699.853
1757.01 -700.937
1758.3 -702.021
1759.59 -703.105
1760.88 -704.189
1762.17 -705.273
1763.46 -706.357
1764.75 -707.442
1766.04 -708.526
1767.33 -709.61
1768.61 -710.694
1769.9 -711.778
1771.19 -712.862
1772.48 -713.946
1773.77 -715.03
1775.06 -716.114
1776.35 -717.199
1777.64 -718.283
1778.93 -719.367
1780.21 -720.451
1781.5 -721.535
1782.79 -722.619
1784.08 -723.703
1785.37 -724.787
1786.66 -725.871
1787.95 -726.956
1789.24 -728.04
1790.53 -729.124
1791.82 -730.208
1793.1 -731.292
1794.39 -732.376
1795.68 -733.46
1796.97 -734.544
1798.26 -735.628
1799.55 -736.712
1800.84 -737.797
1802.13 -738.881
1803.42 -739.965
1804.7 -741.049
1805.99 -742.133
1807.28 -743.217
1808.57 -744.301
1809.86 -745.385
1811.15 -746.469
1812.44 -747.554
1813.73 -748.638
1815.02 -749.722
1816.31 -750.806
1817.59 -751.89
1818.88 -752.974
1820.17 -754.058
1821.46 -755.142
1822.75 -756.226
1824.04 -757.31
1825.33 -758.395
1826.62 -759.479
1827.91 -760.563
1829.19 -761.647
1830.48 -762.731
1831.77 -763.815
1833.06 -764.899
1834.35 -765.983
1835.64 -767.067
1836.93 -768.152
1838.22 -769.236
1839.51 -770.32
1840.8 -771.404
1842.08 -772.488
1843.37 -773.572
1844.66 -774.656
1845.95 -775.74
1847.24 -776.824
1848.53 -777.909
1849.82 -778.993
1851.11 -780.077
1852.4 -781.161
1853.68 -782.245
1854.97 -783.329
1856.26 -784.413
1857.55 -785.497
1858.84 -786.581
1860.13 -787.665
1861.42 -788.75
1862.71 -789.834
1864 -790.918
1865.29 -792.002
1866.57 -793.086
1867.86 -794.17
1869.15 -795.254
1870.44 -796.338
1871.73 -797.422
1873.02 -798.507
1874.31 -799.591
1875.6 -800.675
1876.89 -801.759
1878.17 -802.843
1879.46 -803.927
1880.75 -805.011
1882.04 -806.095
1883.33 -807.179
1884.62 -808.263
1885.91 -809.348
1887.2 -810.432
1888.49 -811.516
1889.77 -812.6
1891.06 -813.684
1892.35 -814.768
1893.64 -815.852
1894.93 -816.936
1896.22 -818.02
1897.51 -819.105
1898.8 -820.189
1900.09 -821.273
1901.38 -822.357
1902.66 -823.441
1903.95 -824.525
1905.24 -825.609
1906.53 -826.693
1907.82 -827.777
1909.11 -828.862
1910.4 -829.946
1911.69 -831.03
1912.98 -832.114
1914.26 -833.198
1915.55 -834.282
1916.84 -835.366
1918.13 -836.45
1919.42 -837.534
1920.71 -838.618
1922 -839.703
1923.29 -840.787
1924.58 -841.871
1925.87 -842.955
1927.15 -844.039
1928.44 -845.123
1929.73 -846.207
1931.02 -847.291
1932.31 -848.375
1933.6 -849.46
1934.89 -850.544
1936.18 -851.628
1937.47 -852.712
1938.75 -853.796
1940.04 -854.88
1941.33 -855.964
1942.62 -857.048
1943.91 -858.132
1945.2 -859.216
1946.49 -860.3
1947.78 -861.384
1949.07 -862.468
1950.36 -863.552
1951.64 -864.636
1952.93 -865.72
1954.22 -866.804
1955.51 -867.888
1956.8 -868.973
1958.09 -870.057
1959.38 -871.141
1960.67 -872.225
1961.96 -873.309
1963.24 -874.393
1964.53 -875.477
1965.82 -876.561
1967.11 -877.645
1968.4 -878.729
1969.69 -879.813
1970.98 -880.897
1972.27 -881.981
1973.56 -883.065
1974.84 -884.149
1976.13 -885.233
1977.42 -886.317
1978.71 -887.401
1980 -888.485
1981.29 -889.569
1982.58 -890.653
1983.87 -891.737
1985.16 -892.822
1986.45 -893.906
1987.73 -894.99
1989.02 -896.074
1990.31 -897.158
1991.6 -898.242
1992.89 -899.326
1994.18 -900.41
1995.47 -901.494
1996.76 -902.578
1998.05 -903.662
1999.33 -904.746
2000.62 -905.83
2001.91 -906.914
2003.2 -907.998
2004.49 -909.082
2005.78 -910.166
2007.07 -911.25
2008.36 -912.334
2009.65 -913.418
2010.94 -914.502
2012.22 -915.586
2013.51 -916.671
2014.8 -917.755
2016.09 -918.839
2017.38 -919.923
2018.67 -921.007
2019.96 -922.091
2021.25 -923.175
2022.54 -924.259
2023.82 -925.343
2025.11 -926.427
2026.4 -927.511
2027.69 -928.595
2028.98 -929.679
2030.27 -930.763
2031.56 -931.847
2032.85 -932.931
2034.14 -934.015
2035.43 -935.099
2036.71 -936.183
2038 -937.267
2039.29 -938.351
2040.58 -939.435
2041.87 -940.52
2043.16 -941.604
2044.45 -942.688
2045.74 -943.772
2047.03 -944.856
2048.31 -945.94
2049.6 -947.024
2050.89 -948.108
2052.18 -949.192
2053.47 -950.276
2054.76 -951.36
2056.05 -952.444
2057.34 -953.528
2058.63 -954.612
2059.92 -955.696
2061.21 -956.78
2062.49 -957.864
2063.78 -958.948
2065.07 -960.032
2066.36 -961.116
2067.65 -962.2
2068.94 -963.284
2070.23 -964.369
2071.52 -965.453
2072.81 -966.537
2074.1 -967.621
2075.39 -968.705
2076.67 -969.789
2077.96 -970.873
2079.25 -971.957
2080.54 -973.041
2081.83 -974.125
2083.12 -975.209
2084.41 -976.293
2085.7 -977.377
2086.99 -978.461
2088.28 -979.545
2089.56 -980.629
2090.85 -981.713
2092.14 -982.797
2093.43 -983.881
2094.72 -984.965
2096.01 -986.049
2097.3 -987.133
2098.59 -988.218
2099.88 -989.302
2101.17 -990.386
2102.46 -991.47
2103.74 -992.554
2105.03 -993.638
2106.32 -994.722
2107.61 -995.806
2108.9 -996.89
2110.19 -997.974
2111.48 -999.058
2112.77 -1000.14
2114.06 -1001.23
2115.35 -1002.31
2116.64 -1003.39
2117.92 -1004.48
2119.21 -1005.56
2120.5 -1006.65
2121.79 -1007.73
2123.08 -1008.81
2124.37 -1009.9
2125.66 -1010.98
2126.95 -1012.07
2128.24 -1013.15
2129.53 -1014.23
2130.81 -1015.32
2132.1 -1016.4
2133.39 -1017.49
2134.68 -1018.57
2135.97 -1019.65
2137.26 -1020.74
2138.55 -1021.82
2139.84 -1022.91
2141.13 -1023.99
2142.42 -1025.08
2143.71 -1026.16
2144.99 -1027.24
2146.28 -1028.33
2147.57 -1029.41
2148.86 -1030.5
2150.15 -1031.58
2151.44 -1032.66
2152.73 -1033.75
2154.02 -1034.83
2155.31 -1035.92
2156.6 -1037
2157.89 -1038.08
2159.17 -1039.17
2160.46 -1040.25
2161.75 -1041.34
2163.04 -1042.42
2164.33 -1043.5
2165.62 -1044.59
2166.91 -1045.67
2168.2 -1046.76
2169.49 -1047.84
2170.78 -1048.93
2172.06 -1050.01
2173.35 -1051.09
2174.64 -1052.18
2175.93 -1053.26
2177.22 -1054.35
2178.51 -1055.43
2179.8 -1056.51
2181.09 -1057.6
2182.38 -1058.68
2183.67 -1059.77
2184.96 -1060.85
2186.24 -1061.93
2187.53 -1063.02
2188.82 -1064.1
2190.11 -1065.19
2191.4 -1066.27
2192.69 -1067.36
2193.98 -1068.44
2195.27 -1069.52
2196.56 -1070.61
2197.85 -1071.69
2199.14 -1072.78
2200.42 -1073.86
2201.71 -1074.94
2203 -1076.03
2204.29 -1077.11
2205.58 -1078.2
2206.87 -1079.28
2208.16 -1080.36
2209.45 -1081.45
2210.74 -1082.53
2212.03 -1083.62
2213.31 -1084.7
2214.6 -1085.79
2215.89 -1086.87
2217.18 -1087.95
2218.47 -1089.04
2219.76 -1090.12
2221.05 -1091.21
2222.34 -1092.29
2223.63 -1093.37
2224.92 -1094.46
2226.21 -1095.54
2227.49 -1096.63
2228.78 -1097.71
2230.07 -1098.79
2231.36 -1099.88
2232.65 -1100.96
2233.94 -1102.05
2235.23 -1103.13
2236.52 -1104.21
2237.81 -1105.3
2239.1 -1106.38
2240.39 -1107.47
2241.67 -1108.55
2242.96 -1109.64
2244.25 -1110.72
2245.54 -1111.8
2246.83 -1112.89
2248.12 -1113.97
2249.41 -1115.06
2250.7 -1116.14
2251.99 -1117.22
2253.28 -1118.31
2254.56 -1119.39
2255.85 -1120.48
2257.14 -1121.56
2258.43 -1122.64
2259.72 -1123.73
2261.01 -1124.81
2262.3 -1125.9
2263.59 -1126.98
2264.88 -1128.07
2266.17 -1129.15
2267.46 -1130.23
2268.74 -1131.32
2270.03 -1132.4
2271.32 -1133.49
2272.61 -1134.57
2273.9 -1135.65
2275.19 -1136.74
2276.48 -1137.82
2277.77 -1138.91
2279.06 -1139.99
2280.35 -1141.07
2281.64 -1142.16
2282.92 -1143.24
2284.21 -1144.33
2285.5 -1145.41
2286.79 -1146.49
2288.08 -1147.58
2289.37 -1148.66
2290.66 -1149.75
2291.95 -1150.83
2293.24 -1151.92
2294.53 -1153
2295.81 -1154.08
2297.1 -1155.17
2298.39 -1156.25
2299.68 -1157.34
2300.97 -1158.42
2302.26 -1159.5
2303.55 -1160.59
2304.84 -1161.67
2306.13 -1162.76
2307.42 -1163.84
2308.71 -1164.92
2309.99 -1166.01
2311.28 -1167.09
2312.57 -1168.18
2313.86 -1169.26
2315.15 -1170.35
2316.44 -1171.43
2317.73 -1172.51
2319.02 -1173.6
2320.31 -1174.68
2321.6 -1175.77
2322.89 -1176.85
2324.17 -1177.93
2325.46 -1179.02
2326.75 -1180.1
2328.04 -1181.19
2329.33 -1182.27
2330.62 -1183.35
2331.91 -1184.44
2333.2 -1185.52
2334.49 -1186.61
2335.78 -1187.69
2337.06 -1188.78
2338.35 -1189.86
2339.64 -1190.94
2340.93 -1192.03
2342.22 -1193.11
2343.51 -1194.2
2344.8 -1195.28
2346.09 -1196.36
2347.38 -1197.45
2348.67 -1198.53
2349.96 -1199.62
2351.24 -1200.7
2352.53 -1201.78
2353.82 -1202.87
2355.11 -1203.95
2356.4 -1205.04
2357.69 -1206.12
2358.98 -1207.2
2360.27 -1208.29
2361.56 -1209.37
2362.85 -1210.46
2364.14 -1211.54
2365.42 -1212.63
2366.71 -1213.71
2368 -1214.79
2369.29 -1215.88
2370.58 -1216.96
2371.87 -1218.05
2373.16 -1219.13
2374.45 -1220.21
2375.74 -1221.3
2377.03 -1222.38
2378.31 -1223.47
2379.6 -1224.55
2380.89 -1225.63
2382.18 -1226.72
2383.47 -1227.8
2384.76 -1228.89
2386.05 -1229.97
2387.34 -1231.06
2388.63 -1232.14
2389.92 -1233.22
2391.21 -1234.31
2392.49 -1235.39
2393.78 -1236.48
2395.07 -1237.56
2396.36 -1238.64
2397.65 -1239.73
2398.94 -1240.81
2400.23 -1241.9
2401.52 -1242.98
2402.81 -1244.06
2404.1 -1245.15
2405.39 -1246.23
2406.67 -1247.32
2407.96 -1248.4
2409.25 -1249.49
2410.54 -1250.57
2411.83 -1251.65
2413.12 -1252.74
2414.41 -1253.82
2415.7 -1254.91
2416.99 -1255.99
2418.28 -1257.07
2419.56 -1258.16
2420.85 -1259.24
2422.14 -1260.33
2423.43 -1261.41
2424.72 -1262.49
2426.01 -1263.58
2427.3 -1264.66
2428.59 -1265.75
2429.88 -1266.83
2431.17 -1267.91
2432.46 -1269
2433.74 -1270.08
2435.03 -1271.17
2436.32 -1272.25
2437.61 -1273.34
2438.9 -1274.42
2440.19 -1275.5
2441.48 -1276.59
2442.77 -1277.67
2444.06 -1278.76
2445.35 -1279.84
2446.64 -1280.92
2447.92 -1282.01
2449.21 -1283.09
2450.5 -1284.18
2451.79 -1285.26
2453.08 -1286.34
2454.37 -1287.43
2455.66 -1288.51
2456.95 -1289.6
2458.24 -1290.68
2459.53 -1291.77
2460.81 -1292.85
2462.1 -1293.93
2463.39 -1295.02
2464.68 -1296.1
2465.97 -1297.19
2467.26 -1298.27
2468.55 -1299.35
2469.84 -1300.44
2471.13 -1301.52
2472.42 -1302.61
2473.71 -1303.69
2474.99 -1304.77
2476.28 -1305.86
2477.57 -1306.94
2478.86 -1308.03
2480.15 -1309.11
2481.44 -1310.2
2482.73 -1311.28
2484.02 -1312.36
2485.31 -1313.45
2486.6 -1314.53
2487.89 -1315.62
2489.17 -1316.7
2490.46 -1317.78
2491.75 -1318.87
2493.04 -1319.95
2494.33 -1321.04
2495.62 -1322.12
2496.91 -1323.2
2498.2 -1324.29
2499.49 -1325.37
2500.78 -1326.46
2502.06 -1327.54
2503.35 -1328.62
2504.64 -1329.71
2505.93 -1330.79
2507.22 -1331.88
2508.51 -1332.96
2509.8 -1334.05
2511.09 -1335.13
2512.38 -1336.21
2513.67 -1337.3
2514.96 -1338.38
2516.24 -1339.47
2517.53 -1340.55
2518.82 -1341.63
2520.11 -1342.72
2521.4 -1343.8
2522.69 -1344.89
2523.98 -1345.97
2525.27 -1347.05
2526.56 -1348.14
2527.85 -1349.22
2529.14 -1350.31
2530.42 -1351.39
2531.71 -1352.48
2533 -1353.56
2534.29 -1354.64
2535.58 -1355.73
2536.87 -1356.81
2538.16 -1357.9
2539.45 -1358.98
2540.74 -1360.06
2542.03 -1361.15
2543.31 -1362.23
2544.6 -1363.32
2545.89 -1364.4
2547.18 -1365.48
2548.47 -1366.57
2549.76 -1367.65
2551.05 -1368.74
2552.34 -1369.82
2553.63 -1370.91
2554.92 -1371.99
2556.21 -1373.07
2557.49 -1374.16
2558.78 -1375.24
2560.07 -1376.33
2561.36 -1377.41
2562.65 -1378.49
2563.94 -1379.58
2565.23 -1380.66
2566.52 -1381.75
2567.81 -1382.83
2569.1 -1383.91
2570.39 -1385
2571.67 -1386.08
2572.96 -1387.17
2574.25 -1388.25
2575.54 -1389.33
2576.83 -1390.42
2578.12 -1391.5
2579.41 -1392.59
2580.7 -1393.67
2581.99 -1394.76
2583.28 -1395.84
2584.56 -1396.92
2585.85 -1398.01
2587.14 -1399.09
2588.43 -1400.18
2589.72 -1401.26
2591.01 -1402.34
2592.3 -1403.43
2593.59 -1404.51
2594.88 -1405.6
2596.17 -1406.68
2597.46 -1407.76
2598.74 -1408.85
2600.03 -1409.93
2601.32 -1411.02
2602.61 -1412.1
2603.9 -1413.19
2605.19 -1414.27
2606.48 -1415.35
2607.77 -1416.44
2609.06 -1417.52
2610.35 -1418.61
2611.64 -1419.69
2612.92 -1420.77
2614.21 -1421.86
2615.5 -1422.94
2616.79 -1424.03
2618.08 -1425.11
2619.37 -1426.19
2620.66 -1427.28
2621.95 -1428.36
2623.24 -1429.45
2624.53 -1430.53
2625.81 -1431.61
2627.1 -1432.7
2628.39 -1433.78
2629.68 -1434.87
2630.97 -1435.95
2632.26 -1437.04
2633.55 -1438.12
2634.84 -1439.2
2636.13 -1440.29
2637.42 -1441.37
2638.71 -1442.46
2639.99 -1443.54
2641.28 -1444.62
2642.57 -1445.71
2643.86 -1446.79
2645.15 -1447.88
2646.44 -1448.96
2647.73 -1450.04
2649.02 -1451.13
2650.31 -1452.21
2651.6 -1453.3
2652.89 -1454.38
2654.17 -1455.47
2655.46 -1456.55
2656.75 -1457.63
2658.04 -1458.72
2659.33 -1459.8
2660.62 -1460.89
2661.91 -1461.97
2663.2 -1463.05
2664.49 -1464.14
2665.78 -1465.22
2667.06 -1466.31
2668.35 -1467.39
2669.64 -1468.47
2670.93 -1469.56
2672.22 -1470.64
2673.51 -1471.73
2674.8 -1472.81
2676.09 -1473.9
2677.38 -1474.98
2678.67 -1476.06
2679.96 -1477.15
2681.24 -1478.23
2682.53 -1479.32
2683.82 -1480.4
2685.11 -1481.48
2686.4 -1482.57
2687.69 -1483.65
2688.98 -1484.74
2690.27 -1485.82
2691.56 -1486.9
2692.85 -1487.99
2694.14 -1489.07
2695.42 -1490.16
2696.71 -1491.24
2698 -1492.32
2699.29 -1493.41
2700.58 -1494.49
2701.87 -1495.58
2703.16 -1496.66
2704.45 -1497.75
2705.74 -1498.83
2707.03 -1499.91
2708.31 -1501
2709.6 -1502.08
2710.89 -1503.17
2712.18 -1504.25
2713.47 -1505.33
2714.76 -1506.42
2716.05 -1507.5
2717.34 -1508.59
2718.63 -1509.67
2719.92 -1510.75
2721.21 -1511.84
2722.49 -1512.92
2723.78 -1514.01
2725.07 -1515.09
2726.36 -1516.18
2727.65 -1517.26
2728.94 -1518.34
2730.23 -1519.43
2731.52 -1520.51
2732.81 -1521.6
2734.1 -1522.68
2735.39 -1523.76
2736.67 -1524.85
2737.96 -1525.93
2739.25 -1527.02
2740.54 -1528.1
2741.83 -1529.18
2743.12 -1530.27
2744.41 -1531.35
2745.7 -1532.44
2746.99 -1533.52
2748.28 -1534.61
2749.56 -1535.69
2750.85 -1536.77
2752.14 -1537.86
2753.43 -1538.94
2754.72 -1540.03
2756.01 -1541.11
2757.3 -1542.19
2758.59 -1543.28
2759.88 -1544.36
2761.17 -1545.45
2762.46 -1546.53
2763.74 -1547.61
2765.03 -1548.7
2766.32 -1549.78
2767.61 -1550.87
2768.9 -1551.95
2770.19 -1553.03
2771.48 -1554.12
2772.77 -1555.2
2774.06 -1556.29
2775.35 -1557.37
2776.64 -1558.46
2777.92 -1559.54
2779.21 -1560.62
2780.5 -1561.71
2781.79 -1562.79
2783.08 -1563.88
2784.37 -1564.96
2785.66 -1566.04
2786.95 -1567.13
2788.24 -1568.21
2789.53 -1569.3
2790.81 -1570.38
2792.1 -1571.46
2793.39 -1572.55
2794.68 -1573.63
2795.97 -1574.72
2797.26 -1575.8
2798.55 -1576.89
2799.84 -1577.97
2801.13 -1579.05
2802.42 -1580.14
2803.71 -1581.22
2804.99 -1582.31
2806.28 -1583.39
2807.57 -1584.47
2808.86 -1585.56
2810.15 -1586.64
2811.44 -1587.73
2812.73 -1588.81
2814.02 -1589.89
2815.31 -1590.98
2816.6 -1592.06
2817.89 -1593.15
2819.17 -1594.23
2820.46 -1595.32
2821.75 -1596.4
2823.04 -1597.48
2824.33 -1598.57
2825.62 -1599.65
2826.91 -1600.74
2828.2 -1601.82
2829.49 -1602.9
2830.78 -1603.99
2832.06 -1605.07
2833.35 -1606.16
2834.64 -1607.24
2835.93 -1608.32
2837.22 -1609.41
2838.51 -1610.49
2839.8 -1611.58
2841.09 -1612.66
2842.38 -1613.74
2843.67 -1614.83
2844.96 -1615.91
2846.24 -1617
2847.53 -1618.08
2848.82 -1619.17
2850.11 -1620.25
2851.4 -1621.33
2852.69 -1622.42
2853.98 -1623.5
2855.27 -1624.59
2856.56 -1625.67
2857.85 -1626.75
2859.14 -1627.84
2860.42 -1628.92
2861.71 -1630.01
2863 -1631.09
2864.29 -1632.17
2865.58 -1633.26
2866.87 -1634.34
2868.16 -1635.43
2869.45 -1636.51
2870.74 -1637.6
2872.03 -1638.68
2873.31 -1639.76
2874.6 -1640.85
2875.89 -1641.93
2877.18 -1643.02
2878.47 -1644.1
2879.76 -1645.18
2881.05 -1646.27
2882.34 -1647.35
2883.63 -1648.44
2884.92 -1649.52
2886.21 -1650.6
2887.49 -1651.69
2888.78 -1652.77
2890.07 -1653.86
2891.36 -1654.94
2892.65 -1656.03
2893.94 -1657.11
