250 -600
251.38 -599.034
252.759 -598.068
254.139 -597.102
255.519 -596.136
256.899 -595.17
258.278 -594.204
259.658 -593.238
261.038 -592.271
262.418 -591.305
263.797 -590.339
265.177 -589.373
266.557 -588.407
267.936 -587.441
269.316 -586.475
270.696 -585.509
272.076 -584.543
273.455 -583.577
274.835 -582.611
276.215 -581.644
277.595 -580.678
278.974 -579.712
280.354 -578.746
281.734 -577.78
283.113 -576.814
284.493 -575.848
285.873 -574.882
287.253 -573.915
288.632 -572.949
290.012 -571.983
291.392 -571.017
292.772 -570.051
294.151 -569.085
295.531 -568.119
296.911 -567.153
298.291 -566.186
299.671 -565.22
301.05 -564.254
302.43 -563.288
303.81 -562.322
305.19 -561.356
306.569 -560.39
307.949 -559.424
309.329 -558.457
310.709 -557.491
312.088 -556.525
313.468 -555.559
314.848 -554.593
316.228 -553.627
317.607 -552.661
318.987 -551.695
320.367 -550.728
321.747 -549.762
323.127 -548.796
324.506 -547.83
325.886 -546.864
327.266 -545.898
328.646 -544.932
330.026 -543.966
331.405 -542.999
332.785 -542.033
334.165 -541.067
335.545 -540.101
336.925 -539.135
338.304 -538.169
339.684 -537.203
341.064 -536.236
342.444 -535.27
343.824 -534.304
345.204 -533.338
346.583 -532.372
347.963 -531.406
349.343 -530.439
350.723 -529.473
352.103 -528.507
353.483 -527.541
354.862 -526.575
356.242 -525.608
357.622 -524.642
359.002 -523.676
360.382 -522.71
361.762 -521.744
363.142 -520.777
364.521 -519.811
365.901 -518.845
367.281 -517.879
368.661 -516.913
370.041 -515.947
371.421 -514.98
372.801 -514.014
374.181 -513.048
375.56 -512.082
376.94 -511.116
378.32 -510.149
379.7 -509.183
381.08 -508.217
382.46 -507.251
383.84 -506.284
385.22 -505.318
386.6 -504.352
387.98 -503.386
389.359 -502.42
390.739 -501.453
392.119 -500.487
393.499 -499.521
394.879 -498.555
396.259 -497.588
397.639 -496.622
399.019 -495.656
400.399 -494.69
401.779 -493.723
403.159 -492.757
404.539 -491.791
405.919 -490.825
407.299 -489.858
408.679 -488.892
410.059 -487.926
411.439 -486.959
412.819 -485.993
414.199 -485.027
415.579 -484.061
416.959 -483.094
418.339 -482.128
419.719 -481.162
421.099 -480.195
422.479 -479.229
423.859 -478.263
425.239 -477.296
426.619 -476.33
427.999 -475.364
429.379 -474.397
430.759 -473.431
432.139 -472.465
433.52 -471.498
434.9 -470.532
436.28 -469.566
437.66 -468.599
439.04 -467.633
440.42 -466.667
441.8 -465.7
443.18 -464.734
444.56 -463.768
445.941 -462.801
447.321 -461.835
448.701 -460.868
450.081 -459.902
451.461 -458.936
452.841 -457.969
454.222 -457.003
455.602 -456.036
456.982 -455.07
458.362 -454.103
459.742 -453.137
461.123 -452.171
462.503 -451.204
463.883 -450.238
465.263 -449.271
466.644 -448.305
468.024 -447.338
469.404 -446.372
470.784 -445.405
472.165 -444.439
473.545 -443.472
474.925 -442.506
476.306 -441.539
477.686 -440.573
479.066 -439.606
480.447 -438.64
481.827 -437.673
483.207 -436.707
484.588 -435.74
485.968 -434.774
487.348 -433.807
488.729 -432.841
490.109 -431.874
491.49 -430.907
492.87 -429.941
494.251 -428.974
495.631 -428.008
497.011 -427.041
498.392 -426.074
499.772 -425.108
501.153 -424.141
502.533 -423.174
503.914 -422.208
505.294 -421.241
506.675 -420.274
508.056 -419.308
509.436 -418.341
510.817 -417.374
512.197 -416.408
513.578 -415.441
514.959 -414.474
516.339 -413.508
517.72 -412.541
519.101 -411.574
520.481 -410.607
521.862 -409.641
523.243 -408.674
524.623 -407.707
526.004 -406.74
527.385 -405.773
528.766 -404.806
530.146 -403.84
531.527 -402.873
532.908 -401.906
534.289 -400.939
535.67 -399.972
537.051 -399.005
538.432 -398.038
539.812 -397.071
541.193 -396.105
542.574 -395.138
543.955 -394.171
545.336 -393.204
546.717 -392.237
548.098 -391.27
549.479 -390.303
550.86 -389.336
552.241 -388.369
553.622 -387.402
555.003 -386.435
556.385 -385.468
557.766 -384.5
559.147 -383.533
560.528 -382.566
561.909 -381.599
563.291 -380.632
564.672 -379.665
566.053 -378.698
567.434 -377.73
568.816 -376.763
570.197 -375.796
571.578 -374.829
572.96 -373.862
574.341 -372.894
575.723 -371.927
577.104 -370.96
578.485 -369.992
579.867 -369.025
581.249 -368.058
582.63 -367.09
584.012 -366.123
585.393 -365.156
586.775 -364.188
588.157 -363.221
589.538 -362.253
590.92 -361.286
592.302 -360.318
593.684 -359.351
595.065 -358.383
596.447 -357.416
597.829 -356.448
599.211 -355.48
600.593 -354.513
601.975 -353.545
603.357 -352.577
604.739 -351.61
606.121 -350.642
607.503 -349.674
608.885 -348.706
610.267 -347.739
611.649 -346.771
613.032 -345.803
614.414 -344.835
615.796 -343.867
617.178 -342.899
618.561 -341.931
619.943 -340.963
621.326 -339.995
622.708 -339.027
624.091 -338.059
625.473 -337.091
626.856 -336.123
628.238 -335.155
629.621 -334.187
631.004 -333.219
632.387 -332.25
633.769 -331.282
635.152 -330.314
636.535 -329.346
637.918 -328.377
639.301 -327.409
640.684 -326.44
642.067 -325.472
643.45 -324.503
644.833 -323.535
646.217 -322.566
647.6 -321.598
648.983 -320.629
650.367 -319.661
651.75 -318.692
653.133 -317.723
654.517 -316.754
655.901 -315.786
657.284 -314.817
658.668 -313.848
660.052 -312.879
661.435 -311.91
662.819 -310.941
664.203 -309.972
665.587 -309.003
666.971 -308.034
668.355 -307.065
669.739 -306.096
671.124 -305.126
672.508 -304.157
673.892 -303.188
675.277 -302.218
676.661 -301.249
678.046 -300.28
679.43 -299.31
680.815 -298.34
682.2 -297.371
683.584 -296.401
684.969 -295.432
686.354 -294.462
687.739 -293.492
689.124 -292.522
690.51 -291.552
691.895 -290.582
693.28 -289.612
694.665 -288.642
696.051 -287.672
697.437 -286.702
698.822 -285.732
700.208 -284.761
701.594 -283.791
702.98 -282.821
704.366 -281.85
705.752 -280.88
707.138 -279.909
708.524 -278.938
709.91 -277.968
711.297 -276.997
712.683 -276.026
714.07 -275.055
715.457 -274.084
716.843 -273.113
718.23 -272.142
719.617 -271.171
721.004 -270.199
722.392 -269.228
723.779 -268.257
725.166 -267.285
726.554 -266.314
727.942 -265.342
729.329 -264.37
730.717 -263.398
732.105 -262.427
733.493 -261.455
734.881 -260.483
736.27 -259.511
737.658 -258.538
739.047 -257.566
740.435 -256.594
741.824 -255.621
743.213 -254.649
744.602 -253.676
745.991 -252.703
747.381 -251.73
748.77 -250.758
750.16 -249.785
751.549 -248.811
752.939 -247.838
754.329 -246.865
755.719 -245.892
757.11 -244.918
758.5 -243.944
759.891 -242.971
761.282 -241.997
762.673 -241.023
764.064 -240.049
765.455 -239.075
766.846 -238.101
768.238 -237.126
769.629 -236.152
771.021 -235.177
772.413 -234.202
773.806 -233.228
775.198 -232.253
776.591 -231.278
777.983 -230.302
779.376 -229.327
780.769 -228.352
782.163 -227.376
783.556 -226.4
784.95 -225.424
786.344 -224.448
787.738 -223.472
789.132 -222.496
790.527 -221.519
791.921 -220.543
793.316 -219.566
794.711 -218.589
796.107 -217.612
797.502 -216.635
798.898 -215.658
800.294 -214.68
801.69 -213.703
803.087 -212.725
804.483 -211.747
805.88 -210.769
807.277 -209.79
808.675 -208.812
810.072 -207.833
811.47 -206.854
812.869 -205.875
814.267 -204.896
815.666 -203.917
817.065 -202.937
818.464 -201.958
819.863 -200.978
821.263 -199.997
822.663 -199.017
824.064 -198.037
825.464 -197.056
826.865 -196.075
828.266 -195.094
829.668 -194.112
831.07 -193.131
832.472 -192.149
833.874 -191.167
835.277 -190.185
836.68 -189.202
838.084 -188.22
839.488 -187.237
840.892 -186.253
842.296 -185.27
843.701 -184.286
845.106 -183.302
846.512 -182.318
847.918 -181.334
849.324 -180.349
850.73 -179.364
852.138 -178.379
853.545 -177.393
854.953 -176.408
856.361 -175.422
857.77 -174.435
859.179 -173.449
860.588 -172.462
861.998 -171.475
863.408 -170.487
864.819 -169.499
866.23 -168.511
867.642 -167.523
869.054 -166.534
870.467 -165.545
871.88 -164.555
873.293 -163.566
874.707 -162.576
876.122 -161.585
877.537 -160.594
878.952 -159.603
880.368 -158.612
881.785 -157.62
883.202 -156.628
884.619 -155.635
886.037 -154.642
887.456 -153.649
888.875 -152.655
890.295 -151.661
891.716 -150.666
893.137 -149.671
894.558 -148.676
895.98 -147.68
897.403 -146.684
898.827 -145.687
900.251 -144.69
901.675 -143.692
903.101 -142.694
904.527 -141.696
905.953 -140.697
907.381 -139.697
908.809 -138.697
910.238 -137.697
911.667 -136.696
913.098 -135.694
914.529 -134.692
915.96 -133.69
917.393 -132.687
918.826 -131.683
920.26 -130.679
921.695 -129.674
923.131 -128.669
924.567 -127.663
926.005 -126.657
927.443 -125.65
928.882 -124.642
930.322 -123.634
931.763 -122.625
933.204 -121.615
934.647 -120.605
936.091 -119.594
937.535 -118.583
938.981 -117.571
940.427 -116.558
941.875 -115.544
943.324 -114.53
944.773 -113.515
946.224 -112.499
947.676 -111.482
949.128 -110.465
950.582 -109.447
952.037 -108.428
953.494 -107.409
954.951 -106.388
956.409 -105.367
957.869 -104.345
959.33 -103.322
960.792 -102.298
962.256 -101.273
963.721 -100.248
965.187 -99.2211
966.654 -98.1936
968.123 -97.1652
969.593 -96.1358
971.064 -95.1054
972.537 -94.074
974.012 -93.0416
975.488 -92.0082
976.965 -90.9737
978.444 -89.9382
979.924 -88.9016
981.406 -87.8638
982.89 -86.825
984.375 -85.7849
985.862 -84.7438
987.351 -83.7014
988.841 -82.6578
990.334 -81.613
991.828 -80.5669
993.323 -79.5195
994.821 -78.4709
996.321 -77.4209
997.822 -76.3695
999.326 -75.3168
1000.83 -74.2627
1002.34 -73.2071
1003.85 -72.1501
1005.36 -71.0916
1006.87 -70.0315
1008.3 -71.2134
1009.72 -72.3933
1011.14 -73.5713
1012.56 -74.7475
1013.97 -75.9219
1015.39 -77.0946
1016.8 -78.2655
1018.21 -79.4347
1019.61 -80.6023
1021.02 -81.7683
1022.42 -82.9327
1023.82 -84.0955
1025.22 -85.2568
1026.62 -86.4166
1028.02 -87.575
1029.41 -88.7319
1030.8 -89.8874
1032.19 -91.0415
1033.58 -92.1943
1034.97 -93.3457
1036.36 -94.4959
1037.74 -95.6448
1039.13 -96.7924
1040.51 -97.9388
1041.89 -99.084
1043.27 -100.228
1044.64 -101.371
1046.02 -102.513
1047.39 -103.653
1048.77 -104.793
1050.14 -105.931
1051.51 -107.069
1052.88 -108.205
1054.25 -109.34
1055.61 -110.475
1056.98 -111.608
1058.35 -112.74
1059.71 -113.872
1061.07 -115.002
1062.43 -116.132
1063.79 -117.261
1065.15 -118.389
1066.51 -119.516
1067.87 -120.642
1069.22 -121.767
1070.58 -122.892
1071.93 -124.015
1073.29 -125.138
1074.64 -126.261
1075.99 -127.382
1077.34 -128.503
1078.69 -129.622
1080.04 -130.742
1081.39 -131.86
1082.74 -132.978
1084.08 -134.095
1085.43 -135.212
1086.77 -136.327
1088.12 -137.442
1089.46 -138.557
1090.8 -139.671
1092.14 -140.784
1093.48 -141.897
1094.82 -143.009
1096.16 -144.12
1097.5 -145.231
1098.84 -146.342
1100.18 -147.451
1101.52 -148.561
1102.85 -149.669
1104.19 -150.777
1105.52 -151.885
1106.86 -152.992
1108.19 -154.099
1109.52 -155.205
1110.86 -156.311
1112.19 -157.416
1113.52 -158.521
1114.85 -159.625
1116.18 -160.729
1117.51 -161.832
1118.84 -162.935
1120.17 -164.037
1121.5 -165.14
1122.82 -166.241
1124.15 -167.342
1125.48 -168.443
1126.8 -169.544
1128.13 -170.644
1129.46 -171.743
1130.78 -172.843
1132.1 -173.942
1133.43 -175.04
1134.75 -176.138
1136.07 -177.236
1137.4 -178.334
1138.72 -179.431
1140.04 -180.528
1141.36 -181.624
1142.68 -182.72
1144 -183.816
1145.33 -184.912
1146.65 -186.007
1147.96 -187.102
1149.28 -188.196
1150.6 -189.291
1151.92 -190.385
1153.24 -191.478
1154.56 -192.572
1155.87 -193.665
1157.19 -194.758
1158.51 -195.851
1159.82 -196.943
1161.14 -198.035
1162.46 -199.127
1163.77 -200.218
1165.09 -201.31
1166.4 -202.401
1167.72 -203.492
1169.03 -204.582
1170.35 -205.673
1171.66 -206.763
1172.97 -207.853
1174.29 -208.943
1175.6 -210.032
1176.91 -211.121
1178.23 -212.21
1179.54 -213.299
1180.85 -214.388
1182.16 -215.476
1183.47 -216.565
1184.78 -217.653
1186.09 -218.741
1187.41 -219.828
1188.72 -220.916
1190.03 -222.003
1191.34 -223.09
1192.65 -224.177
1193.96 -225.264
1195.27 -226.35
1196.58 -227.437
1197.88 -228.523
1199.19 -229.609
1200.5 -230.695
1201.81 -231.781
1203.12 -232.867
1204.43 -233.952
1205.74 -235.037
1207.04 -236.123
1208.35 -237.208
1209.66 -238.292
1210.97 -239.377
1212.27 -240.462
1213.58 -241.546
1214.89 -242.63
1216.19 -243.715
1217.5 -244.799
1218.81 -245.883
1220.11 -246.966
1221.42 -248.05
1222.72 -249.134
1224.03 -250.217
1225.34 -251.3
1226.64 -252.384
1227.95 -253.467
1229.25 -254.55
1230.56 -255.632
1231.86 -256.715
1233.17 -257.798
1234.47 -258.88
1235.78 -259.963
1237.08 -261.045
1238.38 -262.127
1239.69 -263.209
1240.99 -264.291
1242.3 -265.373
1243.6 -266.455
1244.9 -267.537
1246.21 -268.618
1247.51 -269.7
1248.81 -270.781
1250.12 -271.862
1251.42 -272.944
1252.72 -274.025
1254.03 -275.106
1255.33 -276.187
1256.63 -277.268
1257.93 -278.349
1259.24 -279.429
1260.54 -280.51
1261.84 -281.591
1263.14 -282.671
1264.44 -283.751
1265.75 -284.832
1267.05 -285.912
1268.35 -286.992
1269.65 -288.072
1270.95 -289.152
1272.26 -290.232
1273.56 -291.312
1274.86 -292.392
1276.16 -293.472
1277.46 -294.552
1278.76 -295.631
1280.06 -296.711
1281.36 -297.791
1282.67 -298.87
1283.97 -299.949
1285.27 -301.029
1286.57 -302.108
1287.87 -303.187
1289.17 -304.266
1290.47 -305.346
1291.77 -306.425
1293.07 -307.504
1294.37 -308.583
1295.67 -309.662
1296.97 -310.74
1298.27 -311.819
1299.57 -312.898
1300.87 -313.977
1302.17 -315.055
1303.47 -316.134
1304.77 -317.213
1306.07 -318.291
1307.37 -319.37
1308.67 -320.448
1309.97 -321.526
1311.27 -322.605
1312.57 -323.683
1313.87 -324.761
1315.17 -325.839
1316.47 -326.918
1317.77 -327.996
1319.07 -329.074
1320.37 -330.152
1321.67 -331.23
1322.96 -332.308
1324.26 -333.386
1325.56 -334.464
1326.86 -335.542
1328.16 -336.619
1329.46 -337.697
1330.76 -338.775
1332.06 -339.853
1333.36 -340.93
1334.65 -342.008
1335.95 -343.086
1337.25 -344.163
1338.55 -345.241
1339.85 -346.318
1341.15 -347.396
1342.45 -348.473
1343.75 -349.551
1345.04 -350.628
1346.34 -351.706
1347.64 -352.783
1348.94 -353.86
1350.24 -354.938
1351.54 -356.015
1352.83 -357.092
1354.13 -358.169
1355.43 -359.246
1356.73 -360.324
1358.03 -361.401
1359.32 -362.478
1360.62 -363.555
1361.92 -364.632
1363.22 -365.709
1364.52 -366.786
1365.81 -367.863
1367.11 -368.94
1368.41 -370.017
1369.71 -371.094
1371.01 -372.171
1372.3 -373.248
1373.6 -374.325
1374.9 -375.401
1376.2 -376.478
1377.5 -377.555
1378.79 -378.632
1380.09 -379.709
1381.39 -380.785
1382.69 -381.862
1383.98 -382.939
1385.28 -384.015
1386.58 -385.092
1387.88 -386.169
1389.17 -387.245
1390.47 -388.322
1391.77 -389.399
1393.07 -390.475
1394.36 -391.552
1395.66 -392.628
1396.96 -393.705
1398.26 -394.781
1399.55 -395.858
1400.85 -396.934
1402.15 -398.011
1403.45 -399.087
1404.74 -400.164
1406.04 -401.24
1407.34 -402.316
1408.63 -403.393
1409.93 -404.469
1411.23 -405.546
1412.53 -406.622
1413.82 -407.698
1415.12 -408.775
1416.42 -409.851
1417.72 -410.927
1419.01 -412.004
1420.31 -413.08
1421.61 -414.156
1422.9 -415.232
1424.2 -416.309
1425.5 -417.385
1426.79 -418.461
1428.09 -419.537
1429.39 -420.613
1430.69 -421.69
1431.98 -422.766
1433.28 -423.842
1434.58 -424.918
1435.87 -425.994
1437.17 -427.07
1438.47 -428.146
1439.76 -429.223
1441.06 -430.299
1442.36 -431.375
1443.66 -432.451
1444.95 -433.527
1446.25 -434.603
1447.55 -435.679
1448.84 -436.755
1450.14 -437.831
1451.44 -438.907
1452.73 -439.983
1454.03 -441.059
1455.33 -442.135
1456.62 -443.211
1457.92 -444.287
1459.22 -445.363
1460.51 -446.439
1461.81 -447.515
1463.11 -448.591
1464.4 -449.667
1465.7 -450.743
1467 -451.819
1468.29 -452.895
1469.59 -453.971
1470.89 -455.047
1472.18 -456.123
1473.48 -457.199
1474.78 -458.275
1476.07 -459.35
1477.37 -460.426
1478.67 -461.502
1479.96 -462.578
1481.26 -463.654
1482.56 -464.73
1483.85 -465.806
1485.15 -466.881
1486.45 -467.957
1487.74 -469.033
1489.04 -470.109
1490.34 -471.185
1491.63 -472.261
1492.93 -473.336
1494.23 -474.412
1495.52 -475.488
1496.82 -476.564
1498.12 -477.64
1499.41 -478.715
1500.71 -479.791
1502.01 -480.867
1503.3 -481.943
1504.6 -483.019
1505.9 -484.094
1507.19 -485.17
1508.49 -486.246
1509.78 -487.322
1511.08 -488.397
1512.38 -489.473
1513.67 -490.549
1514.97 -491.625
1516.27 -492.7
1517.56 -493.776
1518.86 -494.852
1520.16 -495.928
1521.45 -497.003
1522.75 -498.079
1524.05 -499.155
1525.34 -500.23
1526.64 -501.306
1527.93 -502.382
1529.23 -503.458
1530.53 -504.533
1531.82 -505.609
1533.12 -506.685
1534.42 -507.76
1535.71 -508.836
1537.01 -509.912
1538.31 -510.987
1539.6 -512.063
1540.9 -513.139
1542.2 -514.214
1543.49 -515.29
1544.79 -516.366
1546.08 -517.441
1547.38 -518.517
1548.68 -519.593
1549.97 -520.668
1551.27 -521.744
1552.57 -522.82
1553.86 -523.895
1555.16 -524.971
1556.46 -526.046
1557.75 -527.122
1559.05 -528.198
1560.34 -529.273
1561.64 -530.349
1562.94 -531.425
1564.23 -532.5
1565.53 -533.576
1566.83 -534.651
1568.12 -535.727
1569.42 -536.803
1570.71 -537.878
1572.01 -538.954
1573.31 -540.03
1574.6 -541.105
1575.9 -542.181
1577.2 -543.256
1578.49 -544.332
1579.79 -545.408
1581.08 -546.483
1582.38 -547.559
1583.68 -548.635
1584.97 -549.71
1586.27 -550.786
1587.57 -551.861
1588.86 -552.937
1590.16 -554.012
1591.46 -555.088
1592.75 -556.163
1594.05 -557.239
1595.34 -558.315
1596.64 -559.39
1597.94 -560.466
1599.23 -561.541
1600.53 -562.617
1601.83 -563.692
1603.12 -564.768
1604.42 -565.844
1605.71 -566.919
1607.01 -567.995
1608.31 -569.07
1609.6 -570.146
1610.9 -571.221
1612.2 -572.297
1613.49 -573.372
1614.79 -574.448
1616.08 -575.524
1617.38 -576.599
1618.68 -577.675
1619.97 -578.75
1621.27 -579.826
1622.57 -580.901
1623.86 -581.977
1625.16 -583.052
1626.45 -584.128
1627.75 -585.204
1629.05 -586.279
1630.34 -587.355
1631.64 -588.43
1632.94 -589.506
1634.23 -590.581
1635.53 -591.657
1636.82 -592.733
1638.12 -593.808
1639.42 -594.884
1640.71 -595.959
1642.01 -597.035
1643.31 -598.11
1644.6 -599.186
1645.9 -600.261
1647.19 -601.337
1648.49 -602.412
1649.79 -603.488
1651.08 -604.563
1652.38 -605.639
1653.68 -606.714
1654.97 -607.79
1656.27 -608.865
1657.56 -609.941
1658.86 -611.016
1660.16 -612.092
1661.45 -613.167
1662.75 -614.243
1664.05 -615.318
1665.34 -616.394
1666.64 -617.469
1667.93 -618.545
1669.23 -619.62
1670.53 -620.696
1671.82 -621.771
1673.12 -622.847
1674.41 -623.922
1675.71 -624.998
1677.01 -626.073
1678.3 -627.149
1679.6 -628.224
1680.9 -629.3
1682.19 -630.375
1683.49 -631.451
1684.78 -632.526
1686.08 -633.602
1687.38 -634.677
1688.67 -635.753
1689.97 -636.828
1691.26 -637.904
1692.56 -638.979
1693.86 -640.055
1695.15 -641.13
1696.45 -642.206
1697.74 -643.281
1699.04 -644.357
1700.34 -645.432
1701.63 -646.508
1702.93 -647.583
1704.23 -648.659
1705.52 -649.734
1706.82 -650.81
1708.11 -651.885
1709.41 -652.961
1710.71 -654.036
1712 -655.112
1713.3 -656.187
1714.59 -657.263
1715.89 -658.338
1717.19 -659.414
1718.48 -660.489
1719.78 -661.565
1721.08 -662.64
1722.37 -663.716
1723.67 -664.791
1724.96 -665.867
1726.26 -666.942
1727.56 -668.018
1728.85 -669.093
1730.15 -670.169
1731.44 -671.244
1732.74 -672.32
1734.04 -673.395
1735.33 -674.471
1736.63 -675.546
1737.93 -676.622
1739.22 -677.697
1740.52 -678.773
1741.81 -679.848
1743.11 -680.924
1744.41 -681.999
1745.7 -683.075
1747 -684.15
1748.29 -685.226
1749.59 -686.301
1750.89 -687.377
1752.18 -688.452
1753.48 -689.528
1754.78 -690.603
1756.07 -691.679
1757.37 -692.754
1758.66 -693.83
1759.96 -694.905
1761.26 -695.981
1762.55 -697.056
1763.85 -698.132
1765.14 -699.207
1766.44 -700.283
1767.74 -701.358
1769.03 -702.434
1770.33 -703.509
1771.62 -704.585
1772.92 -705.66
1774.22 -706.736
1775.51 -707.811
1776.81 -708.887
1778.11 -709.962
1779.4 -711.038
1780.7 -712.113
1781.99 -713.189
1783.29 -714.264
1784.59 -715.34
1785.88 -716.415
1787.18 -717.491
1788.47 -718.566
1789.77 -719.642
1791.07 -720.717
1792.36 -721.793
1793.66 -722.868
1794.96 -723.944
1796.25 -725.019
1797.55 -726.095
1798.84 -727.17
1800.14 -728.246
1801.44 -729.321
1802.73 -730.397
1804.03 -731.472
1805.32 -732.548
1806.62 -733.623
1807.92 -734.699
1809.21 -735.774
1810.51 -736.85
1811.81 -737.925
1813.1 -739.001
1814.4 -740.076
1815.69 -741.152
1816.99 -742.227
1818.29 -743.303
1819.58 -744.378
1820.88 -745.454
1822.17 -746.529
1823.47 -747.605
1824.77 -748.68
1826.06 -749.756
1827.36 -750.831
1828.66 -751.907
1829.95 -752.982
1831.25 -754.058
1832.54 -755.133
1833.84 -756.209
1835.14 -757.284
1836.43 -758.36
1837.73 -759.435
1839.02 -760.511
1840.32 -761.586
1841.62 -762.662
1842.91 -763.737
1844.21 -764.813
1845.51 -765.888
1846.8 -766.964
1848.1 -768.039
1849.39 -769.115
1850.69 -770.19
1851.99 -771.266
1853.28 -772.341
1854.58 -773.417
1855.87 -774.492
1857.17 -775.568
1858.47 -776.643
1859.76 -777.719
1861.06 -778.794
1862.35 -779.87
1863.65 -780.945
1864.95 -782.021
1866.24 -783.096
1867.54 -784.172
1868.84 -785.247
1870.13 -786.323
1871.43 -787.398
1872.72 -788.474
1874.02 -789.549
1875.32 -790.625
1876.61 -791.7
1877.91 -792.776
1879.2 -793.851
1880.5 -794.927
1881.8 -796.002
1883.09 -797.078
1884.39 -798.153
1885.69 -799.229
1886.98 -800.304
1888.28 -801.38
1889.57 -802.455
1890.87 -803.531
1892.17 -804.606
1893.46 -805.682
1894.76 -806.757
1896.05 -807.833
1897.35 -808.908
1898.65 -809.984
1899.94 -811.059
1901.24 -812.135
1902.54 -813.21
1903.83 -814.286
1905.13 -815.361
1906.42 -816.437
1907.72 -817.512
1909.02 -818.588
1910.31 -819.663
1911.61 -820.739
1912.9 -821.814
1914.2 -822.89
1915.5 -823.965
1916.79 -825.041
1918.09 -826.116
1919.39 -827.192
1920.68 -828.267
1921.98 -829.343
1923.27 -830.418
1924.57 -831.494
1925.87 -832.569
1927.16 -833.645
1928.46 -834.72
1929.75 -835.796
1931.05 -836.871
1932.35 -837.947
1933.64 -839.022
1934.94 -840.098
1936.24 -841.173
1937.53 -842.249
1938.83 -843.324
1940.12 -844.4
1941.42 -845.475
1942.72 -846.551
1944.01 -847.626
1945.31 -848.702
1946.6 -849.777
1947.9 -850.853
1949.2 -851.928
1950.49 -853.004
1951.79 -854.079
1953.08 -855.155
1954.38 -856.23
1955.68 -857.306
1956.97 -858.381
1958.27 -859.457
1959.57 -860.532
1960.86 -861.608
1962.16 -862.683
1963.45 -863.759
1964.75 -864.834
1966.05 -865.91
1967.34 -866.985
1968.64 -868.061
1969.93 -869.136
1971.23 -870.212
1972.53 -871.287
1973.82 -872.363
1975.12 -873.438
1976.42 -874.514
1977.71 -875.589
1979.01 -876.665
1980.3 -877.74
1981.6 -878.816
1982.9 -879.891
1984.19 -880.967
1985.49 -882.042
1986.78 -883.118
1988.08 -884.193
1989.38 -885.269
1990.67 -886.344
1991.97 -887.42
1993.27 -888.495
1994.56 -889.571
1995.86 -890.646
1997.15 -891.722
1998.45 -892.797
1999.75 -893.873
2001.04 -894.948
2002.34 -896.024
2003.63 -897.099
2004.93 -898.175
2006.23 -899.25
2007.52 -900.326
2008.82 -901.401
2010.12 -902.477
2011.41 -903.552
2012.71 -904.628
2014 -905.703
2015.3 -906.779
2016.6 -907.854
2017.89 -908.93
2019.19 -910.005
2020.48 -911.081
2021.78 -912.156
2023.08 -913.232
2024.37 -914.307
2025.67 -915.383
2026.97 -916.458
2028.26 -917.534
2029.56 -918.609
2030.85 -919.685
2032.15 -920.76
2033.45 -921.836
2034.74 -922.911
2036.04 -923.987
2037.33 -925.062
2038.63 -926.138
2039.93 -927.214
2041.22 -928.289
2042.52 -929.365
2043.81 -930.44
2045.11 -931.516
2046.41 -932.591
2047.7 -933.667
2049 -934.742
2050.3 -935.818
2051.59 -936.893
2052.89 -937.969
2054.18 -939.044
2055.48 -940.12
2056.78 -941.195
2058.07 -942.271
2059.37 -943.346
2060.66 -944.422
2061.96 -945.497
2063.26 -946.573
2064.55 -947.648
2065.85 -948.724
2067.15 -949.799
2068.44 -950.875
2069.74 -951.95
2071.03 -953.026
2072.33 -954.101
2073.63 -955.177
2074.92 -956.252
2076.22 -957.328
2077.51 -958.403
2078.81 -959.479
2080.11 -960.554
2081.4 -961.63
2082.7 -962.705
2084 -963.781
2085.29 -964.856
2086.59 -965.932
2087.88 -967.007
2089.18 -968.083
2090.48 -969.158
2091.77 -970.234
2093.07 -971.309
2094.36 -972.385
2095.66 -973.46
2096.96 -974.536
2098.25 -975.611
2099.55 -976.687
2100.85 -977.762
2102.14 -978.838
2103.44 -979.913
2104.73 -980.989
2106.03 -982.064
2107.33 -983.14
2108.62 -984.215
2109.92 -985.291
2111.21 -986.366
2112.51 -987.442
2113.81 -988.517
2115.1 -989.593
2116.4 -990.668
2117.7 -991.744
2118.99 -992.819
2120.29 -993.895
2121.58 -994.97
2122.88 -996.046
2124.18 -997.121
2125.47 -998.197
2126.77 -999.272
2128.06 -1000.35
2129.36 -1001.42
2130.66 -1002.5
2131.95 -1003.57
2133.25 -1004.65
2134.54 -1005.73
2135.84 -1006.8
2137.14 -1007.88
2138.43 -1008.95
2139.73 -1010.03
2141.03 -1011.1
2142.32 -1012.18
2143.62 -1013.25
2144.91 -1014.33
2146.21 -1015.4
2147.51 -1016.48
2148.8 -1017.56
2150.1 -1018.63
2151.39 -1019.71
2152.69 -1020.78
2153.99 -1021.86
2155.28 -1022.93
2156.58 -1024.01
2157.88 -1025.08
2159.17 -1026.16
2160.47 -1027.23
2161.76 -1028.31
2163.06 -1029.39
2164.36 -1030.46
2165.65 -1031.54
2166.95 -1032.61
2168.24 -1033.69
2169.54 -1034.76
2170.84 -1035.84
2172.13 -1036.91
2173.43 -1037.99
2174.73 -1039.06
2176.02 -1040.14
2177.32 -1041.22
2178.61 -1042.29
2179.91 -1043.37
2181.21 -1044.44
2182.5 -1045.52
2183.8 -1046.59
2185.09 -1047.67
2186.39 -1048.74
2187.69 -1049.82
2188.98 -1050.89
2190.28 -1051.97
2191.58 -1053.05
2192.87 -1054.12
2194.17 -1055.2
2195.46 -1056.27
2196.76 -1057.35
2198.06 -1058.42
2199.35 -1059.5
2200.65 -1060.57
2201.94 -1061.65
2203.24 -1062.72
2204.54 -1063.8
2205.83 -1064.88
2207.13 -1065.95
2208.43 -1067.03
2209.72 -1068.1
2211.02 -1069.18
2212.31 -1070.25
2213.61 -1071.33
2214.91 -1072.4
2216.2 -1073.48
2217.5 -1074.55
2218.79 -1075.63
2220.09 -1076.71
2221.39 -1077.78
2222.68 -1078.86
2223.98 -1079.93
2225.27 -1081.01
2226.57 -1082.08
2227.87 -1083.16
2229.16 -1084.23
2230.46 -1085.31
2231.76 -1086.38
2233.05 -1087.46
2234.35 -1088.53
2235.64 -1089.61
2236.94 -1090.69
2238.24 -1091.76
2239.53 -1092.84
2240.83 -1093.91
2242.12 -1094.99
2243.42 -1096.06
2244.72 -1097.14
2246.01 -1098.21
2247.31 -1099.29
2248.61 -1100.36
2249.9 -1101.44
2251.2 -1102.52
2252.49 -1103.59
2253.79 -1104.67
2255.09 -1105.74
2256.38 -1106.82
2257.68 -1107.89
2258.97 -1108.97
2260.27 -1110.04
2261.57 -1111.12
2262.86 -1112.19
2264.16 -1113.27
2265.46 -1114.35
2266.75 -1115.42
2268.05 -1116.5
2269.34 -1117.57
2270.64 -1118.65
2271.94 -1119.72
2273.23 -1120.8
2274.53 -1121.87
2275.82 -1122.95
2277.12 -1124.02
2278.42 -1125.1
2279.71 -1126.18
2281.01 -1127.25
2282.31 -1128.33
2283.6 -1129.4
2284.9 -1130.48
2286.19 -1131.55
2287.49 -1132.63
2288.79 -1133.7
2290.08 -1134.78
2291.38 -1135.85
2292.67 -1136.93
2293.97 -1138.01
2295.27 -1139.08
2296.56 -1140.16
2297.86 -1141.23
2299.16 -1142.31
2300.45 -1143.38
2301.75 -1144.46
2303.04 -1145.53
2304.34 -1146.61
2305.64 -1147.68
2306.93 -1148.76
2308.23 -1149.83
2309.52 -1150.91
2310.82 -1151.99
2312.12 -1153.06
2313.41 -1154.14
2314.71 -1155.21
2316 -1156.29
2317.3 -1157.36
2318.6 -1158.44
2319.89 -1159.51
2321.19 -1160.59
2322.49 -1161.66
2323.78 -1162.74
2325.08 -1163.82
2326.37 -1164.89
2327.67 -1165.97
2328.97 -1167.04
2330.26 -1168.12
2331.56 -1169.19
2332.85 -1170.27
2334.15 -1171.34
2335.45 -1172.42
2336.74 -1173.49
2338.04 -1174.57
2339.34 -1175.65
2340.63 -1176.72
2341.93 -1177.8
2343.22 -1178.87
2344.52 -1179.95
2345.82 -1181.02
2347.11 -1182.1
2348.41 -1183.17
2349.7 -1184.25
2351 -1185.32
2352.3 -1186.4
2353.59 -1187.48
2354.89 -1188.55
2356.19 -1189.63
2357.48 -1190.7
2358.78 -1191.78
2360.07 -1192.85
2361.37 -1193.93
2362.67 -1195
2363.96 -1196.08
2365.26 -1197.15
2366.55 -1198.23
2367.85 -1199.31
2369.15 -1200.38
2370.44 -1201.46
2371.74 -1202.53
2373.04 -1203.61
2374.33 -1204.68
2375.63 -1205.76
2376.92 -1206.83
2378.22 -1207.91
2379.52 -1208.98
2380.81 -1210.06
2382.11 -1211.14
2383.4 -1212.21
2384.7 -1213.29
2386 -1214.36
2387.29 -1215.44
2388.59 -1216.51
2389.89 -1217.59
2391.18 -1218.66
2392.48 -1219.74
2393.77 -1220.81
2395.07 -1221.89
2396.37 -1222.96
2397.66 -1224.04
2398.96 -1225.12
2400.25 -1226.19
2401.55 -1227.27
2402.85 -1228.34
2404.14 -1229.42
2405.44 -1230.49
2406.73 -1231.57
2408.03 -1232.64
2409.33 -1233.72
2410.62 -1234.79
2411.92 -1235.87
2413.22 -1236.95
2414.51 -1238.02
2415.81 -1239.1
2417.1 -1240.17
2418.4 -1241.25
2419.7 -1242.32
2420.99 -1243.4
2422.29 -1244.47
2423.58 -1245.55
2424.88 -1246.62
2426.18 -1247.7
2427.47 -1248.78
2428.77 -1249.85
2430.07 -1250.93
2431.36 -1252
2432.66 -1253.08
2433.95 -1254.15
2435.25 -1255.23
2436.55 -1256.3
2437.84 -1257.38
2439.14 -1258.45
2440.43 -1259.53
2441.73 -1260.61
2443.03 -1261.68
2444.32 -1262.76
2445.62 -1263.83
2446.92 -1264.91
2448.21 -1265.98
2449.51 -1267.06
2450.8 -1268.13
2452.1 -1269.21
2453.4 -1270.28
2454.69 -1271.36
2455.99 -1272.44
2457.28 -1273.51
2458.58 -1274.59
2459.88 -1275.66
2461.17 -1276.74
2462.47 -1277.81
2463.77 -1278.89
2465.06 -1279.96
2466.36 -1281.04
2467.65 -1282.11
2468.95 -1283.19
2470.25 -1284.26
2471.54 -1285.34
2472.84 -1286.42
2474.13 -1287.49
2475.43 -1288.57
2476.73 -1289.64
2478.02 -1290.72
2479.32 -1291.79
2480.61 -1292.87
2481.91 -1293.94
2483.21 -1295.02
2484.5 -1296.09
2485.8 -1297.17
2487.1 -1298.25
2488.39 -1299.32
2489.69 -1300.4
2490.98 -1301.47
2492.28 -1302.55
2493.58 -1303.62
2494.87 -1304.7
2496.17 -1305.77
2497.46 -1306.85
2498.76 -1307.92
2500.06 -1309
2501.35 -1310.08
2502.65 -1311.15
2503.95 -1312.23
2505.24 -1313.3
2506.54 -1314.38
2507.83 -1315.45
2509.13 -1316.53
2510.43 -1317.6
2511.72 -1318.68
2513.02 -1319.75
2514.31 -1320.83
2515.61 -1321.91
2516.91 -1322.98
2518.2 -1324.06
2519.5 -1325.13
2520.8 -1326.21
2522.09 -1327.28
2523.39 -1328.36
2524.68 -1329.43
2525.98 -1330.51
2527.28 -1331.58
2528.57 -1332.66
2529.87 -1333.74
2531.16 -1334.81
2532.46 -1335.89
2533.76 -1336.96
2535.05 -1338.04
2536.35 -1339.11
2537.65 -1340.19
2538.94 -1341.26
2540.24 -1342.34
2541.53 -1343.41
2542.83 -1344.49
2544.13 -1345.56
2545.42 -1346.64
2546.72 -1347.72
2548.01 -1348.79
2549.31 -1349.87
2550.61 -1350.94
2551.9 -1352.02
2553.2 -1353.09
2554.5 -1354.17
2555.79 -1355.24
2557.09 -1356.32
2558.38 -1357.39
2559.68 -1358.47
2560.98 -1359.55
2562.27 -1360.62
2563.57 -1361.7
2564.86 -1362.77
2566.16 -1363.85
2567.46 -1364.92
2568.75 -1366
2570.05 -1367.07
2571.34 -1368.15
2572.64 -1369.22
2573.94 -1370.3
2575.23 -1371.38
2576.53 -1372.45
2577.83 -1373.53
2579.12 -1374.6
2580.42 -1375.68
2581.71 -1376.75
2583.01 -1377.83
2584.31 -1378.9
2585.6 -1379.98
2586.9 -1381.05
2588.19 -1382.13
2589.49 -1383.21
2590.79 -1384.28
2592.08 -1385.36
2593.38 -1386.43
2594.68 -1387.51
2595.97 -1388.58
2597.27 -1389.66
2598.56 -1390.73
2599.86 -1391.81
2601.16 -1392.88
2602.45 -1393.96
2603.75 -1395.04
2605.04 -1396.11
2606.34 -1397.19
2607.64 -1398.26
2608.93 -1399.34
2610.23 -1400.41
2611.53 -1401.49
2612.82 -1402.56
2614.12 -1403.64
2615.41 -1404.71
2616.71 -1405.79
2618.01 -1406.86
2619.3 -1407.94
2620.6 -1409.02
2621.89 -1410.09
2623.19 -1411.17
2624.49 -1412.24
2625.78 -1413.32
2627.08 -1414.39
2628.38 -1415.47
2629.67 -1416.54
2630.97 -1417.62
2632.26 -1418.69
2633.56 -1419.77
2634.86 -1420.85
2636.15 -1421.92
2637.45 -1423
2638.74 -1424.07
2640.04 -1425.15
2641.34 -1426.22
2642.63 -1427.3
2643.93 -1428.37
2645.23 -1429.45
2646.52 -1430.52
2647.82 -1431.6
2649.11 -1432.68
2650.41 -1433.75
2651.71 -1434.83
2653 -1435.9
2654.3 -1436.98
2655.59 -1438.05
2656.89 -1439.13
2658.19 -1440.2
2659.48 -1441.28
2660.78 -1442.35
2662.07 -1443.43
2663.37 -1444.51
2664.67 -1445.58
2665.96 -1446.66
2667.26 -1447.73
2668.56 -1448.81
2669.85 -1449.88
2671.15 -1450.96
2672.44 -1452.03
2673.74 -1453.11
2675.04 -1454.18
2676.33 -1455.26
2677.63 -1456.34
2678.92 -1457.41
2680.22 -1458.49
2681.52 -1459.56
2682.81 -1460.64
2684.11 -1461.71
2685.41 -1462.79
2686.7 -1463.86
2688 -1464.94
2689.29 -1466.01
2690.59 -1467.09
2691.89 -1468.17
2693.18 -1469.24
2694.48 -1470.32
2695.77 -1471.39
2697.07 -1472.47
2698.37 -1473.54
2699.66 -1474.62
2700.96 -1475.69
2702.26 -1476.77
2703.55 -1477.84
2704.85 -1478.92
2706.14 -1479.99
2707.44 -1481.07
2708.74 -1482.15
2710.03 -1483.22
2711.33 -1484.3
2712.62 -1485.37
2713.92 -1486.45
2715.22 -1487.52
2716.51 -1488.6
2717.81 -1489.67
2719.11 -1490.75
2720.4 -1491.82
2721.7 -1492.9
2722.99 -1493.98
2724.29 -1495.05
2725.59 -1496.13
2726.88 -1497.2
2728.18 -1498.28
2729.47 -1499.35
2730.77 -1500.43
2732.07 -1501.5
2733.36 -1502.58
2734.66 -1503.65
2735.96 -1504.73
2737.25 -1505.81
2738.55 -1506.88
2739.84 -1507.96
2741.14 -1509.03
2742.44 -1510.11
2743.73 -1511.18
2745.03 -1512.26
2746.32 -1513.33
2747.62 -1514.41
2748.92 -1515.48
2750.21 -1516.56
2751.51 -1517.64
2752.8 -1518.71
2754.1 -1519.79
2755.4 -1520.86
2756.69 -1521.94
2757.99 -1523.01
2759.29 -1524.09
2760.58 -1525.16
2761.88 -1526.24
2763.17 -1527.31
2764.47 -1528.39
2765.77 -1529.47
2767.06 -1530.54
2768.36 -1531.62
2769.65 -1532.69
2770.95 -1533.77
2772.25 -1534.84
2773.54 -1535.92
2774.84 -1536.99
2776.14 -1538.07
2777.43 -1539.14
2778.73 -1540.22
2780.02 -1541.29
2781.32 -1542.37
2782.62 -1543.45
2783.91 -1544.52
2785.21 -1545.6
2786.5 -1546.67
2787.8 -1547.75
2789.1 -1548.82
2790.39 -1549.9
2791.69 -1550.97
2792.99 -1552.05
2794.28 -1553.12
2795.58 -1554.2
2796.87 -1555.28
2798.17 -1556.35
2799.47 -1557.43
2800.76 -1558.5
2802.06 -1559.58
2803.35 -1560.65
2804.65 -1561.73
2805.95 -1562.8
2807.24 -1563.88
2808.54 -1564.95
2809.84 -1566.03
2811.13 -1567.11
2812.43 -1568.18
2813.72 -1569.26
2815.02 -1570.33
2816.32 -1571.41
2817.61 -1572.48
2818.91 -1573.56
2820.2 -1574.63
2821.5 -1575.71
2822.8 -1576.78
2824.09 -1577.86
2825.39 -1578.94
2826.69 -1580.01
2827.98 -1581.09
2829.28 -1582.16
2830.57 -1583.24
2831.87 -1584.31
2833.17 -1585.39
2834.46 -1586.46
2835.76 -1587.54
2837.05 -1588.61
2838.35 -1589.69
2839.65 -1590.77
2840.94 -1591.84
2842.24 -1592.92
2843.53 -1593.99
2844.83 -1595.07
2846.13 -1596.14
2847.42 -1597.22
2848.72 -1598.29
2850.02 -1599.37
2851.31 -1600.44
2852.61 -1601.52
2853.9 -1602.59
2855.2 -1603.67
2856.5 -1604.75
2857.79 -1605.82
2859.09 -1606.9
2860.38 -1607.97
2861.68 -1609.05
2862.98 -1610.12
2864.27 -1611.2
2865.57 -1612.27
2866.87 -1613.35
2868.16 -1614.42
2869.46 -1615.5
2870.75 -1616.58
2872.05 -1617.65
2873.35 -1618.73
2874.64 -1619.8
2875.94 -1620.88
2877.23 -1621.95
2878.53 -1623.03
2879.83 -1624.1
2881.12 -1625.18
2882.42 -1626.25
2883.72 -1627.33
2885.01 -1628.41
2886.31 -1629.48
2887.6 -1630.56
2888.9 -1631.63
2890.2 -1632.71
2891.49 -1633.78
2892.79 -1634.86
2894.08 -1635.93
2895.38 -1637.01
2896.68 -1638.08
2897.97 -1639.16
2899.27 -1640.24
2900.57 -1641.31
2901.86 -1642.39
2903.16 -1643.46
2904.45 -1644.54
