250 -600
251.38 -599.034
252.759 -598.068
254.139 -597.102
255.519 -596.136
256.899 -595.17
258.278 -594.204
259.658 -593.238
261.038 -592.271
262.418 -591.305
263.797 -590.339
265.177 -589.373
266.557 -588.407
267.936 -587.441
269.316 -586.475
270.696 -585.509
272.076 -584.543
273.455 -583.577
274.835 -582.611
276.215 -581.644
277.595 -580.678
278.974 -579.712
280.354 -578.746
281.734 -577.78
283.113 -576.814
284.493 -575.848
285.873 -574.882
287.253 -573.915
288.632 -572.949
290.012 -571.983
291.392 -571.017
292.772 -570.051
294.151 -569.085
295.531 -568.119
296.911 -567.153
298.291 -566.186
299.671 -565.22
301.05 -564.254
302.43 -563.288
303.81 -562.322
305.19 -561.356
306.569 -560.39
307.949 -559.424
309.329 -558.457
310.709 -557.491
312.088 -556.525
313.468 -555.559
314.848 -554.593
316.228 -553.627
317.607 -552.661
318.987 -551.695
320.367 -550.728
321.747 -549.762
323.127 -548.796
324.506 -547.83
325.886 -546.864
327.266 -545.898
328.646 -544.932
330.026 -543.966
331.405 -542.999
332.785 -542.033
334.165 -541.067
335.545 -540.101
336.925 -539.135
338.304 -538.169
339.684 -537.203
341.064 -536.236
342.444 -535.27
343.824 -534.304
345.204 -533.338
346.583 -532.372
347.963 -531.406
349.343 -530.439
350.723 -529.473
352.103 -528.507
353.483 -527.541
354.862 -526.575
356.242 -525.608
357.622 -524.642
359.002 -523.676
360.382 -522.71
361.762 -521.744
363.142 -520.777
364.521 -519.811
365.901 -518.845
367.281 -517.879
368.661 -516.913
370.041 -515.947
371.421 -514.98
372.801 -514.014
374.181 -513.048
375.56 -512.082
376.94 -511.116
378.32 -510.149
379.7 -509.183
381.08 -508.217
382.46 -507.251
383.84 -506.284
385.22 -505.318
386.6 -504.352
387.98 -503.386
389.359 -502.42
390.739 -501.453
392.119 -500.487
393.499 -499.521
394.879 -498.555
396.259 -497.588
397.639 -496.622
399.019 -495.656
400.399 -494.69
401.779 -493.723
403.159 -492.757
404.539 -491.791
405.919 -490.825
407.299 -489.858
408.679 -488.892
410.059 -487.926
411.439 -486.959
412.819 -485.993
414.199 -485.027
415.579 -484.061
416.959 -483.094
418.339 -482.128
419.719 -481.162
421.099 -480.195
422.479 -479.229
423.859 -478.263
425.239 -477.296
426.619 -476.33
427.999 -475.364
429.379 -474.397
430.759 -473.431
432.139 -472.465
433.52 -471.498
434.9 -470.532
436.28 -469.566
437.66 -468.599
439.04 -467.633
440.42 -466.667
441.8 -465.7
443.18 -464.734
444.56 -463.768
445.941 -462.801
447.321 -461.835
448.701 -460.868
450.081 -459.902
451.461 -458.936
452.841 -457.969
454.222 -457.003
455.602 -456.036
456.982 -455.07
458.362 -454.103
459.742 -453.137
461.123 -452.171
462.503 -451.204
463.883 -450.238
465.263 -449.271
466.644 -448.305
468.024 -447.338
469.404 -446.372
470.784 -445.405
472.165 -444.439
473.545 -443.472
474.925 -442.506
476.306 -441.539
477.686 -440.573
479.066 -439.606
480.447 -438.64
481.827 -437.673
483.207 -436.707
484.588 -435.74
485.968 -434.774
487.348 -433.807
488.729 -432.841
490.109 -431.874
491.49 -430.907
492.87 -429.941
494.251 -428.974
495.631 -428.008
497.011 -427.041
498.392 -426.074
499.772 -425.108
501.153 -424.141
502.533 -423.174
503.914 -422.208
505.294 -421.241
506.675 -420.274
508.056 -419.308
509.436 -418.341
510.817 -417.374
512.197 -416.408
513.578 -415.441
514.959 -414.474
516.339 -413.508
517.72 -412.541
519.101 -411.574
520.481 -410.607
521.862 -409.641
523.243 -408.674
524.623 -407.707
526.004 -406.74
527.385 -405.773
528.766 -404.806
530.146 -403.84
531.527 -402.873
532.908 -401.906
534.289 -400.939
535.67 -399.972
537.051 -399.005
538.432 -398.038
539.812 -397.071
541.193 -396.105
542.574 -395.138
543.955 -394.171
545.336 -393.204
546.717 -392.237
548.098 -391.27
549.479 -390.303
550.86 -389.336
552.241 -388.369
553.622 -387.402
555.003 -386.435
556.385 -385.468
557.766 -384.5
559.147 -383.533
560.528 -382.566
561.909 -381.599
563.291 -380.632
564.672 -379.665
566.053 -378.698
567.434 -377.73
568.816 -376.763
570.197 -375.796
571.578 -374.829
572.96 -373.862
574.341 -372.894
575.723 -371.927
577.104 -370.96
578.485 -369.992
579.867 -369.025
581.249 -368.058
582.63 -367.09
584.012 -366.123
585.393 -365.156
586.775 -364.188
588.157 -363.221
589.538 -362.253
590.92 -361.286
592.302 -360.318
593.684 -359.351
595.065 -358.383
596.447 -357.416
597.829 -356.448
599.211 -355.48
600.593 -354.513
601.975 -353.545
603.357 -352.577
604.739 -351.61
606.121 -350.642
607.503 -349.674
608.885 -348.706
610.267 -347.739
611.649 -346.771
613.032 -345.803
614.414 -344.835
615.796 -343.867
617.178 -342.899
618.561 -341.931
619.943 -340.963
621.326 -339.995
622.708 -339.027
624.091 -338.059
625.473 -337.091
626.856 -336.123
628.238 -335.155
629.621 -334.187
631.004 -333.219
632.387 -332.25
633.769 -331.282
635.152 -330.314
636.535 -329.346
637.918 -328.377
639.301 -327.409
640.684 -326.44
642.067 -325.472
643.45 -324.503
644.833 -323.535
646.217 -322.566
647.6 -321.598
648.983 -320.629
650.367 -319.661
651.75 -318.692
653.133 -317.723
654.517 -316.754
655.901 -315.786
657.284 -314.817
658.668 -313.848
660.052 -312.879
661.435 -311.91
662.819 -310.941
664.203 -309.972
665.587 -309.003
666.971 -308.034
668.355 -307.065
669.739 -306.096
671.124 -305.126
672.508 -304.157
673.892 -303.188
675.277 -302.218
676.661 -301.249
678.046 -300.28
679.43 -299.31
680.815 -298.34
682.2 -297.371
683.584 -296.401
684.969 -295.432
686.354 -294.462
687.739 -293.492
689.124 -292.522
690.51 -291.552
691.895 -290.582
693.28 -289.612
694.665 -288.642
696.051 -287.672
697.437 -286.702
698.822 -285.732
700.208 -284.761
701.594 -283.791
702.98 -282.821
704.366 -281.85
705.752 -280.88
707.138 -279.909
708.524 -278.938
709.91 -277.968
711.297 -276.997
712.683 -276.026
714.07 -275.055
715.457 -274.084
716.843 -273.113
718.23 -272.142
719.617 -271.171
721.004 -270.199
722.392 -269.228
723.779 -268.257
725.166 -267.285
726.554 -266.314
727.942 -265.342
729.329 -264.37
730.717 -263.398
732.105 -262.427
733.493 -261.455
734.881 -260.483
736.27 -259.511
737.658 -258.538
739.047 -257.566
740.435 -256.594
741.824 -255.621
743.213 -254.649
744.602 -253.676
745.991 -252.703
747.381 -251.73
748.77 -250.758
750.16 -249.785
751.549 -248.811
752.939 -247.838
754.329 -246.865
755.719 -245.892
757.11 -244.918
758.5 -243.944
759.891 -242.971
761.282 -241.997
762.673 -241.023
764.064 -240.049
765.455 -239.075
766.846 -238.101
768.238 -237.126
769.629 -236.152
771.021 -235.177
772.413 -234.202
773.806 -233.228
775.198 -232.253
776.591 -231.278
777.983 -230.302
779.376 -229.327
780.769 -228.352
782.163 -227.376
783.556 -226.4
784.95 -225.424
786.344 -224.448
787.738 -223.472
789.132 -222.496
790.527 -221.519
791.921 -220.543
793.316 -219.566
794.711 -218.589
796.107 -217.612
797.502 -216.635
798.898 -215.658
800.294 -214.68
801.69 -213.703
803.087 -212.725
804.483 -211.747
805.88 -210.769
807.277 -209.79
808.675 -208.812
810.072 -207.833
811.47 -206.854
812.869 -205.875
814.267 -204.896
815.666 -203.917
817.065 -202.937
818.464 -201.958
819.863 -200.978
821.263 -199.997
822.663 -199.017
824.064 -198.037
825.464 -197.056
826.865 -196.075
828.266 -195.094
829.668 -194.112
831.07 -193.131
832.472 -192.149
833.874 -191.167
835.277 -190.185
836.68 -189.202
838.084 -188.22
839.488 -187.237
840.892 -186.253
842.296 -185.27
843.701 -184.286
845.106 -183.302
846.512 -182.318
847.918 -181.334
849.324 -180.349
850.73 -179.364
852.138 -178.379
853.545 -177.393
854.953 -176.408
856.361 -175.422
857.77 -174.435
859.179 -173.449
860.588 -172.462
861.998 -171.475
863.408 -170.487
864.819 -169.499
866.23 -168.511
867.642 -167.523
869.054 -166.534
870.467 -165.545
871.88 -164.555
873.293 -163.566
874.707 -162.576
876.122 -161.585
877.537 -160.594
878.952 -159.603
880.368 -158.612
881.785 -157.62
883.202 -156.628
884.619 -155.635
886.037 -154.642
887.456 -153.649
888.875 -152.655
890.295 -151.661
891.716 -150.666
893.137 -149.671
894.558 -148.676
895.98 -147.68
897.403 -146.684
898.827 -145.687
900.251 -144.69
901.675 -143.692
903.101 -142.694
904.527 -141.696
905.953 -140.697
907.381 -139.697
908.809 -138.697
910.238 -137.697
911.667 -136.696
913.098 -135.694
914.529 -134.692
915.96 -133.69
917.393 -132.687
918.826 -131.683
920.26 -130.679
921.695 -129.674
923.131 -128.669
924.567 -127.663
926.005 -126.657
927.443 -125.65
928.882 -124.642
930.322 -123.634
931.763 -122.625
933.204 -121.615
934.647 -120.605
936.091 -119.594
937.535 -118.583
938.981 -117.571
940.427 -116.558
941.875 -115.544
943.324 -114.53
944.773 -113.515
946.224 -112.499
947.676 -111.482
949.128 -110.465
950.582 -109.447
952.037 -108.428
953.494 -107.409
954.951 -106.388
956.409 -105.367
957.869 -104.345
959.33 -103.322
960.792 -102.298
962.256 -101.273
963.721 -100.248
965.187 -99.2211
966.654 -98.1936
968.123 -97.1652
969.593 -96.1358
971.064 -95.1054
972.537 -94.074
974.012 -93.0416
975.488 -92.0082
976.965 -90.9737
978.444 -89.9382
979.924 -88.9016
981.406 -87.8638
982.89 -86.825
984.375 -85.7849
985.862 -84.7438
987.351 -83.7014
988.841 -82.6578
990.334 -81.613
991.828 -80.5669
993.323 -79.5195
994.821 -78.4709
996.321 -77.4209
997.822 -76.3695
999.326 -75.3168
1000.83 -74.2627
1002.34 -73.2071
1003.85 -72.1501
1005.36 -71.0916
1006.87 -70.0315
1008.35 -71.1539
1009.81 -72.2745
1011.28 -73.3934
1012.75 -74.5106
1014.21 -75.6262
1015.67 -76.7402
1017.13 -77.8527
1018.59 -78.9636
1020.04 -80.0731
1021.49 -81.181
1022.94 -82.2875
1024.39 -83.3926
1025.84 -84.4963
1027.29 -85.5986
1028.73 -86.6996
1030.17 -87.7993
1031.61 -88.8977
1033.05 -89.9949
1034.49 -91.0908
1035.92 -92.1854
1037.36 -93.2789
1038.79 -94.3712
1040.22 -95.4624
1041.65 -96.5524
1043.08 -97.6413
1044.5 -98.7292
1045.93 -99.8159
1047.35 -100.902
1048.78 -101.986
1050.2 -103.07
1051.62 -104.153
1053.03 -105.234
1054.45 -106.315
1055.87 -107.395
1057.28 -108.474
1058.7 -109.552
1060.11 -110.629
1061.52 -111.705
1062.93 -112.78
1064.34 -113.855
1065.75 -114.928
1067.15 -116.001
1068.56 -117.073
1069.96 -118.144
1071.37 -119.215
1072.77 -120.285
1074.17 -121.353
1075.57 -122.422
1076.97 -123.489
1078.37 -124.556
1079.77 -125.622
1081.16 -126.687
1082.56 -127.752
1083.96 -128.816
1085.35 -129.879
1086.74 -130.942
1088.14 -132.004
1089.53 -133.065
1090.92 -134.126
1092.31 -135.186
1093.7 -136.246
1095.09 -137.305
1096.48 -138.364
1097.86 -139.421
1099.25 -140.479
1100.63 -141.536
1102.02 -142.592
1103.4 -143.648
1104.79 -144.703
1106.17 -145.757
1107.55 -146.812
1108.93 -147.865
1110.32 -148.918
1111.7 -149.971
1113.08 -151.023
1114.45 -152.075
1115.83 -153.127
1117.21 -154.177
1118.59 -155.228
1119.97 -156.278
1121.34 -157.327
1122.72 -158.377
1124.09 -159.425
1125.47 -160.474
1126.84 -161.521
1128.22 -162.569
1129.59 -163.616
1130.96 -164.663
1132.33 -165.709
1133.7 -166.755
1135.08 -167.801
1136.45 -168.846
1137.82 -169.891
1139.19 -170.935
1140.56 -171.98
1141.92 -173.024
1143.29 -174.067
1144.66 -175.11
1146.03 -176.153
1147.39 -177.196
1148.76 -178.238
1150.13 -179.28
1151.49 -180.322
1152.86 -181.363
1154.22 -182.404
1155.59 -183.445
1156.95 -184.485
1158.32 -185.525
1159.68 -186.565
1161.04 -187.605
1162.41 -188.644
1163.77 -189.683
1165.13 -190.722
1166.49 -191.761
1167.85 -192.799
1169.22 -193.837
1170.58 -194.875
1171.94 -195.912
1173.3 -196.95
1174.66 -197.987
1176.02 -199.024
1177.38 -200.06
1178.74 -201.097
1180.09 -202.133
1181.45 -203.169
1182.81 -204.205
1184.17 -205.24
1185.53 -206.276
1186.88 -207.311
1188.24 -208.346
1189.6 -209.381
1190.95 -210.415
1192.31 -211.449
1193.67 -212.484
1195.02 -213.518
1196.38 -214.551
1197.73 -215.585
1199.09 -216.619
1200.44 -217.652
1201.8 -218.685
1203.15 -219.718
1204.51 -220.751
1205.86 -221.783
1207.21 -222.816
1208.57 -223.848
1209.92 -224.88
1211.27 -225.912
1212.63 -226.944
1213.98 -227.975
1215.33 -229.007
1216.69 -230.038
1218.04 -231.069
1219.39 -232.1
1220.74 -233.131
1222.09 -234.162
1223.44 -235.193
1224.8 -236.223
1226.15 -237.254
1227.5 -238.284
1228.85 -239.314
1230.2 -240.344
1231.55 -241.374
1232.9 -242.404
1234.25 -243.433
1235.6 -244.463
1236.95 -245.492
1238.3 -246.521
1239.65 -247.55
1241 -248.579
1242.35 -249.608
1243.7 -250.637
1245.05 -251.666
1246.39 -252.695
1247.74 -253.723
1249.09 -254.751
1250.44 -255.78
1251.79 -256.808
1253.14 -257.836
1254.48 -258.864
1255.83 -259.892
1257.18 -260.92
1258.53 -261.947
1259.87 -262.975
1261.22 -264.002
1262.57 -265.03
1263.92 -266.057
1265.26 -267.085
1266.61 -268.112
1267.96 -269.139
1269.3 -270.166
1270.65 -271.193
1272 -272.22
1273.34 -273.246
1274.69 -274.273
1276.04 -275.3
1277.38 -276.326
1278.73 -277.353
1280.07 -278.379
1281.42 -279.405
1282.77 -280.432
1284.11 -281.458
1285.46 -282.484
1286.8 -283.51
1288.15 -284.536
1289.49 -285.562
1290.84 -286.588
1292.18 -287.613
1293.53 -288.639
1294.87 -289.665
1296.22 -290.69
1297.56 -291.716
1298.91 -292.741
1300.25 -293.767
1301.6 -294.792
1302.94 -295.817
1304.28 -296.843
1305.63 -297.868
1306.97 -298.893
1308.32 -299.918
1309.66 -300.943
1311.01 -301.968
1312.35 -302.993
1313.69 -304.018
1315.04 -305.042
1316.38 -306.067
1317.72 -307.092
1319.07 -308.117
1320.41 -309.141
1321.75 -310.166
1323.1 -311.19
1324.44 -312.215
1325.78 -313.239
1327.13 -314.264
1328.47 -315.288
1329.81 -316.312
1331.16 -317.336
1332.5 -318.361
1333.84 -319.385
1335.19 -320.409
1336.53 -321.433
1337.87 -322.457
1339.21 -323.481
1340.56 -324.505
1341.9 -325.529
1343.24 -326.553
1344.59 -327.577
1345.93 -328.601
1347.27 -329.624
1348.61 -330.648
1349.95 -331.672
1351.3 -332.696
1352.64 -333.719
1353.98 -334.743
1355.32 -335.766
1356.67 -336.79
1358.01 -337.813
1359.35 -338.837
1360.69 -339.86
1362.03 -340.884
1363.38 -341.907
1364.72 -342.931
1366.06 -343.954
1367.4 -344.977
1368.74 -346.001
1370.09 -347.024
1371.43 -348.047
1372.77 -349.07
1374.11 -350.093
1375.45 -351.117
1376.79 -352.14
1378.14 -353.163
1379.48 -354.186
1380.82 -355.209
1382.16 -356.232
1383.5 -357.255
1384.84 -358.278
1386.18 -359.301
1387.53 -360.324
1388.87 -361.347
1390.21 -362.37
1391.55 -363.392
1392.89 -364.415
1394.23 -365.438
1395.57 -366.461
1396.91 -367.484
1398.25 -368.506
1399.6 -369.529
1400.94 -370.552
1402.28 -371.575
1403.62 -372.597
1404.96 -373.62
1406.3 -374.643
1407.64 -375.665
1408.98 -376.688
1410.32 -377.71
1411.66 -378.733
1413.01 -379.755
1414.35 -380.778
1415.69 -381.8
1417.03 -382.823
1418.37 -383.845
1419.71 -384.868
1421.05 -385.89
1422.39 -386.913
1423.73 -387.935
1425.07 -388.958
1426.41 -389.98
1427.75 -391.002
1429.09 -392.025
1430.43 -393.047
1431.77 -394.069
1433.12 -395.092
1434.46 -396.114
1435.8 -397.136
1437.14 -398.158
1438.48 -399.181
1439.82 -400.203
1441.16 -401.225
1442.5 -402.247
1443.84 -403.27
1445.18 -404.292
1446.52 -405.314
1447.86 -406.336
1449.2 -407.358
1450.54 -408.38
1451.88 -409.402
1453.22 -410.425
1454.56 -411.447
1455.9 -412.469
1457.24 -413.491
1458.58 -414.513
1459.92 -415.535
1461.26 -416.557
1462.6 -417.579
1463.94 -418.601
1465.28 -419.623
1466.62 -420.645
1467.96 -421.667
1469.3 -422.689
1470.64 -423.711
1471.98 -424.733
1473.32 -425.755
1474.66 -426.777
1476 -427.799
1477.34 -428.821
1478.68 -429.843
1480.02 -430.865
1481.36 -431.887
1482.7 -432.909
1484.04 -433.93
1485.38 -434.952
1486.72 -435.974
1488.06 -436.996
1489.4 -438.018
1490.74 -439.04
1492.08 -440.062
1493.42 -441.083
1494.76 -442.105
1496.1 -443.127
1497.44 -444.149
1498.78 -445.171
1500.12 -446.193
1501.46 -447.214
1502.8 -448.236
1504.14 -449.258
1505.48 -450.28
1506.82 -451.301
1508.16 -452.323
1509.5 -453.345
1510.84 -454.367
1512.18 -455.388
1513.52 -456.41
1514.86 -457.432
1516.2 -458.454
1517.54 -459.475
1518.88 -460.497
1520.22 -461.519
1521.56 -462.541
1522.9 -463.562
1524.24 -464.584
1525.58 -465.606
1526.92 -466.627
1528.26 -467.649
1529.6 -468.671
1530.94 -469.692
1532.28 -470.714
1533.62 -471.736
1534.96 -472.757
1536.3 -473.779
1537.64 -474.801
1538.97 -475.822
1540.31 -476.844
1541.65 -477.865
1542.99 -478.887
1544.33 -479.909
1545.67 -480.93
1547.01 -481.952
1548.35 -482.974
1549.69 -483.995
1551.03 -485.017
1552.37 -486.038
1553.71 -487.06
1555.05 -488.082
1556.39 -489.103
1557.73 -490.125
1559.07 -491.146
1560.41 -492.168
1561.75 -493.189
1563.09 -494.211
1564.43 -495.233
1565.77 -496.254
1567.11 -497.276
1568.45 -498.297
1569.79 -499.319
1571.12 -500.34
1572.46 -501.362
1573.8 -502.383
1575.14 -503.405
1576.48 -504.426
1577.82 -505.448
1579.16 -506.47
1580.5 -507.491
1581.84 -508.513
1583.18 -509.534
1584.52 -510.556
1585.86 -511.577
1587.2 -512.599
1588.54 -513.62
1589.88 -514.642
1591.22 -515.663
1592.56 -516.685
1593.9 -517.706
1595.24 -518.728
1596.57 -519.749
1597.91 -520.771
1599.25 -521.792
1600.59 -522.813
1601.93 -523.835
1603.27 -524.856
1604.61 -525.878
1605.95 -526.899
1607.29 -527.921
1608.63 -528.942
1609.97 -529.964
1611.31 -530.985
1612.65 -532.007
1613.99 -533.028
1615.33 -534.05
1616.67 -535.071
1618.01 -536.093
1619.34 -537.114
1620.68 -538.136
1622.02 -539.157
1623.36 -540.179
1624.7 -541.2
1626.04 -542.221
1627.38 -543.243
1628.72 -544.264
1630.06 -545.286
1631.4 -546.307
1632.74 -547.328
1634.08 -548.35
1635.42 -549.371
1636.76 -550.393
1638.1 -551.414
1639.44 -552.436
1640.77 -553.457
1642.11 -554.478
1643.45 -555.5
1644.79 -556.521
1646.13 -557.543
1647.47 -558.564
1648.81 -559.586
1650.15 -560.607
1651.49 -561.628
1652.83 -562.65
1654.17 -563.671
1655.51 -564.693
1656.85 -565.714
1658.19 -566.736
1659.53 -567.757
1660.86 -568.778
1662.2 -569.8
1663.54 -570.821
1664.88 -571.843
1666.22 -572.864
1667.56 -573.885
1668.9 -574.907
1670.24 -575.928
1671.58 -576.95
1672.92 -577.971
1674.26 -578.993
1675.6 -580.014
1676.94 -581.035
1678.28 -582.057
1679.62 -583.078
1680.96 -584.1
1682.29 -585.121
1683.63 -586.142
1684.97 -587.164
1686.31 -588.185
1687.65 -589.206
1688.99 -590.228
1690.33 -591.249
1691.67 -592.27
1693.01 -593.292
1694.35 -594.313
1695.69 -595.335
1697.03 -596.356
1698.37 -597.377
1699.71 -598.399
1701.05 -599.42
1702.39 -600.441
1703.72 -601.463
1705.06 -602.484
1706.4 -603.505
1707.74 -604.527
1709.08 -605.548
1710.42 -606.57
1711.76 -607.591
1713.1 -608.612
1714.44 -609.634
1715.78 -610.655
1717.12 -611.676
1718.46 -612.698
1719.8 -613.719
1721.13 -614.74
1722.47 -615.762
1723.81 -616.783
1725.15 -617.805
1726.49 -618.826
1727.83 -619.847
1729.17 -620.869
1730.51 -621.89
1731.85 -622.911
1733.19 -623.933
1734.53 -624.954
1735.87 -625.975
1737.21 -626.997
1738.54 -628.018
1739.88 -629.039
1741.22 -630.061
1742.56 -631.082
1743.9 -632.104
1745.24 -633.125
1746.58 -634.146
1747.92 -635.168
1749.26 -636.189
1750.6 -637.21
1751.94 -638.232
1753.28 -639.253
1754.62 -640.274
1755.95 -641.296
1757.29 -642.317
1758.63 -643.339
1759.97 -644.36
1761.31 -645.381
1762.65 -646.403
1763.99 -647.424
1765.33 -648.445
1766.67 -649.467
1768.01 -650.488
1769.35 -651.509
1770.69 -652.531
1772.03 -653.552
1773.36 -654.574
1774.7 -655.595
1776.04 -656.616
1777.38 -657.638
1778.72 -658.659
1780.06 -659.68
1781.4 -660.702
1782.74 -661.723
1784.08 -662.744
1785.42 -663.766
1786.76 -664.787
1788.1 -665.809
1789.44 -666.83
1790.77 -667.851
1792.11 -668.873
1793.45 -669.894
1794.79 -670.915
1796.13 -671.937
1797.47 -672.958
1798.81 -673.979
1800.15 -675.001
1801.49 -676.022
1802.83 -677.044
1804.17 -678.065
1805.51 -679.086
1806.85 -680.108
1808.18 -681.129
1809.52 -682.15
1810.86 -683.172
1812.2 -684.193
1813.54 -685.214
1814.88 -686.236
1816.22 -687.257
1817.56 -688.279
1818.9 -689.3
1820.24 -690.321
1821.58 -691.343
1822.92 -692.364
1824.26 -693.385
1825.59 -694.407
1826.93 -695.428
1828.27 -696.449
1829.61 -697.471
1830.95 -698.492
1832.29 -699.513
1833.63 -700.535
1834.97 -701.556
1836.31 -702.578
1837.65 -703.599
1838.99 -704.62
1840.33 -705.642
1841.67 -706.663
1843.01 -707.684
1844.34 -708.706
1845.68 -709.727
1847.02 -710.748
1848.36 -711.77
1849.7 -712.791
1851.04 -713.813
1852.38 -714.834
1853.72 -715.855
1855.06 -716.877
1856.4 -717.898
1857.74 -718.919
1859.08 -719.94
1860.42 -720.962
1861.75 -721.983
1863.09 -723.004
1864.43 -724.026
1865.77 -725.047
1867.11 -726.068
1868.45 -727.09
1869.79 -728.111
1871.13 -729.132
1872.47 -730.154
1873.81 -731.175
1875.15 -732.196
1876.49 -733.217
1877.83 -734.239
1879.16 -735.26
1880.5 -736.281
1881.84 -737.303
1883.18 -738.324
1884.52 -739.345
1885.86 -740.367
1887.2 -741.388
1888.54 -742.409
1889.88 -743.43
1891.22 -744.452
1892.56 -745.473
1893.9 -746.494
1895.24 -747.516
1896.57 -748.537
1897.91 -749.558
1899.25 -750.58
1900.59 -751.601
1901.93 -752.622
1903.27 -753.643
1904.61 -754.665
1905.95 -755.686
1907.29 -756.707
1908.63 -757.729
1909.97 -758.75
1911.31 -759.771
1912.65 -760.793
1913.98 -761.814
1915.32 -762.835
1916.66 -763.856
1918 -764.878
1919.34 -765.899
1920.68 -766.92
1922.02 -767.942
1923.36 -768.963
1924.7 -769.984
1926.04 -771.006
1927.38 -772.027
1928.72 -773.048
1930.06 -774.069
1931.39 -775.091
1932.73 -776.112
1934.07 -777.133
1935.41 -778.155
1936.75 -779.176
1938.09 -780.197
1939.43 -781.219
1940.77 -782.24
1942.11 -783.261
1943.45 -784.282
1944.79 -785.304
1946.13 -786.325
1947.47 -787.346
1948.8 -788.368
1950.14 -789.389
1951.48 -790.41
1952.82 -791.432
1954.16 -792.453
1955.5 -793.474
1956.84 -794.495
1958.18 -795.517
1959.52 -796.538
1960.86 -797.559
1962.2 -798.581
1963.54 -799.602
1964.88 -800.623
1966.21 -801.645
1967.55 -802.666
1968.89 -803.687
1970.23 -804.708
1971.57 -805.73
1972.91 -806.751
1974.25 -807.772
1975.59 -808.794
1976.93 -809.815
1978.27 -810.836
1979.61 -811.858
1980.95 -812.879
1982.29 -813.9
1983.62 -814.922
1984.96 -815.943
1986.3 -816.964
1987.64 -817.985
1988.98 -819.007
1990.32 -820.028
1991.66 -821.049
1993 -822.071
1994.34 -823.092
1995.68 -824.113
1997.02 -825.135
1998.36 -826.156
1999.7 -827.177
2001.03 -828.198
2002.37 -829.22
2003.71 -830.241
2005.05 -831.262
2006.39 -832.284
2007.73 -833.305
2009.07 -834.326
2010.41 -835.348
2011.75 -836.369
2013.09 -837.39
2014.43 -838.411
2015.77 -839.433
2017.11 -840.454
2018.44 -841.475
2019.78 -842.497
2021.12 -843.518
2022.46 -844.539
2023.8 -845.561
2025.14 -846.582
2026.48 -847.603
2027.82 -848.624
2029.16 -849.646
2030.5 -850.667
2031.84 -851.688
2033.18 -852.71
2034.52 -853.731
2035.85 -854.752
2037.19 -855.774
2038.53 -856.795
2039.87 -857.816
2041.21 -858.837
2042.55 -859.859
2043.89 -860.88
2045.23 -861.901
2046.57 -862.923
2047.91 -863.944
2049.25 -864.965
2050.59 -865.987
2051.93 -867.008
2053.26 -868.029
2054.6 -869.05
2055.94 -870.072
2057.28 -871.093
2058.62 -872.114
2059.96 -873.136
2061.3 -874.157
2062.64 -875.178
2063.98 -876.2
2065.32 -877.221
2066.66 -878.242
2067.99 -879.263
2069.33 -880.285
2070.67 -881.306
2072.01 -882.327
2073.35 -883.349
2074.69 -884.37
2076.03 -885.391
2077.37 -886.413
2078.71 -887.434
2080.05 -888.455
2081.39 -889.477
2082.72 -890.498
2084.06 -891.519
2085.4 -892.54
2086.74 -893.562
2088.08 -894.583
2089.42 -895.604
2090.76 -896.626
2092.1 -897.647
2093.44 -898.668
2094.78 -899.69
2096.12 -900.711
2097.45 -901.732
2098.79 -902.753
2100.13 -903.775
2101.47 -904.796
2102.81 -905.817
2104.15 -906.839
2105.49 -907.86
2106.83 -908.881
2108.17 -909.903
2109.51 -910.924
2110.85 -911.945
2112.19 -912.966
2113.52 -913.988
2114.86 -915.009
2116.2 -916.03
2117.54 -917.052
2118.88 -918.073
2120.22 -919.094
2121.56 -920.116
2122.9 -921.137
2124.24 -922.158
2125.58 -923.179
2126.92 -924.201
2128.25 -925.222
2129.59 -926.243
2130.93 -927.265
2132.27 -928.286
2133.61 -929.307
2134.95 -930.329
2136.29 -931.35
2137.63 -932.371
2138.97 -933.392
2140.31 -934.414
2141.65 -935.435
2142.98 -936.456
2144.32 -937.478
2145.66 -938.499
2147 -939.52
2148.34 -940.542
2149.68 -941.563
2151.02 -942.584
2152.36 -943.605
2153.7 -944.627
2155.04 -945.648
2156.38 -946.669
2157.71 -947.691
2159.05 -948.712
2160.39 -949.733
2161.73 -950.755
2163.07 -951.776
2164.41 -952.797
2165.75 -953.818
2167.09 -954.84
2168.43 -955.861
2169.77 -956.882
2171.11 -957.904
2172.45 -958.925
2173.78 -959.946
2175.12 -960.968
2176.46 -961.989
2177.8 -963.01
2179.14 -964.031
2180.48 -965.053
2181.82 -966.074
2183.16 -967.095
2184.5 -968.117
2185.84 -969.138
2187.18 -970.159
2188.51 -971.181
2189.85 -972.202
2191.19 -973.223
2192.53 -974.245
2193.87 -975.266
2195.21 -976.287
2196.55 -977.308
2197.89 -978.33
2199.23 -979.351
2200.57 -980.372
2201.91 -981.394
2203.24 -982.415
2204.58 -983.436
2205.92 -984.458
2207.26 -985.479
2208.6 -986.5
2209.94 -987.521
2211.28 -988.543
2212.62 -989.564
2213.96 -990.585
2215.3 -991.607
2216.64 -992.628
2217.97 -993.649
2219.31 -994.671
2220.65 -995.692
2221.99 -996.713
2223.33 -997.734
2224.67 -998.756
2226.01 -999.777
2227.35 -1000.8
2228.69 -1001.82
2230.03 -1002.84
2231.37 -1003.86
2232.71 -1004.88
2234.04 -1005.9
2235.38 -1006.93
2236.72 -1007.95
2238.06 -1008.97
2239.4 -1009.99
2240.74 -1011.01
2242.08 -1012.03
2243.42 -1013.05
2244.76 -1014.08
2246.1 -1015.1
2247.44 -1016.12
2248.77 -1017.14
2250.11 -1018.16
2251.45 -1019.18
2252.79 -1020.2
2254.13 -1021.22
2255.47 -1022.25
2256.81 -1023.27
2258.15 -1024.29
2259.49 -1025.31
2260.83 -1026.33
2262.17 -1027.35
2263.5 -1028.37
2264.84 -1029.4
2266.18 -1030.42
2267.52 -1031.44
2268.86 -1032.46
2270.2 -1033.48
2271.54 -1034.5
2272.88 -1035.52
2274.22 -1036.54
2275.56 -1037.57
2276.9 -1038.59
2278.23 -1039.61
2279.57 -1040.63
2280.91 -1041.65
2282.25 -1042.67
2283.59 -1043.69
2284.93 -1044.72
2286.27 -1045.74
2287.61 -1046.76
2288.95 -1047.78
2290.29 -1048.8
2291.63 -1049.82
2292.97 -1050.84
2294.3 -1051.87
2295.64 -1052.89
2296.98 -1053.91
2298.32 -1054.93
2299.66 -1055.95
2301 -1056.97
2302.34 -1057.99
2303.68 -1059.01
2305.02 -1060.04
2306.36 -1061.06
2307.7 -1062.08
2309.03 -1063.1
2310.37 -1064.12
2311.71 -1065.14
2313.05 -1066.16
2314.39 -1067.19
2315.73 -1068.21
2317.07 -1069.23
2318.41 -1070.25
2319.75 -1071.27
2321.09 -1072.29
2322.43 -1073.31
2323.76 -1074.34
2325.1 -1075.36
2326.44 -1076.38
2327.78 -1077.4
2329.12 -1078.42
2330.46 -1079.44
2331.8 -1080.46
2333.14 -1081.48
2334.48 -1082.51
2335.82 -1083.53
2337.16 -1084.55
2338.49 -1085.57
2339.83 -1086.59
2341.17 -1087.61
2342.51 -1088.63
2343.85 -1089.66
2345.19 -1090.68
2346.53 -1091.7
2347.87 -1092.72
2349.21 -1093.74
2350.55 -1094.76
2351.89 -1095.78
2353.23 -1096.81
2354.56 -1097.83
2355.9 -1098.85
2357.24 -1099.87
2358.58 -1100.89
2359.92 -1101.91
2361.26 -1102.93
2362.6 -1103.95
2363.94 -1104.98
2365.28 -1106
2366.62 -1107.02
2367.96 -1108.04
2369.29 -1109.06
2370.63 -1110.08
2371.97 -1111.1
2373.31 -1112.13
2374.65 -1113.15
2375.99 -1114.17
2377.33 -1115.19
2378.67 -1116.21
2380.01 -1117.23
2381.35 -1118.25
2382.69 -1119.28
2384.02 -1120.3
2385.36 -1121.32
2386.7 -1122.34
2388.04 -1123.36
2389.38 -1124.38
2390.72 -1125.4
2392.06 -1126.42
2393.4 -1127.45
2394.74 -1128.47
2396.08 -1129.49
2397.42 -1130.51
2398.75 -1131.53
2400.09 -1132.55
2401.43 -1133.57
2402.77 -1134.6
2404.11 -1135.62
2405.45 -1136.64
2406.79 -1137.66
2408.13 -1138.68
2409.47 -1139.7
2410.81 -1140.72
2412.15 -1141.74
2413.49 -1142.77
2414.82 -1143.79
2416.16 -1144.81
2417.5 -1145.83
2418.84 -1146.85
2420.18 -1147.87
2421.52 -1148.89
2422.86 -1149.92
2424.2 -1150.94
2425.54 -1151.96
2426.88 -1152.98
2428.22 -1154
2429.55 -1155.02
2430.89 -1156.04
2432.23 -1157.07
2433.57 -1158.09
2434.91 -1159.11
2436.25 -1160.13
2437.59 -1161.15
2438.93 -1162.17
2440.27 -1163.19
2441.61 -1164.21
2442.95 -1165.24
2444.28 -1166.26
2445.62 -1167.28
2446.96 -1168.3
2448.3 -1169.32
2449.64 -1170.34
2450.98 -1171.36
2452.32 -1172.39
2453.66 -1173.41
2455 -1174.43
2456.34 -1175.45
2457.68 -1176.47
2459.01 -1177.49
2460.35 -1178.51
2461.69 -1179.54
2463.03 -1180.56
2464.37 -1181.58
2465.71 -1182.6
2467.05 -1183.62
2468.39 -1184.64
2469.73 -1185.66
2471.07 -1186.68
2472.41 -1187.71
2473.75 -1188.73
2475.08 -1189.75
2476.42 -1190.77
2477.76 -1191.79
2479.1 -1192.81
2480.44 -1193.83
2481.78 -1194.86
2483.12 -1195.88
2484.46 -1196.9
2485.8 -1197.92
2487.14 -1198.94
2488.48 -1199.96
2489.81 -1200.98
2491.15 -1202.01
2492.49 -1203.03
2493.83 -1204.05
2495.17 -1205.07
2496.51 -1206.09
2497.85 -1207.11
2499.19 -1208.13
2500.53 -1209.15
2501.87 -1210.18
2503.21 -1211.2
2504.54 -1212.22
2505.88 -1213.24
2507.22 -1214.26
2508.56 -1215.28
2509.9 -1216.3
2511.24 -1217.33
2512.58 -1218.35
2513.92 -1219.37
2515.26 -1220.39
2516.6 -1221.41
2517.94 -1222.43
2519.27 -1223.45
2520.61 -1224.48
2521.95 -1225.5
2523.29 -1226.52
2524.63 -1227.54
2525.97 -1228.56
2527.31 -1229.58
2528.65 -1230.6
2529.99 -1231.62
2531.33 -1232.65
2532.67 -1233.67
2534.01 -1234.69
2535.34 -1235.71
2536.68 -1236.73
2538.02 -1237.75
2539.36 -1238.77
2540.7 -1239.8
2542.04 -1240.82
2543.38 -1241.84
2544.72 -1242.86
2546.06 -1243.88
2547.4 -1244.9
2548.74 -1245.92
2550.07 -1246.95
2551.41 -1247.97
2552.75 -1248.99
2554.09 -1250.01
2555.43 -1251.03
2556.77 -1252.05
2558.11 -1253.07
2559.45 -1254.09
2560.79 -1255.12
2562.13 -1256.14
2563.47 -1257.16
2564.8 -1258.18
2566.14 -1259.2
2567.48 -1260.22
2568.82 -1261.24
2570.16 -1262.27
2571.5 -1263.29
2572.84 -1264.31
2574.18 -1265.33
2575.52 -1266.35
2576.86 -1267.37
2578.2 -1268.39
2579.53 -1269.42
2580.87 -1270.44
2582.21 -1271.46
2583.55 -1272.48
2584.89 -1273.5
2586.23 -1274.52
2587.57 -1275.54
2588.91 -1276.56
2590.25 -1277.59
2591.59 -1278.61
2592.93 -1279.63
2594.27 -1280.65
2595.6 -1281.67
2596.94 -1282.69
2598.28 -1283.71
2599.62 -1284.74
2600.96 -1285.76
2602.3 -1286.78
2603.64 -1287.8
2604.98 -1288.82
2606.32 -1289.84
2607.66 -1290.86
2609 -1291.89
2610.33 -1292.91
2611.67 -1293.93
2613.01 -1294.95
2614.35 -1295.97
2615.69 -1296.99
2617.03 -1298.01
2618.37 -1299.03
2619.71 -1300.06
2621.05 -1301.08
2622.39 -1302.1
2623.73 -1303.12
2625.06 -1304.14
2626.4 -1305.16
2627.74 -1306.18
2629.08 -1307.21
2630.42 -1308.23
2631.76 -1309.25
2633.1 -1310.27
2634.44 -1311.29
2635.78 -1312.31
2637.12 -1313.33
2638.46 -1314.36
2639.79 -1315.38
2641.13 -1316.4
2642.47 -1317.42
2643.81 -1318.44
2645.15 -1319.46
2646.49 -1320.48
2647.83 -1321.5
2649.17 -1322.53
2650.51 -1323.55
2651.85 -1324.57
2653.19 -1325.59
2654.53 -1326.61
2655.86 -1327.63
2657.2 -1328.65
2658.54 -1329.68
2659.88 -1330.7
2661.22 -1331.72
2662.56 -1332.74
2663.9 -1333.76
2665.24 -1334.78
2666.58 -1335.8
2667.92 -1336.83
2669.26 -1337.85
2670.59 -1338.87
2671.93 -1339.89
2673.27 -1340.91
2674.61 -1341.93
2675.95 -1342.95
2677.29 -1343.97
2678.63 -1345
2679.97 -1346.02
2681.31 -1347.04
2682.65 -1348.06
2683.99 -1349.08
2685.32 -1350.1
2686.66 -1351.12
2688 -1352.15
2689.34 -1353.17
2690.68 -1354.19
2692.02 -1355.21
2693.36 -1356.23
2694.7 -1357.25
2696.04 -1358.27
2697.38 -1359.3
2698.72 -1360.32
2700.05 -1361.34
2701.39 -1362.36
2702.73 -1363.38
2704.07 -1364.4
2705.41 -1365.42
2706.75 -1366.44
2708.09 -1367.47
2709.43 -1368.49
2710.77 -1369.51
2712.11 -1370.53
2713.45 -1371.55
2714.79 -1372.57
2716.12 -1373.59
2717.46 -1374.62
2718.8 -1375.64
2720.14 -1376.66
2721.48 -1377.68
2722.82 -1378.7
2724.16 -1379.72
2725.5 -1380.74
2726.84 -1381.77
2728.18 -1382.79
2729.52 -1383.81
2730.85 -1384.83
2732.19 -1385.85
2733.53 -1386.87
2734.87 -1387.89
2736.21 -1388.91
2737.55 -1389.94
2738.89 -1390.96
2740.23 -1391.98
2741.57 -1393
2742.91 -1394.02
2744.25 -1395.04
2745.58 -1396.06
2746.92 -1397.09
2748.26 -1398.11
2749.6 -1399.13
2750.94 -1400.15
2752.28 -1401.17
2753.62 -1402.19
2754.96 -1403.21
2756.3 -1404.24
2757.64 -1405.26
2758.98 -1406.28
2760.31 -1407.3
2761.65 -1408.32
2762.99 -1409.34
2764.33 -1410.36
2765.67 -1411.38
2767.01 -1412.41
2768.35 -1413.43
2769.69 -1414.45
2771.03 -1415.47
2772.37 -1416.49
2773.71 -1417.51
2775.05 -1418.53
2776.38 -1419.56
2777.72 -1420.58
2779.06 -1421.6
2780.4 -1422.62
2781.74 -1423.64
2783.08 -1424.66
2784.42 -1425.68
2785.76 -1426.71
2787.1 -1427.73
2788.44 -1428.75
2789.78 -1429.77
2791.11 -1430.79
2792.45 -1431.81
2793.79 -1432.83
2795.13 -1433.85
2796.47 -1434.88
2797.81 -1435.9
2799.15 -1436.92
2800.49 -1437.94
2801.83 -1438.96
2803.17 -1439.98
2804.51 -1441
2805.84 -1442.03
2807.18 -1443.05
2808.52 -1444.07
2809.86 -1445.09
2811.2 -1446.11
2812.54 -1447.13
2813.88 -1448.15
2815.22 -1449.18
2816.56 -1450.2
2817.9 -1451.22
2819.24 -1452.24
2820.57 -1453.26
2821.91 -1454.28
2823.25 -1455.3
2824.59 -1456.32
2825.93 -1457.35
2827.27 -1458.37
2828.61 -1459.39
2829.95 -1460.41
2831.29 -1461.43
2832.63 -1462.45
2833.97 -1463.47
2835.31 -1464.5
2836.64 -1465.52
2837.98 -1466.54
2839.32 -1467.56
2840.66 -1468.58
2842 -1469.6
2843.34 -1470.62
2844.68 -1471.65
2846.02 -1472.67
2847.36 -1473.69
2848.7 -1474.71
2850.04 -1475.73
2851.37 -1476.75
2852.71 -1477.77
2854.05 -1478.79
2855.39 -1479.82
2856.73 -1480.84
2858.07 -1481.86
2859.41 -1482.88
2860.75 -1483.9
2862.09 -1484.92
2863.43 -1485.94
2864.77 -1486.97
2866.1 -1487.99
2867.44 -1489.01
2868.78 -1490.03
2870.12 -1491.05
2871.46 -1492.07
2872.8 -1493.09
2874.14 -1494.11
2875.48 -1495.14
2876.82 -1496.16
2878.16 -1497.18
2879.5 -1498.2
2880.83 -1499.22
2882.17 -1500.24
2883.51 -1501.26
2884.85 -1502.29
2886.19 -1503.31
2887.53 -1504.33
2888.87 -1505.35
2890.21 -1506.37
2891.55 -1507.39
2892.89 -1508.41
2894.23 -1509.44
2895.57 -1510.46
2896.9 -1511.48
2898.24 -1512.5
2899.58 -1513.52
2900.92 -1514.54
2902.26 -1515.56
2903.6 -1516.58
2904.94 -1517.61
2906.28 -1518.63
2907.62 -1519.65
2908.96 -1520.67
2910.3 -1521.69
2911.63 -1522.71
2912.97 -1523.73
2914.31 -1524.76
2915.65 -1525.78
2916.99 -1526.8
2918.33 -1527.82
2919.67 -1528.84
2921.01 -1529.86
2922.35 -1530.88
2923.69 -1531.91
2925.03 -1532.93
2926.36 -1533.95
2927.7 -1534.97
2929.04 -1535.99
2930.38 -1537.01
2931.72 -1538.03
2933.06 -1539.05
2934.4 -1540.08
2935.74 -1541.1
2937.08 -1542.12
2938.42 -1543.14
2939.76 -1544.16
2941.09 -1545.18
2942.43 -1546.2
2943.77 -1547.23
2945.11 -1548.25
2946.45 -1549.27
2947.79 -1550.29
2949.13 -1551.31
2950.47 -1552.33
2951.81 -1553.35
2953.15 -1554.38
2954.49 -1555.4
2955.83 -1556.42
2957.16 -1557.44
2958.5 -1558.46
2959.84 -1559.48
2961.18 -1560.5
2962.52 -1561.52
2963.86 -1562.55
2965.2 -1563.57
2966.54 -1564.59
2967.88 -1565.61
