250 -600
251.38 -599.034
252.759 -598.068
254.139 -597.102
255.519 -596.136
256.899 -595.17
258.278 -594.204
259.658 -593.238
261.038 -592.271
262.418 -591.305
263.797 -590.339
265.177 -589.373
266.557 -588.407
267.936 -587.441
269.316 -586.475
270.696 -585.509
272.076 -584.543
273.455 -583.577
274.835 -582.611
276.215 -581.644
277.595 -580.678
278.974 -579.712
280.354 -578.746
281.734 -577.78
283.113 -576.814
284.493 -575.848
285.873 -574.882
287.253 -573.915
288.632 -572.949
290.012 -571.983
291.392 -571.017
292.772 -570.051
294.151 -569.085
295.531 -568.119
296.911 -567.153
298.291 -566.186
299.671 -565.22
301.05 -564.254
302.43 -563.288
303.81 -562.322
305.19 -561.356
306.569 -560.39
307.949 -559.424
309.329 -558.457
310.709 -557.491
312.088 -556.525
313.468 -555.559
314.848 -554.593
316.228 -553.627
317.607 -552.661
318.987 -551.695
320.367 -550.728
321.747 -549.762
323.127 -548.796
324.506 -547.83
325.886 -546.864
327.266 -545.898
328.646 -544.932
330.026 -543.966
331.405 -542.999
332.785 -542.033
334.165 -541.067
335.545 -540.101
336.925 -539.135
338.304 -538.169
339.684 -537.203
341.064 -536.236
342.444 -535.27
343.824 -534.304
345.204 -533.338
346.583 -532.372
347.963 -531.406
349.343 -530.439
350.723 -529.473
352.103 -528.507
353.483 -527.541
354.862 -526.575
356.242 -525.608
357.622 -524.642
359.002 -523.676
360.382 -522.71
361.762 -521.744
363.142 -520.777
364.521 -519.811
365.901 -518.845
367.281 -517.879
368.661 -516.913
370.041 -515.947
371.421 -514.98
372.801 -514.014
374.181 -513.048
375.56 -512.082
376.94 -511.116
378.32 -510.149
379.7 -509.183
381.08 -508.217
382.46 -507.251
383.84 -506.284
385.22 -505.318
386.6 -504.352
387.98 -503.386
389.359 -502.42
390.739 -501.453
392.119 -500.487
393.499 -499.521
394.879 -498.555
396.259 -497.588
397.639 -496.622
399.019 -495.656
400.399 -494.69
401.779 -493.723
403.159 -492.757
404.539 -491.791
405.919 -490.825
407.299 -489.858
408.679 -488.892
410.059 -487.926
411.439 -486.959
412.819 -485.993
414.199 -485.027
415.579 -484.061
416.959 -483.094
418.339 -482.128
419.719 -481.162
421.099 -480.195
422.479 -479.229
423.859 -478.263
425.239 -477.296
426.619 -476.33
427.999 -475.364
429.379 -474.397
430.759 -473.431
432.139 -472.465
433.52 -471.498
434.9 -470.532
436.28 -469.566
437.66 -468.599
439.04 -467.633
440.42 -466.667
441.8 -465.7
443.18 -464.734
444.56 -463.768
445.941 -462.801
447.321 -461.835
448.701 -460.868
450.081 -459.902
451.461 -458.936
452.841 -457.969
454.222 -457.003
455.602 -456.036
456.982 -455.07
458.362 -454.103
459.742 -453.137
461.123 -452.171
462.503 -451.204
463.883 -450.238
465.263 -449.271
466.644 -448.305
468.024 -447.338
469.404 -446.372
470.784 -445.405
472.165 -444.439
473.545 -443.472
474.925 -442.506
476.306 -441.539
477.686 -440.573
479.066 -439.606
480.447 -438.64
481.827 -437.673
483.207 -436.707
484.588 -435.74
485.968 -434.774
487.348 -433.807
488.729 -432.841
490.109 -431.874
491.49 -430.907
492.87 -429.941
494.251 -428.974
495.631 -428.008
497.011 -427.041
498.392 -426.074
499.772 -425.108
501.153 -424.141
502.533 -423.174
503.914 -422.208
505.294 -421.241
506.675 -420.274
508.056 -419.308
509.436 -418.341
510.817 -417.374
512.197 -416.408
513.578 -415.441
514.959 -414.474
516.339 -413.508
517.72 -412.541
519.101 -411.574
520.481 -410.607
521.862 -409.641
523.243 -408.674
524.623 -407.707
526.004 -406.74
527.385 -405.773
528.766 -404.806
530.146 -403.84
531.527 -402.873
532.908 -401.906
534.289 -400.939
535.67 -399.972
537.051 -399.005
538.432 -398.038
539.812 -397.071
541.193 -396.105
542.574 -395.138
543.955 -394.171
545.336 -393.204
546.717 -392.237
548.098 -391.27
549.479 -390.303
550.86 -389.336
552.241 -388.369
553.622 -387.402
555.003 -386.435
556.385 -385.468
557.766 -384.5
559.147 -383.533
560.528 -382.566
561.909 -381.599
563.291 -380.632
564.672 -379.665
566.053 -378.698
567.434 -377.73
568.816 -376.763
570.197 -375.796
571.578 -374.829
572.96 -373.862
574.341 -372.894
575.723 -371.927
577.104 -370.96
578.485 -369.992
579.867 -369.025
581.249 -368.058
582.63 -367.09
584.012 -366.123
585.393 -365.156
586.775 -364.188
588.157 -363.221
589.538 -362.253
590.92 -361.286
592.302 -360.318
593.684 -359.351
595.065 -358.383
596.447 -357.416
597.829 -356.448
599.211 -355.48
600.593 -354.513
601.975 -353.545
603.357 -352.577
604.739 -351.61
606.121 -350.642
607.503 -349.674
608.885 -348.706
610.267 -347.739
611.649 -346.771
613.032 -345.803
614.414 -344.835
615.796 -343.867
617.178 -342.899
618.561 -341.931
619.943 -340.963
621.326 -339.995
622.708 -339.027
624.091 -338.059
625.473 -337.091
626.856 -336.123
628.238 -335.155
629.621 -334.187
631.004 -333.219
632.387 -332.25
633.769 -331.282
635.152 -330.314
636.535 -329.346
637.918 -328.377
639.301 -327.409
640.684 -326.44
642.067 -325.472
643.45 -324.503
644.833 -323.535
646.217 -322.566
647.6 -321.598
648.983 -320.629
650.367 -319.661
651.75 -318.692
653.133 -317.723
654.517 -316.754
655.901 -315.786
657.284 -314.817
658.668 -313.848
660.052 -312.879
661.435 -311.91
662.819 -310.941
664.203 -309.972
665.587 -309.003
666.971 -308.034
668.355 -307.065
669.739 -306.096
671.124 -305.126
672.508 -304.157
673.892 -303.188
675.277 -302.218
676.661 -301.249
678.046 -300.28
679.43 -299.31
680.815 -298.34
682.2 -297.371
683.584 -296.401
684.969 -295.432
686.354 -294.462
687.739 -293.492
689.124 -292.522
690.51 -291.552
691.895 -290.582
693.28 -289.612
694.665 -288.642
696.051 -287.672
697.437 -286.702
698.822 -285.732
700.208 -284.761
701.594 -283.791
702.98 -282.821
704.366 -281.85
705.752 -280.88
707.138 -279.909
708.524 -278.938
709.91 -277.968
711.297 -276.997
712.683 -276.026
714.07 -275.055
715.457 -274.084
716.843 -273.113
718.23 -272.142
719.617 -271.171
721.004 -270.199
722.392 -269.228
723.779 -268.257
725.166 -267.285
726.554 -266.314
727.942 -265.342
729.329 -264.37
730.717 -263.398
732.105 -262.427
733.493 -261.455
734.881 -260.483
736.27 -259.511
737.658 -258.538
739.047 -257.566
740.435 -256.594
741.824 -255.621
743.213 -254.649
744.602 -253.676
745.991 -252.703
747.381 -251.73
748.77 -250.758
750.16 -249.785
751.549 -248.811
752.939 -247.838
754.329 -246.865
755.719 -245.892
757.11 -244.918
758.5 -243.944
759.891 -242.971
761.282 -241.997
762.673 -241.023
764.064 -240.049
765.455 -239.075
766.846 -238.101
768.238 -237.126
769.629 -236.152
771.021 -235.177
772.413 -234.202
773.806 -233.228
775.198 -232.253
776.591 -231.278
777.983 -230.302
779.376 -229.327
780.769 -228.352
782.163 -227.376
783.556 -226.4
784.95 -225.424
786.344 -224.448
787.738 -223.472
789.132 -222.496
790.527 -221.519
791.921 -220.543
793.316 -219.566
794.711 -218.589
796.107 -217.612
797.502 -216.635
798.898 -215.658
800.294 -214.68
801.69 -213.703
803.087 -212.725
804.483 -211.747
805.88 -210.769
807.277 -209.79
808.675 -208.812
810.072 -207.833
811.47 -206.854
812.869 -205.875
814.267 -204.896
815.666 -203.917
817.065 -202.937
818.464 -201.958
819.863 -200.978
821.263 -199.997
822.663 -199.017
824.064 -198.037
825.464 -197.056
826.865 -196.075
828.266 -195.094
829.668 -194.112
831.07 -193.131
832.472 -192.149
833.874 -191.167
835.277 -190.185
836.68 -189.202
838.084 -188.22
839.488 -187.237
840.892 -186.253
842.296 -185.27
843.701 -184.286
845.106 -183.302
846.512 -182.318
847.918 -181.334
849.324 -180.349
850.73 -179.364
852.138 -178.379
853.545 -177.393
854.953 -176.408
856.361 -175.422
857.77 -174.435
859.179 -173.449
860.588 -172.462
861.998 -171.475
863.408 -170.487
864.819 -169.499
866.23 -168.511
867.642 -167.523
869.054 -166.534
870.467 -165.545
871.88 -164.555
873.293 -163.566
874.707 -162.576
876.122 -161.585
877.537 -160.594
878.952 -159.603
880.368 -158.612
881.785 -157.62
883.202 -156.628
884.619 -155.635
886.037 -154.642
887.456 -153.649
888.875 -152.655
890.295 -151.661
891.716 -150.666
893.137 -149.671
894.558 -148.676
895.98 -147.68
897.403 -146.684
898.827 -145.687
900.251 -144.69
901.675 -143.692
903.101 -142.694
904.527 -141.696
905.953 -140.697
907.381 -139.697
908.809 -138.697
910.238 -137.697
911.667 -136.696
913.098 -135.694
914.529 -134.692
915.96 -133.69
917.393 -132.687
918.826 -131.683
920.26 -130.679
921.695 -129.674
923.131 -128.669
924.567 -127.663
926.005 -126.657
927.443 -125.65
928.882 -124.642
930.322 -123.634
931.763 -122.625
933.204 -121.615
934.647 -120.605
936.091 -119.594
937.535 -118.583
938.981 -117.571
940.427 -116.558
941.875 -115.544
943.324 -114.53
944.773 -113.515
946.224 -112.499
947.676 -111.482
949.128 -110.465
950.582 -109.447
952.037 -108.428
953.494 -107.409
954.951 -106.388
956.409 -105.367
957.869 -104.345
959.33 -103.322
960.792 -102.298
962.256 -101.273
963.721 -100.248
965.187 -99.2211
966.654 -98.1936
968.123 -97.1652
969.593 -96.1358
971.064 -95.1054
972.537 -94.074
974.012 -93.0416
975.488 -92.0082
976.965 -90.9737
978.444 -89.9382
979.924 -88.9016
981.406 -87.8638
982.89 -86.825
984.375 -85.7849
985.862 -84.7438
987.351 -83.7014
988.841 -82.6578
990.334 -81.613
991.828 -80.5669
993.323 -79.5195
994.821 -78.4709
996.321 -77.4209
997.822 -76.3695
999.326 -75.3168
1000.83 -74.2627
1002.34 -73.2071
1003.85 -72.1501
1005.36 -71.0916
1006.87 -70.0315
1008.45 -71.0093
1010.01 -71.9857
1011.58 -72.9608
1013.15 -73.9347
1014.71 -74.9073
1016.27 -75.8787
1017.83 -76.8489
1019.39 -77.818
1020.94 -78.7858
1022.5 -79.7525
1024.05 -80.7181
1025.6 -81.6826
1027.15 -82.646
1028.69 -83.6083
1030.24 -84.5696
1031.78 -85.5299
1033.32 -86.4891
1034.86 -87.4474
1036.4 -88.4046
1037.94 -89.3609
1039.48 -90.3163
1041.01 -91.2707
1042.54 -92.2241
1044.07 -93.1767
1045.6 -94.1284
1047.13 -95.0792
1048.66 -96.0292
1050.18 -96.9783
1051.71 -97.9266
1053.23 -98.874
1054.75 -99.8206
1056.27 -100.766
1057.79 -101.712
1059.31 -102.656
1060.82 -103.599
1062.34 -104.542
1063.85 -105.484
1065.37 -106.426
1066.88 -107.366
1068.39 -108.306
1069.9 -109.245
1071.41 -110.184
1072.91 -111.122
1074.42 -112.059
1075.93 -112.995
1077.43 -113.931
1078.93 -114.867
1080.44 -115.801
1081.94 -116.735
1083.44 -117.669
1084.94 -118.602
1086.43 -119.534
1087.93 -120.465
1089.43 -121.397
1090.92 -122.327
1092.42 -123.257
1093.91 -124.187
1095.41 -125.115
1096.9 -126.044
1098.39 -126.972
1099.88 -127.899
1101.37 -128.826
1102.86 -129.752
1104.35 -130.678
1105.83 -131.604
1107.32 -132.528
1108.81 -133.453
1110.29 -134.377
1111.77 -135.3
1113.26 -136.223
1114.74 -137.146
1116.22 -138.068
1117.7 -138.99
1119.19 -139.911
1120.67 -140.832
1122.14 -141.753
1123.62 -142.673
1125.1 -143.592
1126.58 -144.512
1128.06 -145.431
1129.53 -146.349
1131.01 -147.267
1132.48 -148.185
1133.96 -149.102
1135.43 -150.02
1136.9 -150.936
1138.38 -151.852
1139.85 -152.768
1141.32 -153.684
1142.79 -154.599
1144.26 -155.514
1145.73 -156.429
1147.2 -157.343
1148.67 -158.257
1150.14 -159.171
1151.61 -160.084
1153.08 -160.997
1154.54 -161.91
1156.01 -162.822
1157.47 -163.735
1158.94 -164.646
1160.41 -165.558
1161.87 -166.469
1163.33 -167.38
1164.8 -168.291
1166.26 -169.201
1167.72 -170.112
1169.19 -171.022
1170.65 -171.931
1172.11 -172.841
1173.57 -173.75
1175.03 -174.659
1176.49 -175.567
1177.95 -176.476
1179.41 -177.384
1180.87 -178.292
1182.33 -179.2
1183.79 -180.107
1185.25 -181.014
1186.7 -181.921
1188.16 -182.828
1189.62 -183.735
1191.08 -184.641
1192.53 -185.547
1193.99 -186.453
1195.44 -187.359
1196.9 -188.264
1198.35 -189.17
1199.81 -190.075
1201.26 -190.98
1202.72 -191.884
1204.17 -192.789
1205.62 -193.693
1207.08 -194.597
1208.53 -195.501
1209.98 -196.405
1211.44 -197.309
1212.89 -198.212
1214.34 -199.115
1215.79 -200.019
1217.24 -200.922
1218.69 -201.824
1220.14 -202.727
1221.59 -203.629
1223.04 -204.532
1224.49 -205.434
1225.94 -206.336
1227.39 -207.237
1228.84 -208.139
1230.29 -209.041
1231.74 -209.942
1233.19 -210.843
1234.64 -211.744
1236.08 -212.645
1237.53 -213.546
1238.98 -214.446
1240.43 -215.347
1241.87 -216.247
1243.32 -217.147
1244.77 -218.047
1246.21 -218.947
1247.66 -219.847
1249.11 -220.747
1250.55 -221.646
1252 -222.546
1253.44 -223.445
1254.89 -224.344
1256.33 -225.244
1257.78 -226.143
1259.22 -227.041
1260.67 -227.94
1262.11 -228.839
1263.55 -229.737
1265 -230.636
1266.44 -231.534
1267.89 -232.432
1269.33 -233.33
1270.77 -234.228
1272.22 -235.126
1273.66 -236.024
1275.1 -236.921
1276.54 -237.819
1277.99 -238.716
1279.43 -239.614
1280.87 -240.511
1282.31 -241.408
1283.75 -242.305
1285.2 -243.202
1286.64 -244.099
1288.08 -244.996
1289.52 -245.893
1290.96 -246.789
1292.4 -247.686
1293.84 -248.582
1295.28 -249.479
1296.72 -250.375
1298.16 -251.271
1299.6 -252.167
1301.04 -253.063
1302.48 -253.959
1303.92 -254.855
1305.36 -255.751
1306.8 -256.647
1308.24 -257.542
1309.68 -258.438
1311.12 -259.334
1312.56 -260.229
1314 -261.124
1315.44 -262.02
1316.88 -262.915
1318.32 -263.81
1319.76 -264.705
1321.19 -265.6
1322.63 -266.495
1324.07 -267.39
1325.51 -268.285
1326.95 -269.18
1328.39 -270.074
1329.82 -270.969
1331.26 -271.864
1332.7 -272.758
1334.14 -273.653
1335.57 -274.547
1337.01 -275.441
1338.45 -276.336
1339.89 -277.23
1341.32 -278.124
1342.76 -279.018
1344.2 -279.912
1345.63 -280.806
1347.07 -281.7
1348.51 -282.594
1349.94 -283.488
1351.38 -284.382
1352.82 -285.276
1354.25 -286.169
1355.69 -287.063
1357.13 -287.956
1358.56 -288.85
1360 -289.744
1361.43 -290.637
1362.87 -291.53
1364.31 -292.424
1365.74 -293.317
1367.18 -294.21
1368.61 -295.104
1370.05 -295.997
1371.48 -296.89
1372.92 -297.783
1374.35 -298.676
1375.79 -299.569
1377.22 -300.462
1378.66 -301.355
1380.1 -302.248
1381.53 -303.141
1382.97 -304.034
1384.4 -304.926
1385.83 -305.819
1387.27 -306.712
1388.7 -307.605
1390.14 -308.497
1391.57 -309.39
1393.01 -310.282
1394.44 -311.175
1395.88 -312.067
1397.31 -312.96
1398.75 -313.852
1400.18 -314.745
1401.61 -315.637
1403.05 -316.529
1404.48 -317.422
1405.92 -318.314
1407.35 -319.206
1408.78 -320.098
1410.22 -320.991
1411.65 -321.883
1413.09 -322.775
1414.52 -323.667
1415.95 -324.559
1417.39 -325.451
1418.82 -326.343
1420.25 -327.235
1421.69 -328.127
1423.12 -329.019
1424.56 -329.911
1425.99 -330.803
1427.42 -331.694
1428.86 -332.586
1430.29 -333.478
1431.72 -334.37
1433.16 -335.262
1434.59 -336.153
1436.02 -337.045
1437.45 -337.937
1438.89 -338.828
1440.32 -339.72
1441.75 -340.611
1443.19 -341.503
1444.62 -342.395
1446.05 -343.286
1447.49 -344.178
1448.92 -345.069
1450.35 -345.961
1451.78 -346.852
1453.22 -347.743
1454.65 -348.635
1456.08 -349.526
1457.51 -350.418
1458.95 -351.309
1460.38 -352.2
1461.81 -353.091
1463.24 -353.983
1464.68 -354.874
1466.11 -355.765
1467.54 -356.656
1468.97 -357.548
1470.41 -358.439
1471.84 -359.33
1473.27 -360.221
1474.7 -361.112
1476.14 -362.003
1477.57 -362.894
1479 -363.786
1480.43 -364.677
1481.86 -365.568
1483.3 -366.459
1484.73 -367.35
1486.16 -368.241
1487.59 -369.132
1489.02 -370.023
1490.46 -370.914
1491.89 -371.805
1493.32 -372.695
1494.75 -373.586
1496.18 -374.477
1497.62 -375.368
1499.05 -376.259
1500.48 -377.15
1501.91 -378.041
1503.34 -378.932
1504.77 -379.822
1506.21 -380.713
1507.64 -381.604
1509.07 -382.495
1510.5 -383.385
1511.93 -384.276
1513.36 -385.167
1514.8 -386.058
1516.23 -386.948
1517.66 -387.839
1519.09 -388.73
1520.52 -389.62
1521.95 -390.511
1523.38 -391.402
1524.82 -392.292
1526.25 -393.183
1527.68 -394.074
1529.11 -394.964
1530.54 -395.855
1531.97 -396.745
1533.4 -397.636
1534.84 -398.527
1536.27 -399.417
1537.7 -400.308
1539.13 -401.198
1540.56 -402.089
1541.99 -402.979
1543.42 -403.87
1544.85 -404.76
1546.29 -405.651
1547.72 -406.541
1549.15 -407.432
1550.58 -408.322
1552.01 -409.213
1553.44 -410.103
1554.87 -410.993
1556.3 -411.884
1557.74 -412.774
1559.17 -413.665
1560.6 -414.555
1562.03 -415.446
1563.46 -416.336
1564.89 -417.226
1566.32 -418.117
1567.75 -419.007
1569.18 -419.897
1570.61 -420.788
1572.05 -421.678
1573.48 -422.568
1574.91 -423.459
1576.34 -424.349
1577.77 -425.239
1579.2 -426.13
1580.63 -427.02
1582.06 -427.91
1583.49 -428.801
1584.92 -429.691
1586.35 -430.581
1587.79 -431.471
1589.22 -432.362
1590.65 -433.252
1592.08 -434.142
1593.51 -435.032
1594.94 -435.923
1596.37 -436.813
1597.8 -437.703
1599.23 -438.593
1600.66 -439.483
1602.09 -440.374
1603.52 -441.264
1604.95 -442.154
1606.39 -443.044
1607.82 -443.934
1609.25 -444.825
1610.68 -445.715
1612.11 -446.605
1613.54 -447.495
1614.97 -448.385
1616.4 -449.275
1617.83 -450.166
1619.26 -451.056
1620.69 -451.946
1622.12 -452.836
1623.55 -453.726
1624.98 -454.616
1626.41 -455.506
1627.85 -456.397
1629.28 -457.287
1630.71 -458.177
1632.14 -459.067
1633.57 -459.957
1635 -460.847
1636.43 -461.737
1637.86 -462.627
1639.29 -463.517
1640.72 -464.407
1642.15 -465.297
1643.58 -466.188
1645.01 -467.078
1646.44 -467.968
1647.87 -468.858
1649.3 -469.748
1650.73 -470.638
1652.16 -471.528
1653.6 -472.418
1655.03 -473.308
1656.46 -474.198
1657.89 -475.088
1659.32 -475.978
1660.75 -476.868
1662.18 -477.758
1663.61 -478.648
1665.04 -479.538
1666.47 -480.428
1667.9 -481.318
1669.33 -482.208
1670.76 -483.098
1672.19 -483.988
1673.62 -484.878
1675.05 -485.768
1676.48 -486.658
1677.91 -487.548
1679.34 -488.438
1680.77 -489.328
1682.2 -490.218
1683.63 -491.108
1685.06 -491.998
1686.5 -492.888
1687.93 -493.778
1689.36 -494.668
1690.79 -495.558
1692.22 -496.448
1693.65 -497.338
1695.08 -498.228
1696.51 -499.118
1697.94 -500.008
1699.37 -500.898
1700.8 -501.787
1702.23 -502.677
1703.66 -503.567
1705.09 -504.457
1706.52 -505.347
1707.95 -506.237
1709.38 -507.127
1710.81 -508.017
1712.24 -508.907
1713.67 -509.797
1715.1 -510.687
1716.53 -511.577
1717.96 -512.467
1719.39 -513.357
1720.82 -514.246
1722.25 -515.136
1723.68 -516.026
1725.11 -516.916
1726.54 -517.806
1727.97 -518.696
1729.4 -519.586
1730.83 -520.476
1732.27 -521.366
1733.7 -522.255
1735.13 -523.145
1736.56 -524.035
1737.99 -524.925
1739.42 -525.815
1740.85 -526.705
1742.28 -527.595
1743.71 -528.485
1745.14 -529.375
1746.57 -530.264
1748 -531.154
1749.43 -532.044
1750.86 -532.934
1752.29 -533.824
1753.72 -534.714
1755.15 -535.604
1756.58 -536.494
1758.01 -537.384
1759.44 -538.273
1760.87 -539.163
1762.3 -540.053
1763.73 -540.943
1765.16 -541.833
1766.59 -542.723
1768.02 -543.613
1769.45 -544.503
1770.88 -545.392
1772.31 -546.282
1773.74 -547.172
1775.17 -548.062
1776.6 -548.952
1778.03 -549.841
1779.46 -550.731
1780.89 -551.621
1782.32 -552.511
1783.75 -553.401
1785.18 -554.291
1786.61 -555.18
1788.04 -556.07
1789.47 -556.96
1790.9 -557.85
1792.33 -558.74
1793.76 -559.63
1795.19 -560.519
1796.62 -561.409
1798.05 -562.299
1799.48 -563.189
1800.91 -564.079
1802.34 -564.969
1803.77 -565.858
1805.2 -566.748
1806.64 -567.638
1808.07 -568.528
1809.5 -569.418
1810.93 -570.308
1812.36 -571.197
1813.79 -572.087
1815.22 -572.977
1816.65 -573.867
1818.08 -574.757
1819.51 -575.647
1820.94 -576.536
1822.37 -577.426
1823.8 -578.316
1825.23 -579.206
1826.66 -580.096
1828.09 -580.986
1829.52 -581.875
1830.95 -582.765
1832.38 -583.655
1833.81 -584.545
1835.24 -585.435
1836.67 -586.325
1838.1 -587.214
1839.53 -588.104
1840.96 -588.994
1842.39 -589.884
1843.82 -590.774
1845.25 -591.664
1846.68 -592.553
1848.11 -593.443
1849.54 -594.333
1850.97 -595.223
1852.4 -596.113
1853.83 -597.003
1855.26 -597.892
1856.69 -598.782
1858.12 -599.672
1859.55 -600.562
1860.98 -601.451
1862.41 -602.341
1863.84 -603.231
1865.27 -604.121
1866.7 -605.011
1868.13 -605.9
1869.56 -606.79
1870.99 -607.68
1872.42 -608.57
1873.85 -609.459
1875.28 -610.349
1876.71 -611.239
1878.14 -612.129
1879.57 -613.018
1881 -613.908
1882.43 -614.798
1883.86 -615.688
1885.29 -616.578
1886.72 -617.467
1888.15 -618.357
1889.58 -619.247
1891.01 -620.137
1892.44 -621.026
1893.87 -621.916
1895.3 -622.806
1896.73 -623.696
1898.16 -624.586
1899.59 -625.475
1901.02 -626.365
1902.45 -627.255
1903.88 -628.145
1905.31 -629.034
1906.74 -629.924
1908.17 -630.814
1909.6 -631.704
1911.03 -632.593
1912.46 -633.483
1913.89 -634.373
1915.32 -635.263
1916.75 -636.153
1918.18 -637.042
1919.61 -637.932
1921.04 -638.822
1922.47 -639.712
1923.9 -640.601
1925.33 -641.491
1926.76 -642.381
1928.19 -643.271
1929.62 -644.16
1931.05 -645.05
1932.48 -645.94
1933.91 -646.83
1935.34 -647.72
1936.77 -648.609
1938.2 -649.499
1939.63 -650.389
1941.06 -651.279
1942.49 -652.168
1943.92 -653.058
1945.35 -653.948
1946.78 -654.838
1948.21 -655.727
1949.64 -656.617
1951.07 -657.507
1952.5 -658.397
1953.93 -659.287
1955.36 -660.176
1956.79 -661.066
1958.22 -661.956
1959.65 -662.846
1961.08 -663.735
1962.51 -664.625
1963.94 -665.515
1965.37 -666.405
1966.8 -667.294
1968.23 -668.184
1969.66 -669.074
1971.09 -669.964
1972.52 -670.854
1973.95 -671.743
1975.38 -672.633
1976.81 -673.523
1978.24 -674.413
1979.67 -675.302
1981.1 -676.192
1982.53 -677.082
1983.96 -677.972
1985.39 -678.862
1986.82 -679.751
1988.25 -680.641
1989.68 -681.531
1991.11 -682.421
1992.54 -683.31
1993.97 -684.2
1995.4 -685.09
1996.83 -685.98
1998.27 -686.869
1999.7 -687.759
2001.13 -688.649
2002.56 -689.539
2003.99 -690.429
2005.42 -691.318
2006.85 -692.208
2008.28 -693.098
2009.71 -693.988
2011.14 -694.877
2012.57 -695.767
2014 -696.657
2015.43 -697.547
2016.86 -698.436
2018.29 -699.326
2019.72 -700.216
2021.15 -701.106
2022.58 -701.996
2024.01 -702.885
2025.44 -703.775
2026.87 -704.665
2028.3 -705.555
2029.73 -706.444
2031.16 -707.334
2032.59 -708.224
2034.02 -709.114
2035.45 -710.003
2036.88 -710.893
2038.31 -711.783
2039.74 -712.673
2041.17 -713.563
2042.6 -714.452
2044.03 -715.342
2045.46 -716.232
2046.89 -717.122
2048.32 -718.011
2049.75 -718.901
2051.18 -719.791
2052.61 -720.681
2054.04 -721.57
2055.47 -722.46
2056.9 -723.35
2058.33 -724.24
2059.76 -725.13
2061.19 -726.019
2062.62 -726.909
2064.05 -727.799
2065.48 -728.689
2066.91 -729.578
2068.34 -730.468
2069.77 -731.358
2071.2 -732.248
2072.63 -733.138
2074.06 -734.027
2075.49 -734.917
2076.92 -735.807
2078.35 -736.697
2079.78 -737.586
2081.21 -738.476
2082.64 -739.366
2084.07 -740.256
2085.5 -741.145
2086.93 -742.035
2088.35 -742.925
2089.78 -743.815
2091.21 -744.705
2092.64 -745.594
2094.07 -746.484
2095.5 -747.374
2096.93 -748.264
2098.36 -749.153
2099.79 -750.043
2101.22 -750.933
2102.65 -751.823
2104.08 -752.712
2105.51 -753.602
2106.94 -754.492
2108.37 -755.382
2109.8 -756.272
2111.23 -757.161
2112.66 -758.051
2114.09 -758.941
2115.52 -759.831
2116.95 -760.72
2118.38 -761.61
2119.81 -762.5
2121.24 -763.39
2122.67 -764.279
2124.1 -765.169
2125.53 -766.059
2126.96 -766.949
2128.39 -767.839
2129.82 -768.728
2131.25 -769.618
2132.68 -770.508
2134.11 -771.398
2135.54 -772.287
2136.97 -773.177
2138.4 -774.067
2139.83 -774.957
2141.26 -775.846
2142.69 -776.736
2144.12 -777.626
2145.55 -778.516
2146.98 -779.406
2148.41 -780.295
2149.84 -781.185
2151.27 -782.075
2152.7 -782.965
2154.13 -783.854
2155.56 -784.744
2156.99 -785.634
2158.42 -786.524
2159.85 -787.414
2161.28 -788.303
2162.71 -789.193
2164.14 -790.083
2165.57 -790.973
2167 -791.862
2168.43 -792.752
2169.86 -793.642
2171.29 -794.532
2172.72 -795.421
2174.15 -796.311
2175.58 -797.201
2177.01 -798.091
2178.44 -798.981
2179.87 -799.87
2181.3 -800.76
2182.73 -801.65
2184.16 -802.54
2185.59 -803.429
2187.02 -804.319
2188.45 -805.209
2189.88 -806.099
2191.31 -806.988
2192.74 -807.878
2194.17 -808.768
2195.6 -809.658
2197.03 -810.548
2198.46 -811.437
2199.89 -812.327
2201.32 -813.217
2202.75 -814.107
2204.18 -814.996
2205.61 -815.886
2207.04 -816.776
2208.47 -817.666
2209.9 -818.555
2211.33 -819.445
2212.76 -820.335
2214.19 -821.225
2215.62 -822.115
2217.05 -823.004
2218.48 -823.894
2219.91 -824.784
2221.34 -825.674
2222.77 -826.563
2224.2 -827.453
2225.63 -828.343
2227.06 -829.233
2228.49 -830.122
2229.92 -831.012
2231.35 -831.902
2232.78 -832.792
2234.21 -833.682
2235.64 -834.571
2237.07 -835.461
2238.5 -836.351
2239.93 -837.241
2241.36 -838.13
2242.79 -839.02
2244.22 -839.91
2245.65 -840.8
2247.08 -841.69
2248.51 -842.579
2249.94 -843.469
2251.37 -844.359
2252.8 -845.249
2254.23 -846.138
2255.66 -847.028
2257.09 -847.918
2258.52 -848.808
2259.95 -849.697
2261.38 -850.587
2262.81 -851.477
2264.24 -852.367
2265.67 -853.257
2267.1 -854.146
2268.53 -855.036
2269.96 -855.926
2271.39 -856.816
2272.82 -857.705
2274.25 -858.595
2275.68 -859.485
2277.11 -860.375
2278.54 -861.264
2279.97 -862.154
2281.4 -863.044
2282.83 -863.934
2284.26 -864.824
2285.69 -865.713
2287.12 -866.603
2288.55 -867.493
2289.98 -868.383
2291.41 -869.272
2292.84 -870.162
2294.27 -871.052
2295.7 -871.942
2297.12 -872.831
2298.55 -873.721
2299.98 -874.611
2301.41 -875.501
2302.84 -876.391
2304.27 -877.28
2305.7 -878.17
2307.13 -879.06
2308.56 -879.95
2309.99 -880.839
2311.42 -881.729
2312.85 -882.619
2314.28 -883.509
2315.71 -884.398
2317.14 -885.288
2318.57 -886.178
2320 -887.068
2321.43 -887.958
2322.86 -888.847
2324.29 -889.737
2325.72 -890.627
2327.15 -891.517
2328.58 -892.406
2330.01 -893.296
2331.44 -894.186
2332.87 -895.076
2334.3 -895.966
2335.73 -896.855
2337.16 -897.745
2338.59 -898.635
2340.02 -899.525
2341.45 -900.414
2342.88 -901.304
2344.31 -902.194
2345.74 -903.084
2347.17 -903.973
2348.6 -904.863
2350.03 -905.753
2351.46 -906.643
2352.89 -907.533
2354.32 -908.422
2355.75 -909.312
2357.18 -910.202
2358.61 -911.092
2360.04 -911.981
2361.47 -912.871
2362.9 -913.761
2364.33 -914.651
2365.76 -915.54
2367.19 -916.43
2368.62 -917.32
2370.05 -918.21
2371.48 -919.1
2372.91 -919.989
2374.34 -920.879
2375.77 -921.769
2377.2 -922.659
2378.63 -923.548
2380.06 -924.438
2381.49 -925.328
2382.92 -926.218
2384.35 -927.107
2385.78 -927.997
2387.21 -928.887
2388.64 -929.777
2390.07 -930.667
2391.5 -931.556
2392.93 -932.446
2394.36 -933.336
2395.79 -934.226
2397.22 -935.115
2398.65 -936.005
2400.08 -936.895
2401.51 -937.785
2402.94 -938.674
2404.37 -939.564
2405.8 -940.454
2407.23 -941.344
2408.66 -942.234
2410.09 -943.123
2411.52 -944.013
2412.95 -944.903
2414.38 -945.793
2415.81 -946.682
2417.24 -947.572
2418.67 -948.462
2420.1 -949.352
2421.53 -950.242
2422.96 -951.131
2424.39 -952.021
2425.82 -952.911
2427.25 -953.801
2428.68 -954.69
2430.11 -955.58
2431.54 -956.47
2432.97 -957.36
2434.4 -958.249
2435.83 -959.139
2437.26 -960.029
2438.69 -960.919
2440.12 -961.809
2441.55 -962.698
2442.98 -963.588
2444.41 -964.478
2445.84 -965.368
2447.27 -966.257
2448.7 -967.147
2450.13 -968.037
2451.56 -968.927
2452.99 -969.816
2454.42 -970.706
2455.85 -971.596
2457.28 -972.486
2458.71 -973.376
2460.14 -974.265
2461.57 -975.155
2463 -976.045
2464.43 -976.935
2465.86 -977.824
2467.29 -978.714
2468.72 -979.604
2470.15 -980.494
2471.58 -981.383
2473.01 -982.273
2474.44 -983.163
2475.87 -984.053
2477.3 -984.943
2478.73 -985.832
2480.16 -986.722
2481.59 -987.612
2483.02 -988.502
2484.45 -989.391
2485.88 -990.281
2487.31 -991.171
2488.74 -992.061
2490.17 -992.951
2491.6 -993.84
2493.03 -994.73
2494.46 -995.62
2495.89 -996.51
2497.32 -997.399
2498.75 -998.289
2500.18 -999.179
2501.61 -1000.07
2503.04 -1000.96
2504.47 -1001.85
2505.9 -1002.74
2507.32 -1003.63
2508.75 -1004.52
2510.18 -1005.41
2511.61 -1006.3
2513.04 -1007.19
2514.47 -1008.08
2515.9 -1008.97
2517.33 -1009.86
2518.76 -1010.75
2520.19 -1011.64
2521.62 -1012.53
2523.05 -1013.42
2524.48 -1014.3
2525.91 -1015.19
2527.34 -1016.08
2528.77 -1016.97
2530.2 -1017.86
2531.63 -1018.75
2533.06 -1019.64
2534.49 -1020.53
2535.92 -1021.42
2537.35 -1022.31
2538.78 -1023.2
2540.21 -1024.09
2541.64 -1024.98
2543.07 -1025.87
2544.5 -1026.76
2545.93 -1027.65
2547.36 -1028.54
2548.79 -1029.43
2550.22 -1030.32
2551.65 -1031.21
2553.08 -1032.1
2554.51 -1032.99
2555.94 -1033.88
2557.37 -1034.77
2558.8 -1035.66
2560.23 -1036.55
2561.66 -1037.44
2563.09 -1038.33
2564.52 -1039.22
2565.95 -1040.11
2567.38 -1041
2568.81 -1041.89
2570.24 -1042.78
2571.67 -1043.67
2573.1 -1044.56
2574.53 -1045.45
2575.96 -1046.34
2577.39 -1047.23
2578.82 -1048.12
2580.25 -1049.01
2581.68 -1049.9
2583.11 -1050.79
2584.54 -1051.68
2585.97 -1052.57
2587.4 -1053.45
2588.83 -1054.34
2590.26 -1055.23
2591.69 -1056.12
2593.12 -1057.01
2594.55 -1057.9
2595.98 -1058.79
2597.41 -1059.68
2598.84 -1060.57
2600.27 -1061.46
2601.7 -1062.35
2603.13 -1063.24
2604.56 -1064.13
2605.99 -1065.02
2607.42 -1065.91
2608.85 -1066.8
2610.28 -1067.69
2611.71 -1068.58
2613.14 -1069.47
2614.57 -1070.36
2616 -1071.25
2617.43 -1072.14
2618.86 -1073.03
2620.29 -1073.92
2621.72 -1074.81
2623.15 -1075.7
2624.58 -1076.59
2626.01 -1077.48
2627.44 -1078.37
2628.87 -1079.26
2630.3 -1080.15
2631.73 -1081.04
2633.16 -1081.93
2634.59 -1082.82
2636.02 -1083.71
2637.45 -1084.6
2638.88 -1085.49
2640.31 -1086.38
2641.74 -1087.27
2643.17 -1088.16
2644.6 -1089.05
2646.03 -1089.94
2647.46 -1090.83
2648.89 -1091.71
2650.32 -1092.6
2651.75 -1093.49
2653.18 -1094.38
2654.61 -1095.27
2656.04 -1096.16
2657.47 -1097.05
2658.9 -1097.94
2660.33 -1098.83
2661.76 -1099.72
2663.19 -1100.61
2664.62 -1101.5
2666.05 -1102.39
2667.48 -1103.28
2668.91 -1104.17
2670.34 -1105.06
2671.77 -1105.95
2673.2 -1106.84
2674.63 -1107.73
2676.06 -1108.62
2677.49 -1109.51
2678.92 -1110.4
2680.35 -1111.29
2681.78 -1112.18
2683.21 -1113.07
2684.64 -1113.96
2686.07 -1114.85
2687.5 -1115.74
2688.93 -1116.63
2690.36 -1117.52
2691.79 -1118.41
2693.22 -1119.3
2694.65 -1120.19
2696.08 -1121.08
2697.51 -1121.97
2698.94 -1122.86
2700.37 -1123.75
2701.8 -1124.64
2703.23 -1125.53
2704.66 -1126.42
2706.09 -1127.31
2707.52 -1128.2
2708.95 -1129.09
2710.38 -1129.98
2711.81 -1130.86
2713.24 -1131.75
2714.67 -1132.64
2716.09 -1133.53
2717.52 -1134.42
2718.95 -1135.31
2720.38 -1136.2
2721.81 -1137.09
2723.24 -1137.98
2724.67 -1138.87
2726.1 -1139.76
2727.53 -1140.65
2728.96 -1141.54
2730.39 -1142.43
2731.82 -1143.32
2733.25 -1144.21
2734.68 -1145.1
2736.11 -1145.99
2737.54 -1146.88
2738.97 -1147.77
2740.4 -1148.66
2741.83 -1149.55
2743.26 -1150.44
2744.69 -1151.33
2746.12 -1152.22
2747.55 -1153.11
2748.98 -1154
2750.41 -1154.89
2751.84 -1155.78
2753.27 -1156.67
2754.7 -1157.56
2756.13 -1158.45
2757.56 -1159.34
2758.99 -1160.23
2760.42 -1161.12
2761.85 -1162.01
2763.28 -1162.9
2764.71 -1163.79
2766.14 -1164.68
2767.57 -1165.57
2769 -1166.46
2770.43 -1167.35
2771.86 -1168.24
2773.29 -1169.12
2774.72 -1170.01
2776.15 -1170.9
2777.58 -1171.79
2779.01 -1172.68
2780.44 -1173.57
2781.87 -1174.46
2783.3 -1175.35
2784.73 -1176.24
2786.16 -1177.13
2787.59 -1178.02
2789.02 -1178.91
2790.45 -1179.8
2791.88 -1180.69
2793.31 -1181.58
2794.74 -1182.47
2796.17 -1183.36
2797.6 -1184.25
2799.03 -1185.14
2800.46 -1186.03
2801.89 -1186.92
2803.32 -1187.81
2804.75 -1188.7
2806.18 -1189.59
2807.61 -1190.48
2809.04 -1191.37
2810.47 -1192.26
2811.9 -1193.15
2813.33 -1194.04
2814.76 -1194.93
2816.19 -1195.82
2817.62 -1196.71
2819.05 -1197.6
2820.48 -1198.49
2821.91 -1199.38
2823.34 -1200.27
2824.77 -1201.16
2826.2 -1202.05
2827.63 -1202.94
2829.06 -1203.83
2830.49 -1204.72
2831.92 -1205.61
2833.35 -1206.5
2834.78 -1207.39
2836.21 -1208.27
2837.64 -1209.16
2839.07 -1210.05
2840.5 -1210.94
2841.93 -1211.83
2843.36 -1212.72
2844.79 -1213.61
2846.22 -1214.5
2847.65 -1215.39
2849.08 -1216.28
2850.51 -1217.17
2851.94 -1218.06
2853.37 -1218.95
2854.8 -1219.84
2856.23 -1220.73
2857.66 -1221.62
2859.09 -1222.51
2860.52 -1223.4
2861.95 -1224.29
2863.38 -1225.18
2864.81 -1226.07
2866.24 -1226.96
2867.67 -1227.85
2869.1 -1228.74
2870.53 -1229.63
2871.96 -1230.52
2873.39 -1231.41
2874.82 -1232.3
2876.25 -1233.19
2877.68 -1234.08
2879.11 -1234.97
2880.54 -1235.86
2881.97 -1236.75
2883.4 -1237.64
2884.83 -1238.53
2886.26 -1239.42
2887.69 -1240.31
2889.12 -1241.2
2890.55 -1242.09
2891.98 -1242.98
2893.41 -1243.87
2894.84 -1244.76
2896.27 -1245.65
2897.7 -1246.54
2899.13 -1247.42
2900.56 -1248.31
2901.99 -1249.2
2903.42 -1250.09
2904.85 -1250.98
2906.28 -1251.87
2907.71 -1252.76
2909.14 -1253.65
2910.57 -1254.54
2912 -1255.43
2913.43 -1256.32
2914.86 -1257.21
2916.29 -1258.1
2917.72 -1258.99
2919.15 -1259.88
2920.58 -1260.77
2922.01 -1261.66
2923.44 -1262.55
2924.86 -1263.44
2926.29 -1264.33
2927.72 -1265.22
2929.15 -1266.11
2930.58 -1267
2932.01 -1267.89
2933.44 -1268.78
2934.87 -1269.67
2936.3 -1270.56
2937.73 -1271.45
2939.16 -1272.34
2940.59 -1273.23
2942.02 -1274.12
2943.45 -1275.01
2944.88 -1275.9
2946.31 -1276.79
2947.74 -1277.68
2949.17 -1278.57
2950.6 -1279.46
2952.03 -1280.35
2953.46 -1281.24
2954.89 -1282.13
2956.32 -1283.02
2957.75 -1283.91
2959.18 -1284.8
2960.61 -1285.68
2962.04 -1286.57
2963.47 -1287.46
2964.9 -1288.35
2966.33 -1289.24
2967.76 -1290.13
2969.19 -1291.02
2970.62 -1291.91
2972.05 -1292.8
2973.48 -1293.69
2974.91 -1294.58
2976.34 -1295.47
2977.77 -1296.36
2979.2 -1297.25
2980.63 -1298.14
2982.06 -1299.03
2983.49 -1299.92
2984.92 -1300.81
2986.35 -1301.7
2987.78 -1302.59
2989.21 -1303.48
2990.64 -1304.37
2992.07 -1305.26
2993.5 -1306.15
2994.93 -1307.04
2996.36 -1307.93
2997.79 -1308.82
2999.22 -1309.71
3000.65 -1310.6
3002.08 -1311.49
3003.51 -1312.38
3004.94 -1313.27
3006.37 -1314.16
3007.8 -1315.05
3009.23 -1315.94
3010.66 -1316.83
3012.09 -1317.72
3013.52 -1318.61
3014.95 -1319.5
3016.38 -1320.39
3017.81 -1321.28
3019.24 -1322.17
3020.67 -1323.06
3022.1 -1323.95
3023.53 -1324.83
3024.96 -1325.72
3026.39 -1326.61
3027.82 -1327.5
3029.25 -1328.39
3030.68 -1329.28
3032.11 -1330.17
3033.54 -1331.06
3034.97 -1331.95
3036.4 -1332.84
3037.83 -1333.73
3039.26 -1334.62
3040.69 -1335.51
3042.12 -1336.4
3043.55 -1337.29
3044.98 -1338.18
3046.41 -1339.07
3047.84 -1339.96
3049.27 -1340.85
3050.7 -1341.74
3052.13 -1342.63
3053.56 -1343.52
3054.99 -1344.41
3056.42 -1345.3
3057.85 -1346.19
3059.28 -1347.08
3060.71 -1347.97
3062.14 -1348.86
3063.57 -1349.75
3065 -1350.64
3066.43 -1351.53
3067.86 -1352.42
3069.29 -1353.31
3070.72 -1354.2
3072.15 -1355.09
3073.58 -1355.98
3075.01 -1356.87
3076.44 -1357.76
3077.87 -1358.65
3079.3 -1359.54
3080.73 -1360.43
3082.16 -1361.32
3083.59 -1362.21
3085.02 -1363.09
3086.45 -1363.98
3087.88 -1364.87
3089.31 -1365.76
3090.74 -1366.65
3092.17 -1367.54
3093.6 -1368.43
3095.03 -1369.32
3096.46 -1370.21
3097.89 -1371.1
3099.32 -1371.99
3100.75 -1372.88
3102.18 -1373.77
