250 -600
251.38 -599.034
252.759 -598.068
254.139 -597.102
255.519 -596.136
256.899 -595.17
258.278 -594.204
259.658 -593.238
261.038 -592.271
262.418 -591.305
263.797 -590.339
265.177 -589.373
266.557 -588.407
267.936 -587.441
269.316 -586.475
270.696 -585.509
272.076 -584.543
273.455 -583.577
274.835 -582.611
276.215 -581.644
277.595 -580.678
278.974 -579.712
280.354 -578.746
281.734 -577.78
283.113 -576.814
284.493 -575.848
285.873 -574.882
287.253 -573.915
288.632 -572.949
290.012 -571.983
291.392 -571.017
292.772 -570.051
294.151 -569.085
295.531 -568.119
296.911 -567.153
298.291 -566.186
299.671 -565.22
301.05 -564.254
302.43 -563.288
303.81 -562.322
305.19 -561.356
306.569 -560.39
307.949 -559.424
309.329 -558.457
310.709 -557.491
312.088 -556.525
313.468 -555.559
314.848 -554.593
316.228 -553.627
317.607 -552.661
318.987 -551.695
320.367 -550.728
321.747 -549.762
323.127 -548.796
324.506 -547.83
325.886 -546.864
327.266 -545.898
328.646 -544.932
330.026 -543.966
331.405 -542.999
332.785 -542.033
334.165 -541.067
335.545 -540.101
336.925 -539.135
338.304 -538.169
339.684 -537.203
341.064 -536.236
342.444 -535.27
343.824 -534.304
345.204 -533.338
346.583 -532.372
347.963 -531.406
349.343 -530.439
350.723 -529.473
352.103 -528.507
353.483 -527.541
354.862 -526.575
356.242 -525.608
357.622 -524.642
359.002 -523.676
360.382 -522.71
361.762 -521.744
363.142 -520.777
364.521 -519.811
365.901 -518.845
367.281 -517.879
368.661 -516.913
370.041 -515.947
371.421 -514.98
372.801 -514.014
374.181 -513.048
375.56 -512.082
376.94 -511.116
378.32 -510.149
379.7 -509.183
381.08 -508.217
382.46 -507.251
383.84 -506.284
385.22 -505.318
386.6 -504.352
387.98 -503.386
389.359 -502.42
390.739 -501.453
392.119 -500.487
393.499 -499.521
394.879 -498.555
396.259 -497.588
397.639 -496.622
399.019 -495.656
400.399 -494.69
401.779 -493.723
403.159 -492.757
404.539 -491.791
405.919 -490.825
407.299 -489.858
408.679 -488.892
410.059 -487.926
411.439 -486.959
412.819 -485.993
414.199 -485.027
415.579 -484.061
416.959 -483.094
418.339 -482.128
419.719 -481.162
421.099 -480.195
422.479 -479.229
423.859 -478.263
425.239 -477.296
426.619 -476.33
427.999 -475.364
429.379 -474.397
430.759 -473.431
432.139 -472.465
433.52 -471.498
434.9 -470.532
436.28 -469.566
437.66 -468.599
439.04 -467.633
440.42 -466.667
441.8 -465.7
443.18 -464.734
444.56 -463.768
445.941 -462.801
447.321 -461.835
448.701 -460.868
450.081 -459.902
451.461 -458.936
452.841 -457.969
454.222 -457.003
455.602 -456.036
456.982 -455.07
458.362 -454.103
459.742 -453.137
461.123 -452.171
462.503 -451.204
463.883 -450.238
465.263 -449.271
466.644 -448.305
468.024 -447.338
469.404 -446.372
470.784 -445.405
472.165 -444.439
473.545 -443.472
474.925 -442.506
476.306 -441.539
477.686 -440.573
479.066 -439.606
480.447 -438.64
481.827 -437.673
483.207 -436.707
484.588 -435.74
485.968 -434.774
487.348 -433.807
488.729 -432.841
490.109 -431.874
491.49 -430.907
492.87 -429.941
494.251 -428.974
495.631 -428.008
497.011 -427.041
498.392 -426.074
499.772 -425.108
501.153 -424.141
502.533 -423.174
503.914 -422.208
505.294 -421.241
506.675 -420.274
508.056 -419.308
509.436 -418.341
510.817 -417.374
512.197 -416.408
513.578 -415.441
514.959 -414.474
516.339 -413.508
517.72 -412.541
519.101 -411.574
520.481 -410.607
521.862 -409.641
523.243 -408.674
524.623 -407.707
526.004 -406.74
527.385 -405.773
528.766 -404.806
530.146 -403.84
531.527 -402.873
532.908 -401.906
534.289 -400.939
535.67 -399.972
537.051 -399.005
538.432 -398.038
539.812 -397.071
541.193 -396.105
542.574 -395.138
543.955 -394.171
545.336 -393.204
546.717 -392.237
548.098 -391.27
549.479 -390.303
550.86 -389.336
552.241 -388.369
553.622 -387.402
555.003 -386.435
556.385 -385.468
557.766 -384.5
559.147 -383.533
560.528 -382.566
561.909 -381.599
563.291 -380.632
564.672 -379.665
566.053 -378.698
567.434 -377.73
568.816 -376.763
570.197 -375.796
571.578 -374.829
572.96 -373.862
574.341 -372.894
575.723 -371.927
577.104 -370.96
578.485 -369.992
579.867 -369.025
581.249 -368.058
582.63 -367.09
584.012 -366.123
585.393 -365.156
586.775 -364.188
588.157 -363.221
589.538 -362.253
590.92 -361.286
592.302 -360.318
593.684 -359.351
595.065 -358.383
596.447 -357.416
597.829 -356.448
599.211 -355.48
600.593 -354.513
601.975 -353.545
603.357 -352.577
604.739 -351.61
606.121 -350.642
607.503 -349.674
608.885 -348.706
610.267 -347.739
611.649 -346.771
613.032 -345.803
614.414 -344.835
615.796 -343.867
617.178 -342.899
618.561 -341.931
619.943 -340.963
621.326 -339.995
622.708 -339.027
624.091 -338.059
625.473 -337.091
626.856 -336.123
628.238 -335.155
629.621 -334.187
631.004 -333.219
632.387 -332.25
633.769 -331.282
635.152 -330.314
636.535 -329.346
637.918 -328.377
639.301 -327.409
640.684 -326.44
642.067 -325.472
643.45 -324.503
644.833 -323.535
646.217 -322.566
647.6 -321.598
648.983 -320.629
650.367 -319.661
651.75 -318.692
653.133 -317.723
654.517 -316.754
655.901 -315.786
657.284 -314.817
658.668 -313.848
660.052 -312.879
661.435 -311.91
662.819 -310.941
664.203 -309.972
665.587 -309.003
666.971 -308.034
668.355 -307.065
669.739 -306.096
671.124 -305.126
672.508 -304.157
673.892 -303.188
675.277 -302.218
676.661 -301.249
678.046 -300.28
679.43 -299.31
680.815 -298.34
682.2 -297.371
683.584 -296.401
684.969 -295.432
686.354 -294.462
687.739 -293.492
689.124 -292.522
690.51 -291.552
691.895 -290.582
693.28 -289.612
694.665 -288.642
696.051 -287.672
697.437 -286.702
698.822 -285.732
700.208 -284.761
701.594 -283.791
702.98 -282.821
704.366 -281.85
705.752 -280.88
707.138 -279.909
708.524 -278.938
709.91 -277.968
711.297 -276.997
712.683 -276.026
714.07 -275.055
715.457 -274.084
716.843 -273.113
718.23 -272.142
719.617 -271.171
721.004 -270.199
722.392 -269.228
723.779 -268.257
725.166 -267.285
726.554 -266.314
727.942 -265.342
729.329 -264.37
730.717 -263.398
732.105 -262.427
733.493 -261.455
734.881 -260.483
736.27 -259.511
737.658 -258.538
739.047 -257.566
740.435 -256.594
741.824 -255.621
743.213 -254.649
744.602 -253.676
745.991 -252.703
747.381 -251.73
748.77 -250.758
750.16 -249.785
751.549 -248.811
752.939 -247.838
754.329 -246.865
755.719 -245.892
757.11 -244.918
758.5 -243.944
759.891 -242.971
761.282 -241.997
762.673 -241.023
764.064 -240.049
765.455 -239.075
766.846 -238.101
768.238 -237.126
769.629 -236.152
771.021 -235.177
772.413 -234.202
773.806 -233.228
775.198 -232.253
776.591 -231.278
777.983 -230.302
779.376 -229.327
780.769 -228.352
782.163 -227.376
783.556 -226.4
784.95 -225.424
786.344 -224.448
787.738 -223.472
789.132 -222.496
790.527 -221.519
791.921 -220.543
793.316 -219.566
794.711 -218.589
796.107 -217.612
797.502 -216.635
798.898 -215.658
800.294 -214.68
801.69 -213.703
803.087 -212.725
804.483 -211.747
805.88 -210.769
807.277 -209.79
808.675 -208.812
810.072 -207.833
811.47 -206.854
812.869 -205.875
814.267 -204.896
815.666 -203.917
817.065 -202.937
818.464 -201.958
819.863 -200.978
821.263 -199.997
822.663 -199.017
824.064 -198.037
825.464 -197.056
826.865 -196.075
828.266 -195.094
829.668 -194.112
831.07 -193.131
832.472 -192.149
833.874 -191.167
835.277 -190.185
836.68 -189.202
838.084 -188.22
839.488 -187.237
840.892 -186.253
842.296 -185.27
843.701 -184.286
845.106 -183.302
846.512 -182.318
847.918 -181.334
849.324 -180.349
850.73 -179.364
852.138 -178.379
853.545 -177.393
854.953 -176.408
856.361 -175.422
857.77 -174.435
859.179 -173.449
860.588 -172.462
861.998 -171.475
863.408 -170.487
864.819 -169.499
866.23 -168.511
867.642 -167.523
869.054 -166.534
870.467 -165.545
871.88 -164.555
873.293 -163.566
874.707 -162.576
876.122 -161.585
877.537 -160.594
878.952 -159.603
880.368 -158.612
881.785 -157.62
883.202 -156.628
884.619 -155.635
886.037 -154.642
887.456 -153.649
888.875 -152.655
890.295 -151.661
891.716 -150.666
893.137 -149.671
894.558 -148.676
895.98 -147.68
897.403 -146.684
898.827 -145.687
900.251 -144.69
901.675 -143.692
903.101 -142.694
904.527 -141.696
905.953 -140.697
907.381 -139.697
908.809 -138.697
910.238 -137.697
911.667 -136.696
913.098 -135.694
914.529 -134.692
915.96 -133.69
917.393 -132.687
918.826 -131.683
920.26 -130.679
921.695 -129.674
923.131 -128.669
924.567 -127.663
926.005 -126.657
927.443 -125.65
928.882 -124.642
930.322 -123.634
931.763 -122.625
933.204 -121.615
934.647 -120.605
936.091 -119.594
937.535 -118.583
938.981 -117.571
940.427 -116.558
941.875 -115.544
943.324 -114.53
944.773 -113.515
946.224 -112.499
947.676 -111.482
949.128 -110.465
950.582 -109.447
952.037 -108.428
953.494 -107.409
954.951 -106.388
956.409 -105.367
957.869 -104.345
959.33 -103.322
960.792 -102.298
962.256 -101.273
963.721 -100.248
965.187 -99.2211
966.654 -98.1936
968.123 -97.1652
969.593 -96.1358
971.064 -95.1054
972.537 -94.074
974.012 -93.0416
975.488 -92.0082
976.965 -90.9737
978.444 -89.9382
979.924 -88.9016
981.406 -87.8638
982.89 -86.825
984.375 -85.7849
985.862 -84.7438
987.351 -83.7014
988.841 -82.6578
990.334 -81.613
991.828 -80.5669
993.323 -79.5195
994.821 -78.4709
996.321 -77.4209
997.822 -76.3695
999.326 -75.3168
1000.83 -74.2627
1002.34 -73.2071
1003.85 -72.1501
1005.36 -71.0916
1006.87 -70.0315
1008.13 -71.3944
1009.38 -72.7547
1010.62 -74.1125
1011.87 -75.4679
1013.11 -76.8209
1014.35 -78.1717
1015.59 -79.5202
1016.83 -80.8664
1018.06 -82.2106
1019.3 -83.5526
1020.53 -84.8926
1021.76 -86.2306
1022.99 -87.5666
1024.21 -88.9008
1025.44 -90.233
1026.66 -91.5634
1027.88 -92.8921
1029.1 -94.219
1030.32 -95.5442
1031.53 -96.8677
1032.75 -98.1896
1033.96 -99.5099
1035.17 -100.829
1036.38 -102.146
1037.59 -103.462
1038.8 -104.776
1040 -106.089
1041.21 -107.4
1042.41 -108.71
1043.62 -110.019
1044.82 -111.326
1046.02 -112.633
1047.22 -113.937
1048.41 -115.241
1049.61 -116.543
1050.81 -117.845
1052 -119.145
1053.19 -120.444
1054.39 -121.742
1055.58 -123.038
1056.77 -124.334
1057.96 -125.629
1059.15 -126.923
1060.33 -128.215
1061.52 -129.507
1062.71 -130.798
1063.89 -132.087
1065.08 -133.376
1066.26 -134.664
1067.44 -135.951
1068.62 -137.237
1069.81 -138.523
1070.99 -139.807
1072.17 -141.091
1073.34 -142.374
1074.52 -143.656
1075.7 -144.937
1076.88 -146.218
1078.05 -147.498
1079.23 -148.777
1080.4 -150.055
1081.58 -151.333
1082.75 -152.61
1083.92 -153.886
1085.09 -155.162
1086.27 -156.437
1087.44 -157.711
1088.61 -158.985
1089.78 -160.258
1090.95 -161.531
1092.11 -162.803
1093.28 -164.074
1094.45 -165.345
1095.62 -166.616
1096.78 -167.885
1097.95 -169.155
1099.12 -170.423
1100.28 -171.691
1101.45 -172.959
1102.61 -174.226
1103.77 -175.493
1104.94 -176.759
1106.1 -178.025
1107.26 -179.29
1108.43 -180.555
1109.59 -181.82
1110.75 -183.084
1111.91 -184.347
1113.07 -185.61
1114.23 -186.873
1115.39 -188.135
1116.55 -189.397
1117.71 -190.659
1118.87 -191.92
1120.03 -193.181
1121.19 -194.441
1122.34 -195.701
1123.5 -196.961
1124.66 -198.22
1125.81 -199.479
1126.97 -200.738
1128.13 -201.996
1129.28 -203.254
1130.44 -204.512
1131.59 -205.77
1132.75 -207.027
1133.9 -208.284
1135.06 -209.54
1136.21 -210.796
1137.37 -212.052
1138.52 -213.308
1139.67 -214.563
1140.83 -215.818
1141.98 -217.073
1143.13 -218.328
1144.29 -219.582
1145.44 -220.836
1146.59 -222.09
1147.74 -223.344
1148.89 -224.597
1150.05 -225.85
1151.2 -227.103
1152.35 -228.356
1153.5 -229.608
1154.65 -230.861
1155.8 -232.113
1156.95 -233.365
1158.1 -234.616
1159.25 -235.868
1160.4 -237.119
1161.55 -238.37
1162.7 -239.621
1163.85 -240.872
1165 -242.122
1166.14 -243.372
1167.29 -244.623
1168.44 -245.872
1169.59 -247.122
1170.74 -248.372
1171.89 -249.621
1173.03 -250.871
1174.18 -252.12
1175.33 -253.369
1176.48 -254.618
1177.62 -255.866
1178.77 -257.115
1179.92 -258.363
1181.07 -259.611
1182.21 -260.859
1183.36 -262.107
1184.51 -263.355
1185.65 -264.603
1186.8 -265.851
1187.94 -267.098
1189.09 -268.345
1190.24 -269.592
1191.38 -270.84
1192.53 -272.086
1193.67 -273.333
1194.82 -274.58
1195.96 -275.827
1197.11 -277.073
1198.26 -278.319
1199.4 -279.566
1200.55 -280.812
1201.69 -282.058
1202.84 -283.304
1203.98 -284.55
1205.12 -285.796
1206.27 -287.041
1207.41 -288.287
1208.56 -289.532
1209.7 -290.778
1210.85 -292.023
1211.99 -293.268
1213.13 -294.513
1214.28 -295.758
1215.42 -297.003
1216.57 -298.248
1217.71 -299.493
1218.85 -300.738
1220 -301.982
1221.14 -303.227
1222.28 -304.471
1223.43 -305.716
1224.57 -306.96
1225.71 -308.204
1226.86 -309.449
1228 -310.693
1229.14 -311.937
1230.29 -313.181
1231.43 -314.425
1232.57 -315.668
1233.72 -316.912
1234.86 -318.156
1236 -319.4
1237.14 -320.643
1238.29 -321.887
1239.43 -323.13
1240.57 -324.374
1241.71 -325.617
1242.86 -326.861
1244 -328.104
1245.14 -329.347
1246.28 -330.59
1247.43 -331.833
1248.57 -333.076
1249.71 -334.319
1250.85 -335.562
1251.99 -336.805
1253.14 -338.048
1254.28 -339.291
1255.42 -340.534
1256.56 -341.776
1257.7 -343.019
1258.85 -344.262
1259.99 -345.504
1261.13 -346.747
1262.27 -347.989
1263.41 -349.232
1264.55 -350.474
1265.7 -351.717
1266.84 -352.959
1267.98 -354.201
1269.12 -355.444
1270.26 -356.686
1271.4 -357.928
1272.54 -359.17
1273.69 -360.413
1274.83 -361.655
1275.97 -362.897
1277.11 -364.139
1278.25 -365.381
1279.39 -366.623
1280.53 -367.865
1281.67 -369.107
1282.81 -370.349
1283.96 -371.59
1285.1 -372.832
1286.24 -374.074
1287.38 -375.316
1288.52 -376.558
1289.66 -377.799
1290.8 -379.041
1291.94 -380.283
1293.08 -381.524
1294.22 -382.766
1295.36 -384.008
1296.51 -385.249
1297.65 -386.491
1298.79 -387.732
1299.93 -388.974
1301.07 -390.215
1302.21 -391.457
1303.35 -392.698
1304.49 -393.94
1305.63 -395.181
1306.77 -396.422
1307.91 -397.664
1309.05 -398.905
1310.19 -400.146
1311.33 -401.388
1312.47 -402.629
1313.62 -403.87
1314.76 -405.111
1315.9 -406.353
1317.04 -407.594
1318.18 -408.835
1319.32 -410.076
1320.46 -411.317
1321.6 -412.559
1322.74 -413.8
1323.88 -415.041
1325.02 -416.282
1326.16 -417.523
1327.3 -418.764
1328.44 -420.005
1329.58 -421.246
1330.72 -422.487
1331.86 -423.728
1333 -424.969
1334.14 -426.21
1335.28 -427.451
1336.42 -428.692
1337.56 -429.933
1338.7 -431.174
1339.84 -432.415
1340.98 -433.656
1342.12 -434.897
1343.26 -436.137
1344.4 -437.378
1345.54 -438.619
1346.68 -439.86
1347.82 -441.101
1348.96 -442.342
1350.1 -443.582
1351.24 -444.823
1352.38 -446.064
1353.52 -447.305
1354.66 -448.546
1355.8 -449.786
1356.94 -451.027
1358.08 -452.268
1359.22 -453.508
1360.36 -454.749
1361.5 -455.99
1362.64 -457.231
1363.78 -458.471
1364.92 -459.712
1366.06 -460.953
1367.2 -462.193
1368.34 -463.434
1369.48 -464.675
1370.62 -465.915
1371.76 -467.156
1372.9 -468.397
1374.04 -469.637
1375.18 -470.878
1376.32 -472.118
1377.46 -473.359
1378.6 -474.6
1379.74 -475.84
1380.88 -477.081
1382.02 -478.321
1383.16 -479.562
1384.3 -480.802
1385.44 -482.043
1386.58 -483.284
1387.72 -484.524
1388.86 -485.765
1390 -487.005
1391.14 -488.246
1392.28 -489.486
1393.42 -490.727
1394.56 -491.967
1395.7 -493.208
1396.84 -494.448
1397.98 -495.689
1399.12 -496.929
1400.26 -498.17
1401.4 -499.41
1402.54 -500.651
1403.68 -501.891
1404.82 -503.132
1405.96 -504.372
1407.1 -505.612
1408.24 -506.853
1409.38 -508.093
1410.52 -509.334
1411.66 -510.574
1412.8 -511.815
1413.94 -513.055
1415.08 -514.295
1416.22 -515.536
1417.36 -516.776
1418.5 -518.017
1419.64 -519.257
1420.78 -520.498
1421.92 -521.738
1423.06 -522.978
1424.2 -524.219
1425.34 -525.459
1426.47 -526.7
1427.61 -527.94
1428.75 -529.18
1429.89 -530.421
1431.03 -531.661
1432.17 -532.901
1433.31 -534.142
1434.45 -535.382
1435.59 -536.622
1436.73 -537.863
1437.87 -539.103
1439.01 -540.344
1440.15 -541.584
1441.29 -542.824
1442.43 -544.065
1443.57 -545.305
1444.71 -546.545
1445.85 -547.786
1446.99 -549.026
1448.13 -550.266
1449.27 -551.507
1450.41 -552.747
1451.55 -553.987
1452.69 -555.228
1453.83 -556.468
1454.97 -557.708
1456.11 -558.949
1457.25 -560.189
1458.38 -561.429
1459.52 -562.67
1460.66 -563.91
1461.8 -565.15
1462.94 -566.39
1464.08 -567.631
1465.22 -568.871
1466.36 -570.111
1467.5 -571.352
1468.64 -572.592
1469.78 -573.832
1470.92 -575.073
1472.06 -576.313
1473.2 -577.553
1474.34 -578.793
1475.48 -580.034
1476.62 -581.274
1477.76 -582.514
1478.9 -583.755
1480.04 -584.995
1481.18 -586.235
1482.32 -587.475
1483.46 -588.716
1484.6 -589.956
1485.74 -591.196
1486.88 -592.437
1488.02 -593.677
1489.16 -594.917
1490.3 -596.158
1491.43 -597.398
1492.57 -598.638
1493.71 -599.878
1494.85 -601.119
1495.99 -602.359
1497.13 -603.599
1498.27 -604.839
1499.41 -606.08
1500.55 -607.32
1501.69 -608.56
1502.83 -609.8
1503.97 -611.041
1505.11 -612.281
1506.25 -613.521
1507.39 -614.761
1508.53 -616.002
1509.67 -617.242
1510.81 -618.482
1511.95 -619.722
1513.09 -620.962
1514.23 -622.203
1515.37 -623.443
1516.51 -624.683
1517.64 -625.923
1518.78 -627.164
1519.92 -628.404
1521.06 -629.644
1522.2 -630.884
1523.34 -632.125
1524.48 -633.365
1525.62 -634.605
1526.76 -635.845
1527.9 -637.086
1529.04 -638.326
1530.18 -639.566
1531.32 -640.806
1532.46 -642.046
1533.6 -643.287
1534.74 -644.527
1535.88 -645.767
1537.02 -647.007
1538.16 -648.248
1539.3 -649.488
1540.44 -650.728
1541.57 -651.968
1542.71 -653.209
1543.85 -654.449
1544.99 -655.689
1546.13 -656.929
1547.27 -658.169
1548.41 -659.41
1549.55 -660.65
1550.69 -661.89
1551.83 -663.13
1552.97 -664.371
1554.11 -665.611
1555.25 -666.851
1556.39 -668.091
1557.53 -669.332
1558.67 -670.572
1559.81 -671.812
1560.95 -673.052
1562.09 -674.293
1563.23 -675.533
1564.37 -676.773
1565.5 -678.013
1566.64 -679.253
1567.78 -680.494
1568.92 -681.734
1570.06 -682.974
1571.2 -684.214
1572.34 -685.455
1573.48 -686.695
1574.62 -687.935
1575.76 -689.175
1576.9 -690.416
1578.04 -691.656
1579.18 -692.896
1580.32 -694.136
1581.46 -695.377
1582.6 -696.617
1583.74 -697.857
1584.88 -699.097
1586.02 -700.337
1587.16 -701.578
1588.3 -702.818
1589.43 -704.058
1590.57 -705.298
1591.71 -706.539
1592.85 -707.779
1593.99 -709.019
1595.13 -710.259
1596.27 -711.5
1597.41 -712.74
1598.55 -713.98
1599.69 -715.22
1600.83 -716.461
1601.97 -717.701
1603.11 -718.941
1604.25 -720.181
1605.39 -721.421
1606.53 -722.662
1607.67 -723.902
1608.81 -725.142
1609.95 -726.382
1611.09 -727.623
1612.23 -728.863
1613.36 -730.103
1614.5 -731.343
1615.64 -732.584
1616.78 -733.824
1617.92 -735.064
1619.06 -736.304
1620.2 -737.544
1621.34 -738.785
1622.48 -740.025
1623.62 -741.265
1624.76 -742.505
1625.9 -743.746
1627.04 -744.986
1628.18 -746.226
1629.32 -747.466
1630.46 -748.707
1631.6 -749.947
1632.74 -751.187
1633.88 -752.427
1635.02 -753.668
1636.16 -754.908
1637.29 -756.148
1638.43 -757.388
1639.57 -758.628
1640.71 -759.869
1641.85 -761.109
1642.99 -762.349
1644.13 -763.589
1645.27 -764.83
1646.41 -766.07
1647.55 -767.31
1648.69 -768.55
1649.83 -769.791
1650.97 -771.031
1652.11 -772.271
1653.25 -773.511
1654.39 -774.752
1655.53 -775.992
1656.67 -777.232
1657.81 -778.472
1658.95 -779.712
1660.09 -780.953
1661.22 -782.193
1662.36 -783.433
1663.5 -784.673
1664.64 -785.913
1665.78 -787.153
1666.92 -788.394
1668.06 -789.634
1669.2 -790.874
1670.34 -792.114
1671.48 -793.354
1672.62 -794.594
1673.76 -795.835
1674.9 -797.075
1676.04 -798.315
1677.18 -799.555
1678.32 -800.795
1679.46 -802.035
1680.6 -803.276
1681.74 -804.516
1682.88 -805.756
1684.02 -806.996
1685.16 -808.236
1686.29 -809.477
1687.43 -810.717
1688.57 -811.957
1689.71 -813.197
1690.85 -814.437
1691.99 -815.677
1693.13 -816.918
1694.27 -818.158
1695.41 -819.398
1696.55 -820.638
1697.69 -821.878
1698.83 -823.118
1699.97 -824.359
1701.11 -825.599
1702.25 -826.839
1703.39 -828.079
1704.53 -829.319
1705.67 -830.559
1706.81 -831.8
1707.95 -833.04
1709.09 -834.28
1710.22 -835.52
1711.36 -836.76
1712.5 -838
1713.64 -839.241
1714.78 -840.481
1715.92 -841.721
1717.06 -842.961
1718.2 -844.201
1719.34 -845.442
1720.48 -846.682
1721.62 -847.922
1722.76 -849.162
1723.9 -850.402
1725.04 -851.642
1726.18 -852.883
1727.32 -854.123
1728.46 -855.363
1729.6 -856.603
1730.74 -857.843
1731.88 -859.083
1733.02 -860.324
1734.15 -861.564
1735.29 -862.804
1736.43 -864.044
1737.57 -865.284
1738.71 -866.524
1739.85 -867.765
1740.99 -869.005
1742.13 -870.245
1743.27 -871.485
1744.41 -872.725
1745.55 -873.966
1746.69 -875.206
1747.83 -876.446
1748.97 -877.686
1750.11 -878.926
1751.25 -880.166
1752.39 -881.407
1753.53 -882.647
1754.67 -883.887
1755.81 -885.127
1756.95 -886.367
1758.08 -887.607
1759.22 -888.848
1760.36 -890.088
1761.5 -891.328
1762.64 -892.568
1763.78 -893.808
1764.92 -895.048
1766.06 -896.289
1767.2 -897.529
1768.34 -898.769
1769.48 -900.009
1770.62 -901.249
1771.76 -902.49
1772.9 -903.73
1774.04 -904.97
1775.18 -906.21
1776.32 -907.45
1777.46 -908.69
1778.6 -909.931
1779.74 -911.171
1780.88 -912.411
1782.01 -913.651
1783.15 -914.891
1784.29 -916.131
1785.43 -917.372
1786.57 -918.612
1787.71 -919.852
1788.85 -921.092
1789.99 -922.332
1791.13 -923.572
1792.27 -924.813
1793.41 -926.053
1794.55 -927.293
1795.69 -928.533
1796.83 -929.773
1797.97 -931.013
1799.11 -932.254
1800.25 -933.494
1801.39 -934.734
1802.53 -935.974
1803.67 -937.214
1804.81 -938.455
1805.94 -939.695
1807.08 -940.935
1808.22 -942.175
1809.36 -943.415
1810.5 -944.655
1811.64 -945.896
1812.78 -947.136
1813.92 -948.376
1815.06 -949.616
1816.2 -950.856
1817.34 -952.096
1818.48 -953.337
1819.62 -954.577
1820.76 -955.817
1821.9 -957.057
1823.04 -958.297
1824.18 -959.537
1825.32 -960.778
1826.46 -962.018
1827.6 -963.258
1828.74 -964.498
1829.87 -965.738
1831.01 -966.979
1832.15 -968.219
1833.29 -969.459
1834.43 -970.699
1835.57 -971.939
1836.71 -973.179
1837.85 -974.42
1838.99 -975.66
1840.13 -976.9
1841.27 -978.14
1842.41 -979.38
1843.55 -980.62
1844.69 -981.861
1845.83 -983.101
1846.97 -984.341
1848.11 -985.581
1849.25 -986.821
1850.39 -988.061
1851.53 -989.302
1852.67 -990.542
1853.8 -991.782
1854.94 -993.022
1856.08 -994.262
1857.22 -995.503
1858.36 -996.743
1859.5 -997.983
1860.64 -999.223
1861.78 -1000.46
1862.92 -1001.7
1864.06 -1002.94
1865.2 -1004.18
1866.34 -1005.42
1867.48 -1006.66
1868.62 -1007.9
1869.76 -1009.14
1870.9 -1010.38
1872.04 -1011.62
1873.18 -1012.86
1874.32 -1014.11
1875.46 -1015.35
1876.6 -1016.59
1877.73 -1017.83
1878.87 -1019.07
1880.01 -1020.31
1881.15 -1021.55
1882.29 -1022.79
1883.43 -1024.03
1884.57 -1025.27
1885.71 -1026.51
1886.85 -1027.75
1887.99 -1028.99
1889.13 -1030.23
1890.27 -1031.47
1891.41 -1032.71
1892.55 -1033.95
1893.69 -1035.19
1894.83 -1036.43
1895.97 -1037.67
1897.11 -1038.91
1898.25 -1040.15
1899.39 -1041.39
1900.53 -1042.63
1901.67 -1043.87
1902.8 -1045.11
1903.94 -1046.35
1905.08 -1047.59
1906.22 -1048.83
1907.36 -1050.07
1908.5 -1051.31
1909.64 -1052.55
1910.78 -1053.79
1911.92 -1055.03
1913.06 -1056.27
1914.2 -1057.51
1915.34 -1058.75
1916.48 -1059.99
1917.62 -1061.23
1918.76 -1062.47
1919.9 -1063.71
1921.04 -1064.95
1922.18 -1066.19
1923.32 -1067.43
1924.46 -1068.67
1925.6 -1069.92
1926.73 -1071.16
1927.87 -1072.4
1929.01 -1073.64
1930.15 -1074.88
1931.29 -1076.12
1932.43 -1077.36
1933.57 -1078.6
1934.71 -1079.84
1935.85 -1081.08
1936.99 -1082.32
1938.13 -1083.56
1939.27 -1084.8
1940.41 -1086.04
1941.55 -1087.28
1942.69 -1088.52
1943.83 -1089.76
1944.97 -1091
1946.11 -1092.24
1947.25 -1093.48
1948.39 -1094.72
1949.53 -1095.96
1950.66 -1097.2
1951.8 -1098.44
1952.94 -1099.68
1954.08 -1100.92
1955.22 -1102.16
1956.36 -1103.4
1957.5 -1104.64
1958.64 -1105.88
1959.78 -1107.12
1960.92 -1108.36
1962.06 -1109.6
1963.2 -1110.84
1964.34 -1112.08
1965.48 -1113.32
1966.62 -1114.56
1967.76 -1115.8
1968.9 -1117.04
1970.04 -1118.28
1971.18 -1119.52
1972.32 -1120.76
1973.46 -1122.01
1974.59 -1123.25
1975.73 -1124.49
1976.87 -1125.73
1978.01 -1126.97
1979.15 -1128.21
1980.29 -1129.45
1981.43 -1130.69
1982.57 -1131.93
1983.71 -1133.17
1984.85 -1134.41
1985.99 -1135.65
1987.13 -1136.89
1988.27 -1138.13
1989.41 -1139.37
1990.55 -1140.61
1991.69 -1141.85
1992.83 -1143.09
1993.97 -1144.33
1995.11 -1145.57
1996.25 -1146.81
1997.39 -1148.05
1998.52 -1149.29
1999.66 -1150.53
2000.8 -1151.77
2001.94 -1153.01
2003.08 -1154.25
2004.22 -1155.49
2005.36 -1156.73
2006.5 -1157.97
2007.64 -1159.21
2008.78 -1160.45
2009.92 -1161.69
2011.06 -1162.93
2012.2 -1164.17
2013.34 -1165.41
2014.48 -1166.65
2015.62 -1167.89
2016.76 -1169.13
2017.9 -1170.37
2019.04 -1171.61
2020.18 -1172.85
2021.32 -1174.09
2022.45 -1175.34
2023.59 -1176.58
2024.73 -1177.82
2025.87 -1179.06
2027.01 -1180.3
2028.15 -1181.54
2029.29 -1182.78
2030.43 -1184.02
2031.57 -1185.26
2032.71 -1186.5
2033.85 -1187.74
2034.99 -1188.98
2036.13 -1190.22
2037.27 -1191.46
2038.41 -1192.7
2039.55 -1193.94
2040.69 -1195.18
2041.83 -1196.42
2042.97 -1197.66
2044.11 -1198.9
2045.25 -1200.14
2046.38 -1201.38
2047.52 -1202.62
2048.66 -1203.86
2049.8 -1205.1
2050.94 -1206.34
2052.08 -1207.58
2053.22 -1208.82
2054.36 -1210.06
2055.5 -1211.3
2056.64 -1212.54
2057.78 -1213.78
2058.92 -1215.02
2060.06 -1216.26
2061.2 -1217.5
2062.34 -1218.74
2063.48 -1219.98
2064.62 -1221.22
2065.76 -1222.46
2066.9 -1223.7
2068.04 -1224.94
2069.18 -1226.18
2070.32 -1227.42
2071.46 -1228.67
2072.6 -1229.91
2073.74 -1231.15
2074.88 -1232.39
2076.02 -1233.63
2077.16 -1234.87
2078.29 -1236.11
2079.43 -1237.35
2080.57 -1238.59
2081.71 -1239.83
2082.85 -1241.07
2083.99 -1242.31
2085.13 -1243.55
2086.27 -1244.79
2087.41 -1246.03
2088.55 -1247.27
2089.69 -1248.51
2090.83 -1249.75
2091.97 -1250.99
2093.11 -1252.23
2094.25 -1253.47
2095.39 -1254.71
2096.53 -1255.95
2097.67 -1257.19
2098.81 -1258.43
2099.95 -1259.67
2101.09 -1260.91
2102.23 -1262.15
2103.37 -1263.39
2104.51 -1264.63
2105.65 -1265.87
2106.79 -1267.11
2107.93 -1268.35
2109.07 -1269.59
2110.21 -1270.83
2111.34 -1272.07
2112.48 -1273.31
2113.62 -1274.55
2114.76 -1275.79
2115.9 -1277.03
2117.04 -1278.27
2118.18 -1279.51
2119.32 -1280.76
2120.46 -1282
2121.6 -1283.24
2122.74 -1284.48
2123.88 -1285.72
2125.02 -1286.96
2126.16 -1288.2
2127.3 -1289.44
2128.44 -1290.68
2129.58 -1291.92
2130.72 -1293.16
2131.86 -1294.4
2133 -1295.64
2134.14 -1296.88
2135.28 -1298.12
2136.42 -1299.36
2137.56 -1300.6
2138.7 -1301.84
2139.84 -1303.08
2140.98 -1304.32
2142.12 -1305.56
2143.25 -1306.8
2144.39 -1308.04
2145.53 -1309.28
2146.67 -1310.52
2147.81 -1311.76
2148.95 -1313
2150.09 -1314.24
2151.23 -1315.48
2152.37 -1316.72
2153.51 -1317.96
2154.65 -1319.2
2155.79 -1320.44
2156.93 -1321.68
2158.07 -1322.92
2159.21 -1324.16
2160.35 -1325.4
2161.49 -1326.64
2162.63 -1327.88
2163.77 -1329.12
2164.91 -1330.36
2166.05 -1331.6
2167.19 -1332.84
2168.33 -1334.09
2169.47 -1335.33
2170.61 -1336.57
2171.75 -1337.81
2172.89 -1339.05
2174.03 -1340.29
2175.17 -1341.53
2176.3 -1342.77
2177.44 -1344.01
2178.58 -1345.25
2179.72 -1346.49
2180.86 -1347.73
2182 -1348.97
2183.14 -1350.21
2184.28 -1351.45
2185.42 -1352.69
2186.56 -1353.93
2187.7 -1355.17
2188.84 -1356.41
2189.98 -1357.65
2191.12 -1358.89
2192.26 -1360.13
2193.4 -1361.37
2194.54 -1362.61
2195.68 -1363.85
2196.82 -1365.09
2197.96 -1366.33
2199.1 -1367.57
2200.24 -1368.81
2201.38 -1370.05
2202.52 -1371.29
2203.66 -1372.53
2204.8 -1373.77
2205.94 -1375.01
2207.08 -1376.25
2208.21 -1377.49
2209.35 -1378.73
2210.49 -1379.97
2211.63 -1381.21
2212.77 -1382.45
2213.91 -1383.69
2215.05 -1384.93
2216.19 -1386.17
2217.33 -1387.42
2218.47 -1388.66
2219.61 -1389.9
2220.75 -1391.14
2221.89 -1392.38
2223.03 -1393.62
2224.17 -1394.86
2225.31 -1396.1
2226.45 -1397.34
2227.59 -1398.58
2228.73 -1399.82
2229.87 -1401.06
2231.01 -1402.3
2232.15 -1403.54
2233.29 -1404.78
2234.43 -1406.02
2235.57 -1407.26
2236.71 -1408.5
2237.85 -1409.74
2238.99 -1410.98
2240.12 -1412.22
2241.26 -1413.46
2242.4 -1414.7
2243.54 -1415.94
2244.68 -1417.18
2245.82 -1418.42
2246.96 -1419.66
2248.1 -1420.9
2249.24 -1422.14
2250.38 -1423.38
2251.52 -1424.62
2252.66 -1425.86
2253.8 -1427.1
2254.94 -1428.34
2256.08 -1429.58
2257.22 -1430.82
2258.36 -1432.06
2259.5 -1433.3
2260.64 -1434.54
2261.78 -1435.78
2262.92 -1437.02
2264.06 -1438.26
2265.2 -1439.51
2266.34 -1440.75
2267.48 -1441.99
2268.62 -1443.23
2269.76 -1444.47
2270.9 -1445.71
2272.04 -1446.95
2273.17 -1448.19
2274.31 -1449.43
2275.45 -1450.67
2276.59 -1451.91
2277.73 -1453.15
2278.87 -1454.39
2280.01 -1455.63
2281.15 -1456.87
2282.29 -1458.11
2283.43 -1459.35
2284.57 -1460.59
2285.71 -1461.83
2286.85 -1463.07
2287.99 -1464.31
2289.13 -1465.55
2290.27 -1466.79
2291.41 -1468.03
2292.55 -1469.27
2293.69 -1470.51
2294.83 -1471.75
2295.97 -1472.99
2297.11 -1474.23
2298.25 -1475.47
2299.39 -1476.71
2300.53 -1477.95
2301.67 -1479.19
2302.81 -1480.43
2303.95 -1481.67
2305.08 -1482.91
2306.22 -1484.15
2307.36 -1485.39
2308.5 -1486.63
2309.64 -1487.87
2310.78 -1489.11
2311.92 -1490.35
2313.06 -1491.59
2314.2 -1492.84
2315.34 -1494.08
2316.48 -1495.32
2317.62 -1496.56
2318.76 -1497.8
2319.9 -1499.04
2321.04 -1500.28
2322.18 -1501.52
2323.32 -1502.76
2324.46 -1504
2325.6 -1505.24
2326.74 -1506.48
2327.88 -1507.72
2329.02 -1508.96
2330.16 -1510.2
2331.3 -1511.44
2332.44 -1512.68
2333.58 -1513.92
2334.72 -1515.16
2335.86 -1516.4
2337 -1517.64
2338.13 -1518.88
2339.27 -1520.12
2340.41 -1521.36
2341.55 -1522.6
2342.69 -1523.84
2343.83 -1525.08
2344.97 -1526.32
2346.11 -1527.56
2347.25 -1528.8
2348.39 -1530.04
2349.53 -1531.28
2350.67 -1532.52
2351.81 -1533.76
2352.95 -1535
2354.09 -1536.24
2355.23 -1537.48
2356.37 -1538.72
2357.51 -1539.96
2358.65 -1541.2
2359.79 -1542.44
2360.93 -1543.68
2362.07 -1544.92
2363.21 -1546.17
2364.35 -1547.41
2365.49 -1548.65
2366.63 -1549.89
2367.77 -1551.13
2368.91 -1552.37
2370.04 -1553.61
2371.18 -1554.85
2372.32 -1556.09
2373.46 -1557.33
2374.6 -1558.57
2375.74 -1559.81
2376.88 -1561.05
2378.02 -1562.29
2379.16 -1563.53
2380.3 -1564.77
2381.44 -1566.01
2382.58 -1567.25
2383.72 -1568.49
2384.86 -1569.73
2386 -1570.97
2387.14 -1572.21
2388.28 -1573.45
2389.42 -1574.69
2390.56 -1575.93
2391.7 -1577.17
2392.84 -1578.41
2393.98 -1579.65
2395.12 -1580.89
2396.26 -1582.13
2397.4 -1583.37
2398.54 -1584.61
2399.68 -1585.85
2400.82 -1587.09
2401.96 -1588.33
2403.09 -1589.57
2404.23 -1590.81
2405.37 -1592.05
2406.51 -1593.29
2407.65 -1594.53
2408.79 -1595.77
2409.93 -1597.01
2411.07 -1598.26
2412.21 -1599.5
2413.35 -1600.74
2414.49 -1601.98
2415.63 -1603.22
2416.77 -1604.46
2417.91 -1605.7
2419.05 -1606.94
2420.19 -1608.18
2421.33 -1609.42
2422.47 -1610.66
2423.61 -1611.9
2424.75 -1613.14
2425.89 -1614.38
2427.03 -1615.62
2428.17 -1616.86
2429.31 -1618.1
2430.45 -1619.34
2431.59 -1620.58
2432.73 -1621.82
2433.87 -1623.06
2435 -1624.3
2436.14 -1625.54
2437.28 -1626.78
2438.42 -1628.02
2439.56 -1629.26
2440.7 -1630.5
2441.84 -1631.74
2442.98 -1632.98
2444.12 -1634.22
2445.26 -1635.46
2446.4 -1636.7
2447.54 -1637.94
2448.68 -1639.18
2449.82 -1640.42
2450.96 -1641.66
2452.1 -1642.9
2453.24 -1644.14
2454.38 -1645.38
2455.52 -1646.62
2456.66 -1647.86
2457.8 -1649.1
2458.94 -1650.34
2460.08 -1651.59
2461.22 -1652.83
2462.36 -1654.07
2463.5 -1655.31
2464.64 -1656.55
2465.78 -1657.79
2466.92 -1659.03
2468.05 -1660.27
2469.19 -1661.51
2470.33 -1662.75
2471.47 -1663.99
2472.61 -1665.23
2473.75 -1666.47
2474.89 -1667.71
2476.03 -1668.95
2477.17 -1670.19
2478.31 -1671.43
2479.45 -1672.67
2480.59 -1673.91
2481.73 -1675.15
2482.87 -1676.39
2484.01 -1677.63
2485.15 -1678.87
2486.29 -1680.11
2487.43 -1681.35
2488.57 -1682.59
2489.71 -1683.83
2490.85 -1685.07
2491.99 -1686.31
2493.13 -1687.55
2494.27 -1688.79
2495.41 -1690.03
2496.55 -1691.27
2497.69 -1692.51
2498.83 -1693.75
2499.96 -1694.99
2501.1 -1696.23
2502.24 -1697.47
2503.38 -1698.71
2504.52 -1699.95
2505.66 -1701.19
2506.8 -1702.43
2507.94 -1703.67
2509.08 -1704.92
2510.22 -1706.16
2511.36 -1707.4
2512.5 -1708.64
2513.64 -1709.88
2514.78 -1711.12
2515.92 -1712.36
2517.06 -1713.6
2518.2 -1714.84
2519.34 -1716.08
2520.48 -1717.32
2521.62 -1718.56
2522.76 -1719.8
2523.9 -1721.04
2525.04 -1722.28
2526.18 -1723.52
2527.32 -1724.76
2528.46 -1726
2529.6 -1727.24
2530.74 -1728.48
2531.88 -1729.72
2533.01 -1730.96
2534.15 -1732.2
2535.29 -1733.44
2536.43 -1734.68
2537.57 -1735.92
2538.71 -1737.16
2539.85 -1738.4
2540.99 -1739.64
2542.13 -1740.88
2543.27 -1742.12
2544.41 -1743.36
2545.55 -1744.6
2546.69 -1745.84
2547.83 -1747.08
2548.97 -1748.32
2550.11 -1749.56
2551.25 -1750.8
2552.39 -1752.04
2553.53 -1753.28
2554.67 -1754.52
2555.81 -1755.76
2556.95 -1757.01
2558.09 -1758.25
2559.23 -1759.49
2560.37 -1760.73
2561.51 -1761.97
2562.65 -1763.21
2563.79 -1764.45
2564.92 -1765.69
2566.06 -1766.93
2567.2 -1768.17
2568.34 -1769.41
2569.48 -1770.65
2570.62 -1771.89
2571.76 -1773.13
2572.9 -1774.37
2574.04 -1775.61
2575.18 -1776.85
2576.32 -1778.09
2577.46 -1779.33
2578.6 -1780.57
2579.74 -1781.81
2580.88 -1783.05
2582.02 -1784.29
2583.16 -1785.53
2584.3 -1786.77
2585.44 -1788.01
2586.58 -1789.25
2587.72 -1790.49
2588.86 -1791.73
2590 -1792.97
2591.14 -1794.21
2592.28 -1795.45
2593.42 -1796.69
2594.56 -1797.93
2595.7 -1799.17
2596.83 -1800.41
2597.97 -1801.65
2599.11 -1802.89
2600.25 -1804.13
2601.39 -1805.37
2602.53 -1806.61
2603.67 -1807.85
2604.81 -1809.09
2605.95 -1810.34
2607.09 -1811.58
2608.23 -1812.82
2609.37 -1814.06
2610.51 -1815.3
2611.65 -1816.54
2612.79 -1817.78
2613.93 -1819.02
2615.07 -1820.26
2616.21 -1821.5
2617.35 -1822.74
2618.49 -1823.98
2619.63 -1825.22
2620.77 -1826.46
2621.91 -1827.7
2623.05 -1828.94
2624.19 -1830.18
2625.33 -1831.42
2626.47 -1832.66
2627.61 -1833.9
2628.75 -1835.14
2629.88 -1836.38
2631.02 -1837.62
2632.16 -1838.86
2633.3 -1840.1
2634.44 -1841.34
2635.58 -1842.58
2636.72 -1843.82
2637.86 -1845.06
2639 -1846.3
2640.14 -1847.54
2641.28 -1848.78
2642.42 -1850.02
2643.56 -1851.26
2644.7 -1852.5
2645.84 -1853.74
2646.98 -1854.98
2648.12 -1856.22
2649.26 -1857.46
2650.4 -1858.7
2651.54 -1859.94
2652.68 -1861.18
2653.82 -1862.42
2654.96 -1863.67
2656.1 -1864.91
2657.24 -1866.15
2658.38 -1867.39
2659.52 -1868.63
2660.66 -1869.87
2661.79 -1871.11
2662.93 -1872.35
2664.07 -1873.59
2665.21 -1874.83
2666.35 -1876.07
2667.49 -1877.31
2668.63 -1878.55
2669.77 -1879.79
2670.91 -1881.03
2672.05 -1882.27
2673.19 -1883.51
2674.33 -1884.75
