250 -600
251.38 -599.034
252.759 -598.068
254.139 -597.102
255.519 -596.136
256.899 -595.17
258.278 -594.204
259.658 -593.238
261.038 -592.271
262.418 -591.305
263.797 -590.339
265.177 -589.373
266.557 -588.407
267.936 -587.441
269.316 -586.475
270.696 -585.509
272.076 -584.543
273.455 -583.577
274.835 -582.611
276.215 -581.644
277.595 -580.678
278.974 -579.712
280.354 -578.746
281.734 -577.78
283.113 -576.814
284.493 -575.848
285.873 -574.882
287.253 -573.915
288.632 -572.949
290.012 -571.983
291.392 -571.017
292.772 -570.051
294.151 -569.085
295.531 -568.119
296.911 -567.153
298.291 -566.186
299.671 -565.22
301.05 -564.254
302.43 -563.288
303.81 -562.322
305.19 -561.356
306.569 -560.39
307.949 -559.424
309.329 -558.457
310.709 -557.491
312.088 -556.525
313.468 -555.559
314.848 -554.593
316.228 -553.627
317.607 -552.661
318.987 -551.695
320.367 -550.728
321.747 -549.762
323.127 -548.796
324.506 -547.83
325.886 -546.864
327.266 -545.898
328.646 -544.932
330.026 -543.966
331.405 -542.999
332.785 -542.033
334.165 -541.067
335.545 -540.101
336.925 -539.135
338.304 -538.169
339.684 -537.203
341.064 -536.236
342.444 -535.27
343.824 -534.304
345.204 -533.338
346.583 -532.372
347.963 -531.406
349.343 -530.439
350.723 -529.473
352.103 -528.507
353.483 -527.541
354.862 -526.575
356.242 -525.608
357.622 -524.642
359.002 -523.676
360.382 -522.71
361.762 -521.744
363.142 -520.777
364.521 -519.811
365.901 -518.845
367.281 -517.879
368.661 -516.913
370.041 -515.947
371.421 -514.98
372.801 -514.014
374.181 -513.048
375.56 -512.082
376.94 -511.116
378.32 -510.149
379.7 -509.183
381.08 -508.217
382.46 -507.251
383.84 -506.284
385.22 -505.318
386.6 -504.352
387.98 -503.386
389.359 -502.42
390.739 -501.453
392.119 -500.487
393.499 -499.521
394.879 -498.555
396.259 -497.588
397.639 -496.622
399.019 -495.656
400.399 -494.69
401.779 -493.723
403.159 -492.757
404.539 -491.791
405.919 -490.825
407.299 -489.858
408.679 -488.892
410.059 -487.926
411.439 -486.959
412.819 -485.993
414.199 -485.027
415.579 -484.061
416.959 -483.094
418.339 -482.128
419.719 -481.162
421.099 -480.195
422.479 -479.229
423.859 -478.263
425.239 -477.296
426.619 -476.33
427.999 -475.364
429.379 -474.397
430.759 -473.431
432.139 -472.465
433.52 -471.498
434.9 -470.532
436.28 -469.566
437.66 -468.599
439.04 -467.633
440.42 -466.667
441.8 -465.7
443.18 -464.734
444.56 -463.768
445.941 -462.801
447.321 -461.835
448.701 -460.868
450.081 -459.902
451.461 -458.936
452.841 -457.969
454.222 -457.003
455.602 -456.036
456.982 -455.07
458.362 -454.103
459.742 -453.137
461.123 -452.171
462.503 -451.204
463.883 -450.238
465.263 -449.271
466.644 -448.305
468.024 -447.338
469.404 -446.372
470.784 -445.405
472.165 -444.439
473.545 -443.472
474.925 -442.506
476.306 -441.539
477.686 -440.573
479.066 -439.606
480.447 -438.64
481.827 -437.673
483.207 -436.707
484.588 -435.74
485.968 -434.774
487.348 -433.807
488.729 -432.841
490.109 -431.874
491.49 -430.907
492.87 -429.941
494.251 -428.974
495.631 -428.008
497.011 -427.041
498.392 -426.074
499.772 -425.108
501.153 -424.141
502.533 -423.174
503.914 -422.208
505.294 -421.241
506.675 -420.274
508.056 -419.308
509.436 -418.341
510.817 -417.374
512.197 -416.408
513.578 -415.441
514.959 -414.474
516.339 -413.508
517.72 -412.541
519.101 -411.574
520.481 -410.607
521.862 -409.641
523.243 -408.674
524.623 -407.707
526.004 -406.74
527.385 -405.773
528.766 -404.806
530.146 -403.84
531.527 -402.873
532.908 -401.906
534.289 -400.939
535.67 -399.972
537.051 -399.005
538.432 -398.038
539.812 -397.071
541.193 -396.105
542.574 -395.138
543.955 -394.171
545.336 -393.204
546.717 -392.237
548.098 -391.27
549.479 -390.303
550.86 -389.336
552.241 -388.369
553.622 -387.402
555.003 -386.435
556.385 -385.468
557.766 -384.5
559.147 -383.533
560.528 -382.566
561.909 -381.599
563.291 -380.632
564.672 -379.665
566.053 -378.698
567.434 -377.73
568.816 -376.763
570.197 -375.796
571.578 -374.829
572.96 -373.862
574.341 -372.894
575.723 -371.927
577.104 -370.96
578.485 -369.992
579.867 -369.025
581.249 -368.058
582.63 -367.09
584.012 -366.123
585.393 -365.156
586.775 -364.188
588.157 -363.221
589.538 -362.253
590.92 -361.286
592.302 -360.318
593.684 -359.351
595.065 -358.383
596.447 -357.416
597.829 -356.448
599.211 -355.48
600.593 -354.513
601.975 -353.545
603.357 -352.577
604.739 -351.61
606.121 -350.642
607.503 -349.674
608.885 -348.706
610.267 -347.739
611.649 -346.771
613.032 -345.803
614.414 -344.835
615.796 -343.867
617.178 -342.899
618.561 -341.931
619.943 -340.963
621.326 -339.995
622.708 -339.027
624.091 -338.059
625.473 -337.091
626.856 -336.123
628.238 -335.155
629.621 -334.187
631.004 -333.219
632.387 -332.25
633.769 -331.282
635.152 -330.314
636.535 -329.346
637.918 -328.377
639.301 -327.409
640.684 -326.44
642.067 -325.472
643.45 -324.503
644.833 -323.535
646.217 -322.566
647.6 -321.598
648.983 -320.629
650.367 -319.661
651.75 -318.692
653.133 -317.723
654.517 -316.754
655.901 -315.786
657.284 -314.817
658.668 -313.848
660.052 -312.879
661.435 -311.91
662.819 -310.941
664.203 -309.972
665.587 -309.003
666.971 -308.034
668.355 -307.065
669.739 -306.096
671.124 -305.126
672.508 -304.157
673.892 -303.188
675.277 -302.218
676.661 -301.249
678.046 -300.28
679.43 -299.31
680.815 -298.34
682.2 -297.371
683.584 -296.401
684.969 -295.432
686.354 -294.462
687.739 -293.492
689.124 -292.522
690.51 -291.552
691.895 -290.582
693.28 -289.612
694.665 -288.642
696.051 -287.672
697.437 -286.702
698.822 -285.732
700.208 -284.761
701.594 -283.791
702.98 -282.821
704.366 -281.85
705.752 -280.88
707.138 -279.909
708.524 -278.938
709.91 -277.968
711.297 -276.997
712.683 -276.026
714.07 -275.055
715.457 -274.084
716.843 -273.113
718.23 -272.142
719.617 -271.171
721.004 -270.199
722.392 -269.228
723.779 -268.257
725.166 -267.285
726.554 -266.314
727.942 -265.342
729.329 -264.37
730.717 -263.398
732.105 -262.427
733.493 -261.455
734.881 -260.483
736.27 -259.511
737.658 -258.538
739.047 -257.566
740.435 -256.594
741.824 -255.621
743.213 -254.649
744.602 -253.676
745.991 -252.703
747.381 -251.73
748.77 -250.758
750.16 -249.785
751.549 -248.811
752.939 -247.838
754.329 -246.865
755.719 -245.892
757.11 -244.918
758.5 -243.944
759.891 -242.971
761.282 -241.997
762.673 -241.023
764.064 -240.049
765.455 -239.075
766.846 -238.101
768.238 -237.126
769.629 -236.152
771.021 -235.177
772.413 -234.202
773.806 -233.228
775.198 -232.253
776.591 -231.278
777.983 -230.302
779.376 -229.327
780.769 -228.352
782.163 -227.376
783.556 -226.4
784.95 -225.424
786.344 -224.448
787.738 -223.472
789.132 -222.496
790.527 -221.519
791.921 -220.543
793.316 -219.566
794.711 -218.589
796.107 -217.612
797.502 -216.635
798.898 -215.658
800.294 -214.68
801.69 -213.703
803.087 -212.725
804.483 -211.747
805.88 -210.769
807.277 -209.79
808.675 -208.812
810.072 -207.833
811.47 -206.854
812.869 -205.875
814.267 -204.896
815.666 -203.917
817.065 -202.937
818.464 -201.958
819.863 -200.978
821.263 -199.997
822.663 -199.017
824.064 -198.037
825.464 -197.056
826.865 -196.075
828.266 -195.094
829.668 -194.112
831.07 -193.131
832.472 -192.149
833.874 -191.167
835.277 -190.185
836.68 -189.202
838.084 -188.22
839.488 -187.237
840.892 -186.253
842.296 -185.27
843.701 -184.286
845.106 -183.302
846.512 -182.318
847.918 -181.334
849.324 -180.349
850.73 -179.364
852.138 -178.379
853.545 -177.393
854.953 -176.408
856.361 -175.422
857.77 -174.435
859.179 -173.449
860.588 -172.462
861.998 -171.475
863.408 -170.487
864.819 -169.499
866.23 -168.511
867.642 -167.523
869.054 -166.534
870.467 -165.545
871.88 -164.555
873.293 -163.566
874.707 -162.576
876.122 -161.585
877.537 -160.594
878.952 -159.603
880.368 -158.612
881.785 -157.62
883.202 -156.628
884.619 -155.635
886.037 -154.642
887.456 -153.649
888.875 -152.655
890.295 -151.661
891.716 -150.666
893.137 -149.671
894.558 -148.676
895.98 -147.68
897.403 -146.684
898.827 -145.687
900.251 -144.69
901.675 -143.692
903.101 -142.694
904.527 -141.696
905.953 -140.697
907.381 -139.697
908.809 -138.697
910.238 -137.697
911.667 -136.696
913.098 -135.694
914.529 -134.692
915.96 -133.69
917.393 -132.687
918.826 -131.683
920.26 -130.679
921.695 -129.674
923.131 -128.669
924.567 -127.663
926.005 -126.657
927.443 -125.65
928.882 -124.642
930.322 -123.634
931.763 -122.625
933.204 -121.615
934.647 -120.605
936.091 -119.594
937.535 -118.583
938.981 -117.571
940.427 -116.558
941.875 -115.544
943.324 -114.53
944.773 -113.515
946.224 -112.499
947.676 -111.482
949.128 -110.465
950.582 -109.447
952.037 -108.428
953.494 -107.409
954.951 -106.388
956.409 -105.367
957.869 -104.345
959.33 -103.322
960.792 -102.298
962.256 -101.273
963.721 -100.248
965.187 -99.2211
966.654 -98.1936
968.123 -97.1652
969.593 -96.1358
971.064 -95.1054
972.537 -94.074
974.012 -93.0416
975.488 -92.0082
976.965 -90.9737
978.444 -89.9382
979.924 -88.9016
981.406 -87.8638
982.89 -86.825
984.375 -85.7849
985.862 -84.7438
987.351 -83.7014
988.841 -82.6578
990.334 -81.613
991.828 -80.5669
993.323 -79.5195
994.821 -78.4709
996.321 -77.4209
997.822 -76.3695
999.326 -75.3168
1000.83 -74.2627
1002.34 -73.2071
1003.85 -72.1501
1005.36 -71.0916
1006.87 -70.0315
1008.28 -71.2322
1009.69 -72.4308
1011.09 -73.6276
1012.49 -74.8224
1013.89 -76.0154
1015.29 -77.2066
1016.69 -78.396
1018.08 -79.5836
1019.47 -80.7696
1020.86 -81.9539
1022.25 -83.1365
1023.63 -84.3176
1025.02 -85.4971
1026.4 -86.675
1027.78 -87.8515
1029.16 -89.0265
1030.53 -90.2
1031.91 -91.3721
1033.28 -92.5429
1034.65 -93.7123
1036.02 -94.8803
1037.39 -96.047
1038.76 -97.2125
1040.13 -98.3767
1041.49 -99.5397
1042.85 -100.701
1044.21 -101.862
1045.57 -103.021
1046.93 -104.18
1048.29 -105.337
1049.65 -106.493
1051 -107.648
1052.36 -108.802
1053.71 -109.955
1055.06 -111.107
1056.41 -112.257
1057.76 -113.407
1059.11 -114.556
1060.45 -115.704
1061.8 -116.851
1063.14 -117.997
1064.49 -119.143
1065.83 -120.287
1067.17 -121.43
1068.51 -122.573
1069.85 -123.715
1071.19 -124.856
1072.53 -125.996
1073.86 -127.136
1075.2 -128.274
1076.53 -129.412
1077.87 -130.549
1079.2 -131.686
1080.53 -132.821
1081.87 -133.956
1083.2 -135.091
1084.53 -136.224
1085.85 -137.357
1087.18 -138.49
1088.51 -139.621
1089.84 -140.752
1091.16 -141.883
1092.49 -143.012
1093.81 -144.142
1095.14 -145.27
1096.46 -146.398
1097.78 -147.526
1099.11 -148.652
1100.43 -149.779
1101.75 -150.905
1103.07 -152.03
1104.39 -153.154
1105.71 -154.279
1107.02 -155.402
1108.34 -156.525
1109.66 -157.648
1110.98 -158.77
1112.29 -159.892
1113.61 -161.013
1114.92 -162.134
1116.24 -163.255
1117.55 -164.374
1118.86 -165.494
1120.18 -166.613
1121.49 -167.732
1122.8 -168.85
1124.11 -169.968
1125.42 -171.085
1126.73 -172.202
1128.04 -173.319
1129.35 -174.435
1130.66 -175.551
1131.97 -176.666
1133.28 -177.781
1134.59 -178.896
1135.89 -180.011
1137.2 -181.125
1138.51 -182.239
1139.81 -183.352
1141.12 -184.465
1142.42 -185.578
1143.73 -186.69
1145.03 -187.802
1146.34 -188.914
1147.64 -190.026
1148.94 -191.137
1150.25 -192.248
1151.55 -193.359
1152.85 -194.469
1154.16 -195.579
1155.46 -196.689
1156.76 -197.798
1158.06 -198.908
1159.36 -200.017
1160.66 -201.125
1161.96 -202.234
1163.26 -203.342
1164.56 -204.45
1165.86 -205.558
1167.16 -206.665
1168.46 -207.773
1169.76 -208.88
1171.06 -209.987
1172.36 -211.093
1173.65 -212.2
1174.95 -213.306
1176.25 -214.412
1177.55 -215.518
1178.84 -216.623
1180.14 -217.729
1181.44 -218.834
1182.73 -219.939
1184.03 -221.044
1185.32 -222.148
1186.62 -223.253
1187.92 -224.357
1189.21 -225.461
1190.51 -226.565
1191.8 -227.668
1193.1 -228.772
1194.39 -229.875
1195.68 -230.978
1196.98 -232.081
1198.27 -233.184
1199.57 -234.287
1200.86 -235.389
1202.15 -236.492
1203.45 -237.594
1204.74 -238.696
1206.03 -239.798
1207.32 -240.9
1208.62 -242.002
1209.91 -243.103
1211.2 -244.204
1212.49 -245.306
1213.78 -246.407
1215.08 -247.508
1216.37 -248.609
1217.66 -249.709
1218.95 -250.81
1220.24 -251.91
1221.53 -253.011
1222.82 -254.111
1224.11 -255.211
1225.4 -256.311
1226.69 -257.411
1227.98 -258.511
1229.27 -259.61
1230.56 -260.71
1231.85 -261.809
1233.14 -262.909
1234.43 -264.008
1235.72 -265.107
1237.01 -266.206
1238.3 -267.305
1239.59 -268.404
1240.88 -269.503
1242.17 -270.601
1243.46 -271.7
1244.74 -272.798
1246.03 -273.897
1247.32 -274.995
1248.61 -276.093
1249.9 -277.191
1251.19 -278.289
1252.47 -279.387
1253.76 -280.485
1255.05 -281.583
1256.34 -282.681
1257.62 -283.778
1258.91 -284.876
1260.2 -285.973
1261.49 -287.071
1262.77 -288.168
1264.06 -289.265
1265.35 -290.362
1266.64 -291.459
1267.92 -292.556
1269.21 -293.653
1270.5 -294.75
1271.78 -295.847
1273.07 -296.944
1274.36 -298.041
1275.64 -299.137
1276.93 -300.234
1278.22 -301.33
1279.5 -302.427
1280.79 -303.523
1282.07 -304.62
1283.36 -305.716
1284.65 -306.812
1285.93 -307.908
1287.22 -309.004
1288.5 -310.1
1289.79 -311.197
1291.08 -312.292
1292.36 -313.388
1293.65 -314.484
1294.93 -315.58
1296.22 -316.676
1297.5 -317.771
1298.79 -318.867
1300.07 -319.963
1301.36 -321.058
1302.64 -322.154
1303.93 -323.249
1305.21 -324.345
1306.5 -325.44
1307.78 -326.536
1309.07 -327.631
1310.35 -328.726
1311.64 -329.821
1312.92 -330.917
1314.21 -332.012
1315.49 -333.107
1316.78 -334.202
1318.06 -335.297
1319.35 -336.392
1320.63 -337.487
1321.92 -338.582
1323.2 -339.677
1324.49 -340.771
1325.77 -341.866
1327.05 -342.961
1328.34 -344.056
1329.62 -345.151
1330.91 -346.245
1332.19 -347.34
1333.47 -348.434
1334.76 -349.529
1336.04 -350.624
1337.33 -351.718
1338.61 -352.813
1339.89 -353.907
1341.18 -355.001
1342.46 -356.096
1343.75 -357.19
1345.03 -358.285
1346.31 -359.379
1347.6 -360.473
1348.88 -361.568
1350.17 -362.662
1351.45 -363.756
1352.73 -364.85
1354.02 -365.944
1355.3 -367.039
1356.58 -368.133
1357.87 -369.227
1359.15 -370.321
1360.43 -371.415
1361.72 -372.509
1363 -373.603
1364.28 -374.697
1365.57 -375.791
1366.85 -376.885
1368.13 -377.979
1369.42 -379.073
1370.7 -380.167
1371.98 -381.261
1373.27 -382.354
1374.55 -383.448
1375.83 -384.542
1377.12 -385.636
1378.4 -386.73
1379.68 -387.823
1380.97 -388.917
1382.25 -390.011
1383.53 -391.105
1384.82 -392.198
1386.1 -393.292
1387.38 -394.386
1388.66 -395.479
1389.95 -396.573
1391.23 -397.666
1392.51 -398.76
1393.8 -399.854
1395.08 -400.947
1396.36 -402.041
1397.64 -403.134
1398.93 -404.228
1400.21 -405.321
1401.49 -406.415
1402.78 -407.508
1404.06 -408.602
1405.34 -409.695
1406.62 -410.789
1407.91 -411.882
1409.19 -412.975
1410.47 -414.069
1411.75 -415.162
1413.04 -416.255
1414.32 -417.349
1415.6 -418.442
1416.89 -419.536
1418.17 -420.629
1419.45 -421.722
1420.73 -422.815
1422.02 -423.909
1423.3 -425.002
1424.58 -426.095
1425.86 -427.189
1427.15 -428.282
1428.43 -429.375
1429.71 -430.468
1430.99 -431.562
1432.28 -432.655
1433.56 -433.748
1434.84 -434.841
1436.12 -435.934
1437.41 -437.027
1438.69 -438.121
1439.97 -439.214
1441.25 -440.307
1442.54 -441.4
1443.82 -442.493
1445.1 -443.586
1446.38 -444.679
1447.66 -445.773
1448.95 -446.866
1450.23 -447.959
1451.51 -449.052
1452.79 -450.145
1454.08 -451.238
1455.36 -452.331
1456.64 -453.424
1457.92 -454.517
1459.21 -455.61
1460.49 -456.703
1461.77 -457.796
1463.05 -458.889
1464.33 -459.982
1465.62 -461.075
1466.9 -462.168
1468.18 -463.261
1469.46 -464.354
1470.75 -465.447
1472.03 -466.54
1473.31 -467.633
1474.59 -468.726
1475.87 -469.819
1477.16 -470.912
1478.44 -472.005
1479.72 -473.098
1481 -474.191
1482.29 -475.284
1483.57 -476.377
1484.85 -477.47
1486.13 -478.563
1487.41 -479.656
1488.7 -480.748
1489.98 -481.841
1491.26 -482.934
1492.54 -484.027
1493.82 -485.12
1495.11 -486.213
1496.39 -487.306
1497.67 -488.399
1498.95 -489.491
1500.23 -490.584
1501.52 -491.677
1502.8 -492.77
1504.08 -493.863
1505.36 -494.956
1506.65 -496.049
1507.93 -497.141
1509.21 -498.234
1510.49 -499.327
1511.77 -500.42
1513.06 -501.513
1514.34 -502.606
1515.62 -503.698
1516.9 -504.791
1518.18 -505.884
1519.47 -506.977
1520.75 -508.07
1522.03 -509.162
1523.31 -510.255
1524.59 -511.348
1525.88 -512.441
1527.16 -513.534
1528.44 -514.626
1529.72 -515.719
1531 -516.812
1532.29 -517.905
1533.57 -518.997
1534.85 -520.09
1536.13 -521.183
1537.41 -522.276
1538.69 -523.369
1539.98 -524.461
1541.26 -525.554
1542.54 -526.647
1543.82 -527.74
1545.1 -528.832
1546.39 -529.925
1547.67 -531.018
1548.95 -532.111
1550.23 -533.203
1551.51 -534.296
1552.8 -535.389
1554.08 -536.482
1555.36 -537.574
1556.64 -538.667
1557.92 -539.76
1559.21 -540.852
1560.49 -541.945
1561.77 -543.038
1563.05 -544.131
1564.33 -545.223
1565.62 -546.316
1566.9 -547.409
1568.18 -548.501
1569.46 -549.594
1570.74 -550.687
1572.02 -551.78
1573.31 -552.872
1574.59 -553.965
1575.87 -555.058
1577.15 -556.15
1578.43 -557.243
1579.72 -558.336
1581 -559.429
1582.28 -560.521
1583.56 -561.614
1584.84 -562.707
1586.12 -563.799
1587.41 -564.892
1588.69 -565.985
1589.97 -567.078
1591.25 -568.17
1592.53 -569.263
1593.82 -570.356
1595.1 -571.448
1596.38 -572.541
1597.66 -573.634
1598.94 -574.726
1600.23 -575.819
1601.51 -576.911
1602.79 -578.004
1604.07 -579.097
1605.35 -580.189
1606.63 -581.282
1607.92 -582.375
1609.2 -583.467
1610.48 -584.56
1611.76 -585.653
1613.04 -586.745
1614.33 -587.838
1615.61 -588.931
1616.89 -590.023
1618.17 -591.116
1619.45 -592.209
1620.74 -593.301
1622.02 -594.394
1623.3 -595.487
1624.58 -596.579
1625.86 -597.672
1627.14 -598.765
1628.43 -599.857
1629.71 -600.95
1630.99 -602.042
1632.27 -603.135
1633.55 -604.228
1634.84 -605.32
1636.12 -606.413
1637.4 -607.506
1638.68 -608.598
1639.96 -609.691
1641.24 -610.784
1642.53 -611.876
1643.81 -612.969
1645.09 -614.062
1646.37 -615.154
1647.65 -616.247
1648.94 -617.34
1650.22 -618.432
1651.5 -619.525
1652.78 -620.618
1654.06 -621.71
1655.34 -622.803
1656.63 -623.896
1657.91 -624.988
1659.19 -626.081
1660.47 -627.173
1661.75 -628.266
1663.04 -629.359
1664.32 -630.451
1665.6 -631.544
1666.88 -632.637
1668.16 -633.729
1669.44 -634.822
1670.73 -635.915
1672.01 -637.007
1673.29 -638.1
1674.57 -639.193
1675.85 -640.285
1677.13 -641.378
1678.42 -642.471
1679.7 -643.563
1680.98 -644.656
1682.26 -645.748
1683.54 -646.841
1684.82 -647.934
1686.11 -649.026
1687.39 -650.119
1688.67 -651.211
1689.95 -652.304
1691.23 -653.397
1692.52 -654.489
1693.8 -655.582
1695.08 -656.674
1696.36 -657.767
1697.64 -658.86
1698.92 -659.952
1700.21 -661.045
1701.49 -662.137
1702.77 -663.23
1704.05 -664.323
1705.33 -665.415
1706.61 -666.508
1707.9 -667.6
1709.18 -668.693
1710.46 -669.785
1711.74 -670.878
1713.02 -671.971
1714.3 -673.063
1715.59 -674.156
1716.87 -675.248
1718.15 -676.341
1719.43 -677.434
1720.71 -678.526
1722 -679.619
1723.28 -680.711
1724.56 -681.804
1725.84 -682.897
1727.12 -683.989
1728.4 -685.082
1729.69 -686.174
1730.97 -687.267
1732.25 -688.359
1733.53 -689.452
1734.81 -690.545
1736.09 -691.637
1737.38 -692.73
1738.66 -693.822
1739.94 -694.915
1741.22 -696.008
1742.5 -697.1
1743.78 -698.193
1745.07 -699.285
1746.35 -700.378
1747.63 -701.471
1748.91 -702.563
1750.19 -703.656
1751.48 -704.748
1752.76 -705.841
1754.04 -706.934
1755.32 -708.026
1756.6 -709.119
1757.88 -710.211
1759.17 -711.304
1760.45 -712.396
1761.73 -713.489
1763.01 -714.582
1764.29 -715.674
1765.57 -716.767
1766.86 -717.859
1768.14 -718.952
1769.42 -720.045
1770.7 -721.137
1771.98 -722.23
1773.26 -723.322
1774.55 -724.415
1775.83 -725.508
1777.11 -726.6
1778.39 -727.693
1779.67 -728.785
1780.96 -729.878
1782.24 -730.971
1783.52 -732.063
1784.8 -733.156
1786.08 -734.248
1787.36 -735.341
1788.65 -736.433
1789.93 -737.526
1791.21 -738.619
1792.49 -739.711
1793.77 -740.804
1795.05 -741.896
1796.34 -742.989
1797.62 -744.082
1798.9 -745.174
1800.18 -746.267
1801.46 -747.359
1802.74 -748.452
1804.03 -749.545
1805.31 -750.637
1806.59 -751.73
1807.87 -752.822
1809.15 -753.915
1810.44 -755.008
1811.72 -756.1
1813 -757.193
1814.28 -758.285
1815.56 -759.378
1816.84 -760.47
1818.13 -761.563
1819.41 -762.656
1820.69 -763.748
1821.97 -764.841
1823.25 -765.933
1824.53 -767.026
1825.82 -768.119
1827.1 -769.211
1828.38 -770.304
1829.66 -771.396
1830.94 -772.489
1832.22 -773.582
1833.51 -774.674
1834.79 -775.767
1836.07 -776.859
1837.35 -777.952
1838.63 -779.044
1839.92 -780.137
1841.2 -781.23
1842.48 -782.322
1843.76 -783.415
1845.04 -784.507
1846.32 -785.6
1847.61 -786.693
1848.89 -787.785
1850.17 -788.878
1851.45 -789.97
1852.73 -791.063
1854.01 -792.156
1855.3 -793.248
1856.58 -794.341
1857.86 -795.433
1859.14 -796.526
1860.42 -797.619
1861.7 -798.711
1862.99 -799.804
1864.27 -800.896
1865.55 -801.989
1866.83 -803.081
1868.11 -804.174
1869.4 -805.267
1870.68 -806.359
1871.96 -807.452
1873.24 -808.544
1874.52 -809.637
1875.8 -810.73
1877.09 -811.822
1878.37 -812.915
1879.65 -814.007
1880.93 -815.1
1882.21 -816.193
1883.49 -817.285
1884.78 -818.378
1886.06 -819.47
1887.34 -820.563
1888.62 -821.656
1889.9 -822.748
1891.18 -823.841
1892.47 -824.933
1893.75 -826.026
1895.03 -827.118
1896.31 -828.211
1897.59 -829.304
1898.88 -830.396
1900.16 -831.489
1901.44 -832.581
1902.72 -833.674
1904 -834.767
1905.28 -835.859
1906.57 -836.952
1907.85 -838.044
1909.13 -839.137
1910.41 -840.23
1911.69 -841.322
1912.97 -842.415
1914.26 -843.507
1915.54 -844.6
1916.82 -845.693
1918.1 -846.785
1919.38 -847.878
1920.66 -848.97
1921.95 -850.063
1923.23 -851.155
1924.51 -852.248
1925.79 -853.341
1927.07 -854.433
1928.36 -855.526
1929.64 -856.618
1930.92 -857.711
1932.2 -858.804
1933.48 -859.896
1934.76 -860.989
1936.05 -862.081
1937.33 -863.174
1938.61 -864.267
1939.89 -865.359
1941.17 -866.452
1942.45 -867.544
1943.74 -868.637
1945.02 -869.729
1946.3 -870.822
1947.58 -871.915
1948.86 -873.007
1950.14 -874.1
1951.43 -875.192
1952.71 -876.285
1953.99 -877.378
1955.27 -878.47
1956.55 -879.563
1957.84 -880.655
1959.12 -881.748
1960.4 -882.841
1961.68 -883.933
1962.96 -885.026
1964.24 -886.118
1965.53 -887.211
1966.81 -888.304
1968.09 -889.396
1969.37 -890.489
1970.65 -891.581
1971.93 -892.674
1973.22 -893.766
1974.5 -894.859
1975.78 -895.952
1977.06 -897.044
1978.34 -898.137
1979.62 -899.229
1980.91 -900.322
1982.19 -901.415
1983.47 -902.507
1984.75 -903.6
1986.03 -904.692
1987.32 -905.785
1988.6 -906.878
1989.88 -907.97
1991.16 -909.063
1992.44 -910.155
1993.72 -911.248
1995.01 -912.341
1996.29 -913.433
1997.57 -914.526
1998.85 -915.618
2000.13 -916.711
2001.41 -917.803
2002.7 -918.896
2003.98 -919.989
2005.26 -921.081
2006.54 -922.174
2007.82 -923.266
2009.1 -924.359
2010.39 -925.452
2011.67 -926.544
2012.95 -927.637
2014.23 -928.729
2015.51 -929.822
2016.8 -930.915
2018.08 -932.007
2019.36 -933.1
2020.64 -934.192
2021.92 -935.285
2023.2 -936.378
2024.49 -937.47
2025.77 -938.563
2027.05 -939.655
2028.33 -940.748
2029.61 -941.84
2030.89 -942.933
2032.18 -944.026
2033.46 -945.118
2034.74 -946.211
2036.02 -947.303
2037.3 -948.396
2038.58 -949.489
2039.87 -950.581
2041.15 -951.674
2042.43 -952.766
2043.71 -953.859
2044.99 -954.952
2046.28 -956.044
2047.56 -957.137
2048.84 -958.229
2050.12 -959.322
2051.4 -960.414
2052.68 -961.507
2053.97 -962.6
2055.25 -963.692
2056.53 -964.785
2057.81 -965.877
2059.09 -966.97
2060.37 -968.063
2061.66 -969.155
2062.94 -970.248
2064.22 -971.34
2065.5 -972.433
2066.78 -973.526
2068.06 -974.618
2069.35 -975.711
2070.63 -976.803
2071.91 -977.896
2073.19 -978.989
2074.47 -980.081
2075.76 -981.174
2077.04 -982.266
2078.32 -983.359
2079.6 -984.451
2080.88 -985.544
2082.16 -986.637
2083.45 -987.729
2084.73 -988.822
2086.01 -989.914
2087.29 -991.007
2088.57 -992.1
2089.85 -993.192
2091.14 -994.285
2092.42 -995.377
2093.7 -996.47
2094.98 -997.563
2096.26 -998.655
2097.54 -999.748
2098.83 -1000.84
2100.11 -1001.93
2101.39 -1003.03
2102.67 -1004.12
2103.95 -1005.21
2105.24 -1006.3
2106.52 -1007.4
2107.8 -1008.49
2109.08 -1009.58
2110.36 -1010.67
2111.64 -1011.77
2112.93 -1012.86
2114.21 -1013.95
2115.49 -1015.04
2116.77 -1016.14
2118.05 -1017.23
2119.33 -1018.32
2120.62 -1019.41
2121.9 -1020.51
2123.18 -1021.6
2124.46 -1022.69
2125.74 -1023.78
2127.02 -1024.88
2128.31 -1025.97
2129.59 -1027.06
2130.87 -1028.15
2132.15 -1029.25
2133.43 -1030.34
2134.72 -1031.43
2136 -1032.53
2137.28 -1033.62
2138.56 -1034.71
2139.84 -1035.8
2141.12 -1036.9
2142.41 -1037.99
2143.69 -1039.08
2144.97 -1040.17
2146.25 -1041.27
2147.53 -1042.36
2148.81 -1043.45
2150.1 -1044.54
2151.38 -1045.64
2152.66 -1046.73
2153.94 -1047.82
2155.22 -1048.91
2156.5 -1050.01
2157.79 -1051.1
2159.07 -1052.19
2160.35 -1053.28
2161.63 -1054.38
2162.91 -1055.47
2164.2 -1056.56
2165.48 -1057.65
2166.76 -1058.75
2168.04 -1059.84
2169.32 -1060.93
2170.6 -1062.02
2171.89 -1063.12
2173.17 -1064.21
2174.45 -1065.3
2175.73 -1066.39
2177.01 -1067.49
2178.29 -1068.58
2179.58 -1069.67
2180.86 -1070.76
2182.14 -1071.86
2183.42 -1072.95
2184.7 -1074.04
2185.98 -1075.13
2187.27 -1076.23
2188.55 -1077.32
2189.83 -1078.41
2191.11 -1079.5
2192.39 -1080.6
2193.68 -1081.69
2194.96 -1082.78
2196.24 -1083.87
2197.52 -1084.97
2198.8 -1086.06
2200.08 -1087.15
2201.37 -1088.24
2202.65 -1089.34
2203.93 -1090.43
2205.21 -1091.52
2206.49 -1092.61
2207.77 -1093.71
2209.06 -1094.8
2210.34 -1095.89
2211.62 -1096.98
2212.9 -1098.08
2214.18 -1099.17
2215.46 -1100.26
2216.75 -1101.35
2218.03 -1102.45
2219.31 -1103.54
2220.59 -1104.63
2221.87 -1105.72
2223.16 -1106.82
2224.44 -1107.91
2225.72 -1109
2227 -1110.09
2228.28 -1111.19
2229.56 -1112.28
2230.85 -1113.37
2232.13 -1114.46
2233.41 -1115.56
2234.69 -1116.65
2235.97 -1117.74
2237.25 -1118.83
2238.54 -1119.93
2239.82 -1121.02
2241.1 -1122.11
2242.38 -1123.2
2243.66 -1124.3
2244.94 -1125.39
2246.23 -1126.48
2247.51 -1127.58
2248.79 -1128.67
2250.07 -1129.76
2251.35 -1130.85
2252.64 -1131.95
2253.92 -1133.04
2255.2 -1134.13
2256.48 -1135.22
2257.76 -1136.32
2259.04 -1137.41
2260.33 -1138.5
2261.61 -1139.59
2262.89 -1140.69
2264.17 -1141.78
2265.45 -1142.87
2266.73 -1143.96
2268.02 -1145.06
2269.3 -1146.15
2270.58 -1147.24
2271.86 -1148.33
2273.14 -1149.43
2274.42 -1150.52
2275.71 -1151.61
2276.99 -1152.7
2278.27 -1153.8
2279.55 -1154.89
2280.83 -1155.98
2282.11 -1157.07
2283.4 -1158.17
2284.68 -1159.26
2285.96 -1160.35
2287.24 -1161.44
2288.52 -1162.54
2289.81 -1163.63
2291.09 -1164.72
2292.37 -1165.81
2293.65 -1166.91
2294.93 -1168
2296.21 -1169.09
2297.5 -1170.18
2298.78 -1171.28
2300.06 -1172.37
2301.34 -1173.46
2302.62 -1174.55
2303.9 -1175.65
2305.19 -1176.74
2306.47 -1177.83
2307.75 -1178.92
2309.03 -1180.02
2310.31 -1181.11
2311.59 -1182.2
2312.88 -1183.29
2314.16 -1184.39
2315.44 -1185.48
2316.72 -1186.57
2318 -1187.66
2319.29 -1188.76
2320.57 -1189.85
2321.85 -1190.94
2323.13 -1192.03
2324.41 -1193.13
2325.69 -1194.22
2326.98 -1195.31
2328.26 -1196.4
2329.54 -1197.5
2330.82 -1198.59
2332.1 -1199.68
2333.38 -1200.77
2334.67 -1201.87
2335.95 -1202.96
2337.23 -1204.05
2338.51 -1205.14
2339.79 -1206.24
2341.07 -1207.33
2342.36 -1208.42
2343.64 -1209.51
2344.92 -1210.61
2346.2 -1211.7
2347.48 -1212.79
2348.77 -1213.88
2350.05 -1214.98
2351.33 -1216.07
2352.61 -1217.16
2353.89 -1218.26
2355.17 -1219.35
2356.46 -1220.44
2357.74 -1221.53
2359.02 -1222.63
2360.3 -1223.72
2361.58 -1224.81
2362.86 -1225.9
2364.15 -1227
2365.43 -1228.09
2366.71 -1229.18
2367.99 -1230.27
2369.27 -1231.37
2370.55 -1232.46
2371.84 -1233.55
2373.12 -1234.64
2374.4 -1235.74
2375.68 -1236.83
2376.96 -1237.92
2378.25 -1239.01
2379.53 -1240.11
2380.81 -1241.2
2382.09 -1242.29
2383.37 -1243.38
2384.65 -1244.48
2385.94 -1245.57
2387.22 -1246.66
2388.5 -1247.75
2389.78 -1248.85
2391.06 -1249.94
2392.34 -1251.03
2393.63 -1252.12
2394.91 -1253.22
2396.19 -1254.31
2397.47 -1255.4
2398.75 -1256.49
2400.03 -1257.59
2401.32 -1258.68
2402.6 -1259.77
2403.88 -1260.86
2405.16 -1261.96
2406.44 -1263.05
2407.73 -1264.14
2409.01 -1265.23
2410.29 -1266.33
2411.57 -1267.42
2412.85 -1268.51
2414.13 -1269.6
2415.42 -1270.7
2416.7 -1271.79
2417.98 -1272.88
2419.26 -1273.97
2420.54 -1275.07
2421.82 -1276.16
2423.11 -1277.25
2424.39 -1278.34
2425.67 -1279.44
2426.95 -1280.53
2428.23 -1281.62
2429.51 -1282.71
2430.8 -1283.81
2432.08 -1284.9
2433.36 -1285.99
2434.64 -1287.08
2435.92 -1288.18
2437.21 -1289.27
2438.49 -1290.36
2439.77 -1291.45
2441.05 -1292.55
2442.33 -1293.64
2443.61 -1294.73
2444.9 -1295.82
2446.18 -1296.92
2447.46 -1298.01
2448.74 -1299.1
2450.02 -1300.19
2451.3 -1301.29
2452.59 -1302.38
2453.87 -1303.47
2455.15 -1304.56
2456.43 -1305.66
2457.71 -1306.75
2458.99 -1307.84
2460.28 -1308.93
2461.56 -1310.03
2462.84 -1311.12
2464.12 -1312.21
2465.4 -1313.31
2466.69 -1314.4
2467.97 -1315.49
2469.25 -1316.58
2470.53 -1317.68
2471.81 -1318.77
2473.09 -1319.86
2474.38 -1320.95
2475.66 -1322.05
2476.94 -1323.14
2478.22 -1324.23
2479.5 -1325.32
2480.78 -1326.42
2482.07 -1327.51
2483.35 -1328.6
2484.63 -1329.69
2485.91 -1330.79
2487.19 -1331.88
2488.47 -1332.97
2489.76 -1334.06
2491.04 -1335.16
2492.32 -1336.25
2493.6 -1337.34
2494.88 -1338.43
2496.17 -1339.53
2497.45 -1340.62
2498.73 -1341.71
2500.01 -1342.8
2501.29 -1343.9
2502.57 -1344.99
2503.86 -1346.08
2505.14 -1347.17
2506.42 -1348.27
2507.7 -1349.36
2508.98 -1350.45
2510.26 -1351.54
2511.55 -1352.64
2512.83 -1353.73
2514.11 -1354.82
2515.39 -1355.91
2516.67 -1357.01
2517.95 -1358.1
2519.24 -1359.19
2520.52 -1360.28
2521.8 -1361.38
2523.08 -1362.47
2524.36 -1363.56
2525.65 -1364.65
2526.93 -1365.75
2528.21 -1366.84
2529.49 -1367.93
2530.77 -1369.02
2532.05 -1370.12
2533.34 -1371.21
2534.62 -1372.3
2535.9 -1373.39
2537.18 -1374.49
2538.46 -1375.58
2539.74 -1376.67
2541.03 -1377.76
2542.31 -1378.86
2543.59 -1379.95
2544.87 -1381.04
2546.15 -1382.13
2547.43 -1383.23
2548.72 -1384.32
2550 -1385.41
2551.28 -1386.5
2552.56 -1387.6
2553.84 -1388.69
2555.13 -1389.78
2556.41 -1390.87
2557.69 -1391.97
2558.97 -1393.06
2560.25 -1394.15
2561.53 -1395.24
2562.82 -1396.34
2564.1 -1397.43
2565.38 -1398.52
2566.66 -1399.61
2567.94 -1400.71
2569.22 -1401.8
2570.51 -1402.89
2571.79 -1403.98
2573.07 -1405.08
2574.35 -1406.17
2575.63 -1407.26
2576.91 -1408.36
2578.2 -1409.45
2579.48 -1410.54
2580.76 -1411.63
2582.04 -1412.73
2583.32 -1413.82
2584.61 -1414.91
2585.89 -1416
2587.17 -1417.1
2588.45 -1418.19
2589.73 -1419.28
2591.01 -1420.37
2592.3 -1421.47
2593.58 -1422.56
2594.86 -1423.65
2596.14 -1424.74
2597.42 -1425.84
2598.7 -1426.93
2599.99 -1428.02
2601.27 -1429.11
2602.55 -1430.21
2603.83 -1431.3
2605.11 -1432.39
2606.39 -1433.48
2607.68 -1434.58
2608.96 -1435.67
2610.24 -1436.76
2611.52 -1437.85
2612.8 -1438.95
2614.09 -1440.04
2615.37 -1441.13
2616.65 -1442.22
2617.93 -1443.32
2619.21 -1444.41
2620.49 -1445.5
2621.78 -1446.59
2623.06 -1447.69
2624.34 -1448.78
2625.62 -1449.87
2626.9 -1450.96
2628.18 -1452.06
2629.47 -1453.15
2630.75 -1454.24
2632.03 -1455.33
2633.31 -1456.43
2634.59 -1457.52
2635.87 -1458.61
2637.16 -1459.7
2638.44 -1460.8
2639.72 -1461.89
2641 -1462.98
2642.28 -1464.07
2643.57 -1465.17
2644.85 -1466.26
2646.13 -1467.35
2647.41 -1468.44
2648.69 -1469.54
2649.97 -1470.63
2651.26 -1471.72
2652.54 -1472.81
2653.82 -1473.91
2655.1 -1475
2656.38 -1476.09
2657.66 -1477.18
2658.95 -1478.28
2660.23 -1479.37
2661.51 -1480.46
2662.79 -1481.55
2664.07 -1482.65
2665.35 -1483.74
2666.64 -1484.83
2667.92 -1485.92
2669.2 -1487.02
2670.48 -1488.11
2671.76 -1489.2
2673.05 -1490.29
2674.33 -1491.39
2675.61 -1492.48
2676.89 -1493.57
2678.17 -1494.66
2679.45 -1495.76
2680.74 -1496.85
2682.02 -1497.94
2683.3 -1499.04
2684.58 -1500.13
2685.86 -1501.22
2687.14 -1502.31
2688.43 -1503.41
2689.71 -1504.5
2690.99 -1505.59
2692.27 -1506.68
2693.55 -1507.78
2694.83 -1508.87
2696.12 -1509.96
2697.4 -1511.05
2698.68 -1512.15
2699.96 -1513.24
2701.24 -1514.33
2702.53 -1515.42
2703.81 -1516.52
2705.09 -1517.61
2706.37 -1518.7
2707.65 -1519.79
2708.93 -1520.89
2710.22 -1521.98
2711.5 -1523.07
2712.78 -1524.16
2714.06 -1525.26
2715.34 -1526.35
2716.62 -1527.44
2717.91 -1528.53
2719.19 -1529.63
2720.47 -1530.72
2721.75 -1531.81
2723.03 -1532.9
2724.31 -1534
2725.6 -1535.09
2726.88 -1536.18
2728.16 -1537.27
2729.44 -1538.37
2730.72 -1539.46
2732.01 -1540.55
2733.29 -1541.64
2734.57 -1542.74
2735.85 -1543.83
2737.13 -1544.92
2738.41 -1546.01
2739.7 -1547.11
2740.98 -1548.2
2742.26 -1549.29
2743.54 -1550.38
2744.82 -1551.48
2746.1 -1552.57
2747.39 -1553.66
2748.67 -1554.75
2749.95 -1555.85
2751.23 -1556.94
2752.51 -1558.03
2753.79 -1559.12
2755.08 -1560.22
2756.36 -1561.31
2757.64 -1562.4
2758.92 -1563.49
2760.2 -1564.59
2761.49 -1565.68
2762.77 -1566.77
2764.05 -1567.86
2765.33 -1568.96
2766.61 -1570.05
2767.89 -1571.14
2769.18 -1572.23
2770.46 -1573.33
2771.74 -1574.42
2773.02 -1575.51
2774.3 -1576.6
2775.58 -1577.7
2776.87 -1578.79
2778.15 -1579.88
2779.43 -1580.97
2780.71 -1582.07
2781.99 -1583.16
2783.27 -1584.25
2784.56 -1585.34
2785.84 -1586.44
2787.12 -1587.53
2788.4 -1588.62
2789.68 -1589.71
2790.97 -1590.81
2792.25 -1591.9
2793.53 -1592.99
2794.81 -1594.09
2796.09 -1595.18
2797.37 -1596.27
2798.66 -1597.36
2799.94 -1598.46
2801.22 -1599.55
2802.5 -1600.64
2803.78 -1601.73
2805.06 -1602.83
2806.35 -1603.92
2807.63 -1605.01
2808.91 -1606.1
2810.19 -1607.2
2811.47 -1608.29
2812.75 -1609.38
2814.04 -1610.47
2815.32 -1611.57
2816.6 -1612.66
2817.88 -1613.75
2819.16 -1614.84
2820.45 -1615.94
2821.73 -1617.03
2823.01 -1618.12
2824.29 -1619.21
2825.57 -1620.31
2826.85 -1621.4
2828.14 -1622.49
2829.42 -1623.58
2830.7 -1624.68
2831.98 -1625.77
2833.26 -1626.86
2834.54 -1627.95
2835.83 -1629.05
2837.11 -1630.14
2838.39 -1631.23
2839.67 -1632.32
2840.95 -1633.42
2842.23 -1634.51
2843.52 -1635.6
2844.8 -1636.69
2846.08 -1637.79
2847.36 -1638.88
2848.64 -1639.97
2849.93 -1641.06
2851.21 -1642.16
2852.49 -1643.25
2853.77 -1644.34
2855.05 -1645.43
2856.33 -1646.53
2857.62 -1647.62
2858.9 -1648.71
2860.18 -1649.8
2861.46 -1650.9
2862.74 -1651.99
2864.02 -1653.08
2865.31 -1654.17
2866.59 -1655.27
2867.87 -1656.36
2869.15 -1657.45
2870.43 -1658.54
2871.71 -1659.64
2873 -1660.73
2874.28 -1661.82
2875.56 -1662.91
2876.84 -1664.01
2878.12 -1665.1
2879.41 -1666.19
2880.69 -1667.28
2881.97 -1668.38
2883.25 -1669.47
