250 -600
251.38 -599.034
252.759 -598.068
254.139 -597.102
255.519 -596.136
256.899 -595.17
258.278 -594.204
259.658 -593.238
261.038 -592.271
262.418 -591.305
263.797 -590.339
265.177 -589.373
266.557 -588.407
267.936 -587.441
269.316 -586.475
270.696 -585.509
272.076 -584.543
273.455 -583.577
274.835 -582.611
276.215 -581.644
277.595 -580.678
278.974 -579.712
280.354 -578.746
281.734 -577.78
283.113 -576.814
284.493 -575.848
285.873 -574.882
287.253 -573.915
288.632 -572.949
290.012 -571.983
291.392 -571.017
292.772 -570.051
294.151 -569.085
295.531 -568.119
296.911 -567.153
298.291 -566.186
299.671 -565.22
301.05 -564.254
302.43 -563.288
303.81 -562.322
305.19 -561.356
306.569 -560.39
307.949 -559.424
309.329 -558.457
310.709 -557.491
312.088 -556.525
313.468 -555.559
314.848 -554.593
316.228 -553.627
317.607 -552.661
318.987 -551.695
320.367 -550.728
321.747 -549.762
323.127 -548.796
324.506 -547.83
325.886 -546.864
327.266 -545.898
328.646 -544.932
330.026 -543.966
331.405 -542.999
332.785 -542.033
334.165 -541.067
335.545 -540.101
336.925 -539.135
338.304 -538.169
339.684 -537.203
341.064 -536.236
342.444 -535.27
343.824 -534.304
345.204 -533.338
346.583 -532.372
347.963 -531.406
349.343 -530.439
350.723 -529.473
352.103 -528.507
353.483 -527.541
354.862 -526.575
356.242 -525.608
357.622 -524.642
359.002 -523.676
360.382 -522.71
361.762 -521.744
363.142 -520.777
364.521 -519.811
365.901 -518.845
367.281 -517.879
368.661 -516.913
370.041 -515.947
371.421 -514.98
372.801 -514.014
374.181 -513.048
375.56 -512.082
376.94 -511.116
378.32 -510.149
379.7 -509.183
381.08 -508.217
382.46 -507.251
383.84 -506.284
385.22 -505.318
386.6 -504.352
387.98 -503.386
389.359 -502.42
390.739 -501.453
392.119 -500.487
393.499 -499.521
394.879 -498.555
396.259 -497.588
397.639 -496.622
399.019 -495.656
400.399 -494.69
401.779 -493.723
403.159 -492.757
404.539 -491.791
405.919 -490.825
407.299 -489.858
408.679 -488.892
410.059 -487.926
411.439 -486.959
412.819 -485.993
414.199 -485.027
415.579 -484.061
416.959 -483.094
418.339 -482.128
419.719 -481.162
421.099 -480.195
422.479 -479.229
423.859 -478.263
425.239 -477.296
426.619 -476.33
427.999 -475.364
429.379 -474.397
430.759 -473.431
432.139 -472.465
433.52 -471.498
434.9 -470.532
436.28 -469.566
437.66 -468.599
439.04 -467.633
440.42 -466.667
441.8 -465.7
443.18 -464.734
444.56 -463.768
445.941 -462.801
447.321 -461.835
448.701 -460.868
450.081 -459.902
451.461 -458.936
452.841 -457.969
454.222 -457.003
455.602 -456.036
456.982 -455.07
458.362 -454.103
459.742 -453.137
461.123 -452.171
462.503 -451.204
463.883 -450.238
465.263 -449.271
466.644 -448.305
468.024 -447.338
469.404 -446.372
470.784 -445.405
472.165 -444.439
473.545 -443.472
474.925 -442.506
476.306 -441.539
477.686 -440.573
479.066 -439.606
480.447 -438.64
481.827 -437.673
483.207 -436.707
484.588 -435.74
485.968 -434.774
487.348 -433.807
488.729 -432.841
490.109 -431.874
491.49 -430.907
492.87 -429.941
494.251 -428.974
495.631 -428.008
497.011 -427.041
498.392 -426.074
499.772 -425.108
501.153 -424.141
502.533 -423.174
503.914 -422.208
505.294 -421.241
506.675 -420.274
508.056 -419.308
509.436 -418.341
510.817 -417.374
512.197 -416.408
513.578 -415.441
514.959 -414.474
516.339 -413.508
517.72 -412.541
519.101 -411.574
520.481 -410.607
521.862 -409.641
523.243 -408.674
524.623 -407.707
526.004 -406.74
527.385 -405.773
528.766 -404.806
530.146 -403.84
531.527 -402.873
532.908 -401.906
534.289 -400.939
535.67 -399.972
537.051 -399.005
538.432 -398.038
539.812 -397.071
541.193 -396.105
542.574 -395.138
543.955 -394.171
545.336 -393.204
546.717 -392.237
548.098 -391.27
549.479 -390.303
550.86 -389.336
552.241 -388.369
553.622 -387.402
555.003 -386.435
556.385 -385.468
557.766 -384.5
559.147 -383.533
560.528 -382.566
561.909 -381.599
563.291 -380.632
564.672 -379.665
566.053 -378.698
567.434 -377.73
568.816 -376.763
570.197 -375.796
571.578 -374.829
572.96 -373.862
574.341 -372.894
575.723 -371.927
577.104 -370.96
578.485 -369.992
579.867 -369.025
581.249 -368.058
582.63 -367.09
584.012 -366.123
585.393 -365.156
586.775 -364.188
588.157 -363.221
589.538 -362.253
590.92 -361.286
592.302 -360.318
593.684 -359.351
595.065 -358.383
596.447 -357.416
597.829 -356.448
599.211 -355.48
600.593 -354.513
601.975 -353.545
603.357 -352.577
604.739 -351.61
606.121 -350.642
607.503 -349.674
608.885 -348.706
610.267 -347.739
611.649 -346.771
613.032 -345.803
614.414 -344.835
615.796 -343.867
617.178 -342.899
618.561 -341.931
619.943 -340.963
621.326 -339.995
622.708 -339.027
624.091 -338.059
625.473 -337.091
626.856 -336.123
628.238 -335.155
629.621 -334.187
631.004 -333.219
632.387 -332.25
633.769 -331.282
635.152 -330.314
636.535 -329.346
637.918 -328.377
639.301 -327.409
640.684 -326.44
642.067 -325.472
643.45 -324.503
644.833 -323.535
646.217 -322.566
647.6 -321.598
648.983 -320.629
650.367 -319.661
651.75 -318.692
653.133 -317.723
654.517 -316.754
655.901 -315.786
657.284 -314.817
658.668 -313.848
660.052 -312.879
661.435 -311.91
662.819 -310.941
664.203 -309.972
665.587 -309.003
666.971 -308.034
668.355 -307.065
669.739 -306.096
671.124 -305.126
672.508 -304.157
673.892 -303.188
675.277 -302.218
676.661 -301.249
678.046 -300.28
679.43 -299.31
680.815 -298.34
682.2 -297.371
683.584 -296.401
684.969 -295.432
686.354 -294.462
687.739 -293.492
689.124 -292.522
690.51 -291.552
691.895 -290.582
693.28 -289.612
694.665 -288.642
696.051 -287.672
697.437 -286.702
698.822 -285.732
700.208 -284.761
701.594 -283.791
702.98 -282.821
704.366 -281.85
705.752 -280.88
707.138 -279.909
708.524 -278.938
709.91 -277.968
711.297 -276.997
712.683 -276.026
714.07 -275.055
715.457 -274.084
716.843 -273.113
718.23 -272.142
719.617 -271.171
721.004 -270.199
722.392 -269.228
723.779 -268.257
725.166 -267.285
726.554 -266.314
727.942 -265.342
729.329 -264.37
730.717 -263.398
732.105 -262.427
733.493 -261.455
734.881 -260.483
736.27 -259.511
737.658 -258.538
739.047 -257.566
740.435 -256.594
741.824 -255.621
743.213 -254.649
744.602 -253.676
745.991 -252.703
747.381 -251.73
748.77 -250.758
750.16 -249.785
751.549 -248.811
752.939 -247.838
754.329 -246.865
755.719 -245.892
757.11 -244.918
758.5 -243.944
759.891 -242.971
761.282 -241.997
762.673 -241.023
764.064 -240.049
765.455 -239.075
766.846 -238.101
768.238 -237.126
769.629 -236.152
771.021 -235.177
772.413 -234.202
773.806 -233.228
775.198 -232.253
776.591 -231.278
777.983 -230.302
779.376 -229.327
780.769 -228.352
782.163 -227.376
783.556 -226.4
784.95 -225.424
786.344 -224.448
787.738 -223.472
789.132 -222.496
790.527 -221.519
791.921 -220.543
793.316 -219.566
794.711 -218.589
796.107 -217.612
797.502 -216.635
798.898 -215.658
800.294 -214.68
801.69 -213.703
803.087 -212.725
804.483 -211.747
805.88 -210.769
807.277 -209.79
808.675 -208.812
810.072 -207.833
811.47 -206.854
812.869 -205.875
814.267 -204.896
815.666 -203.917
817.065 -202.937
818.464 -201.958
819.863 -200.978
821.263 -199.997
822.663 -199.017
824.064 -198.037
825.464 -197.056
826.865 -196.075
828.266 -195.094
829.668 -194.112
831.07 -193.131
832.472 -192.149
833.874 -191.167
835.277 -190.185
836.68 -189.202
838.084 -188.22
839.488 -187.237
840.892 -186.253
842.296 -185.27
843.701 -184.286
845.106 -183.302
846.512 -182.318
847.918 -181.334
849.324 -180.349
850.73 -179.364
852.138 -178.379
853.545 -177.393
854.953 -176.408
856.361 -175.422
857.77 -174.435
859.179 -173.449
860.588 -172.462
861.998 -171.475
863.408 -170.487
864.819 -169.499
866.23 -168.511
867.642 -167.523
869.054 -166.534
870.467 -165.545
871.88 -164.555
873.293 -163.566
874.707 -162.576
876.122 -161.585
877.537 -160.594
878.952 -159.603
880.368 -158.612
881.785 -157.62
883.202 -156.628
884.619 -155.635
886.037 -154.642
887.456 -153.649
888.875 -152.655
890.295 -151.661
891.716 -150.666
893.137 -149.671
894.558 -148.676
895.98 -147.68
897.403 -146.684
898.827 -145.687
900.251 -144.69
901.675 -143.692
903.101 -142.694
904.527 -141.696
905.953 -140.697
907.381 -139.697
908.809 -138.697
910.238 -137.697
911.667 -136.696
913.098 -135.694
914.529 -134.692
915.96 -133.69
917.393 -132.687
918.826 -131.683
920.26 -130.679
921.695 -129.674
923.131 -128.669
924.567 -127.663
926.005 -126.657
927.443 -125.65
928.882 -124.642
930.322 -123.634
931.763 -122.625
933.204 -121.615
934.647 -120.605
936.091 -119.594
937.535 -118.583
938.981 -117.571
940.427 -116.558
941.875 -115.544
943.324 -114.53
944.773 -113.515
946.224 -112.499
947.676 -111.482
949.128 -110.465
950.582 -109.447
952.037 -108.428
953.494 -107.409
954.951 -106.388
956.409 -105.367
957.869 -104.345
959.33 -103.322
960.792 -102.298
962.256 -101.273
963.721 -100.248
965.187 -99.2211
966.654 -98.1936
968.123 -97.1652
969.593 -96.1358
971.064 -95.1054
972.537 -94.074
974.012 -93.0416
975.488 -92.0082
976.965 -90.9737
978.444 -89.9382
979.924 -88.9016
981.406 -87.8638
982.89 -86.825
984.375 -85.7849
985.862 -84.7438
987.351 -83.7014
988.841 -82.6578
990.334 -81.613
991.828 -80.5669
993.323 -79.5195
994.821 -78.4709
996.321 -77.4209
997.822 -76.3695
999.326 -75.3168
1000.83 -74.2627
1002.34 -73.2071
1003.85 -72.1501
1005.36 -71.0916
1006.87 -70.0315
1008.43 -71.0309
1009.99 -72.0288
1011.54 -73.0255
1013.09 -74.0208
1014.64 -75.0148
1016.19 -76.0075
1017.73 -76.999
1019.28 -77.9892
1020.82 -78.9782
1022.36 -79.9661
1023.9 -80.9527
1025.43 -81.9382
1026.97 -82.9226
1028.5 -83.9059
1030.03 -84.8881
1031.56 -85.8692
1033.09 -86.8493
1034.62 -87.8283
1036.14 -88.8063
1037.66 -89.7833
1039.18 -90.7594
1040.7 -91.7344
1042.22 -92.7085
1043.74 -93.6817
1045.26 -94.6539
1046.77 -95.6252
1048.28 -96.5957
1049.79 -97.5652
1051.3 -98.5339
1052.81 -99.5018
1054.32 -100.469
1055.83 -101.435
1057.33 -102.4
1058.83 -103.365
1060.34 -104.329
1061.84 -105.292
1063.34 -106.254
1064.84 -107.216
1066.33 -108.176
1067.83 -109.136
1069.33 -110.096
1070.82 -111.054
1072.31 -112.012
1073.81 -112.97
1075.3 -113.926
1076.79 -114.882
1078.28 -115.837
1079.77 -116.792
1081.25 -117.746
1082.74 -118.699
1084.22 -119.652
1085.71 -120.604
1087.19 -121.556
1088.67 -122.507
1090.16 -123.457
1091.64 -124.407
1093.12 -125.357
1094.6 -126.305
1096.07 -127.254
1097.55 -128.201
1099.03 -129.148
1100.5 -130.095
1101.98 -131.041
1103.45 -131.987
1104.92 -132.932
1106.4 -133.877
1107.87 -134.821
1109.34 -135.764
1110.81 -136.708
1112.28 -137.65
1113.75 -138.593
1115.22 -139.535
1116.68 -140.476
1118.15 -141.417
1119.62 -142.358
1121.08 -143.298
1122.55 -144.237
1124.01 -145.177
1125.48 -146.116
1126.94 -147.054
1128.4 -147.992
1129.86 -148.93
1131.32 -149.867
1132.79 -150.804
1134.25 -151.741
1135.7 -152.677
1137.16 -153.613
1138.62 -154.549
1140.08 -155.484
1141.54 -156.419
1142.99 -157.353
1144.45 -158.287
1145.91 -159.221
1147.36 -160.155
1148.82 -161.088
1150.27 -162.021
1151.72 -162.953
1153.18 -163.886
1154.63 -164.817
1156.08 -165.749
1157.53 -166.68
1158.98 -167.612
1160.44 -168.542
1161.89 -169.473
1163.34 -170.403
1164.79 -171.333
1166.23 -172.263
1167.68 -173.192
1169.13 -174.121
1170.58 -175.05
1172.03 -175.979
1173.47 -176.907
1174.92 -177.835
1176.37 -178.763
1177.81 -179.691
1179.26 -180.618
1180.7 -181.545
1182.15 -182.472
1183.59 -183.399
1185.04 -184.325
1186.48 -185.251
1187.93 -186.177
1189.37 -187.103
1190.81 -188.029
1192.25 -188.954
1193.7 -189.879
1195.14 -190.804
1196.58 -191.729
1198.02 -192.654
1199.46 -193.578
1200.9 -194.502
1202.34 -195.426
1203.78 -196.35
1205.22 -197.273
1206.66 -198.197
1208.1 -199.12
1209.54 -200.043
1210.98 -200.966
1212.42 -201.889
1213.85 -202.811
1215.29 -203.733
1216.73 -204.656
1218.17 -205.578
1219.6 -206.499
1221.04 -207.421
1222.48 -208.343
1223.91 -209.264
1225.35 -210.185
1226.79 -211.106
1228.22 -212.027
1229.66 -212.948
1231.09 -213.868
1232.53 -214.789
1233.96 -215.709
1235.4 -216.629
1236.83 -217.549
1238.26 -218.469
1239.7 -219.389
1241.13 -220.309
1242.56 -221.228
1244 -222.148
1245.43 -223.067
1246.86 -223.986
1248.3 -224.905
1249.73 -225.824
1251.16 -226.743
1252.59 -227.661
1254.02 -228.58
1255.46 -229.498
1256.89 -230.416
1258.32 -231.335
1259.75 -232.253
1261.18 -233.17
1262.61 -234.088
1264.04 -235.006
1265.47 -235.924
1266.9 -236.841
1268.33 -237.758
1269.76 -238.676
1271.19 -239.593
1272.62 -240.51
1274.05 -241.427
1275.48 -242.344
1276.91 -243.261
1278.34 -244.177
1279.77 -245.094
1281.2 -246.011
1282.62 -246.927
1284.05 -247.843
1285.48 -248.76
1286.91 -249.676
1288.34 -250.592
1289.76 -251.508
1291.19 -252.424
1292.62 -253.34
1294.05 -254.255
1295.48 -255.171
1296.9 -256.086
1298.33 -257.002
1299.76 -257.917
1301.18 -258.833
1302.61 -259.748
1304.04 -260.663
1305.46 -261.578
1306.89 -262.493
1308.32 -263.408
1309.74 -264.323
1311.17 -265.238
1312.59 -266.153
1314.02 -267.067
1315.45 -267.982
1316.87 -268.897
1318.3 -269.811
1319.72 -270.726
1321.15 -271.64
1322.57 -272.554
1324 -273.468
1325.42 -274.383
1326.85 -275.297
1328.27 -276.211
1329.7 -277.125
1331.12 -278.039
1332.55 -278.953
1333.97 -279.866
1335.4 -280.78
1336.82 -281.694
1338.24 -282.608
1339.67 -283.521
1341.09 -284.435
1342.52 -285.348
1343.94 -286.262
1345.36 -287.175
1346.79 -288.088
1348.21 -289.002
1349.64 -289.915
1351.06 -290.828
1352.48 -291.741
1353.91 -292.654
1355.33 -293.567
1356.75 -294.48
1358.18 -295.393
1359.6 -296.306
1361.02 -297.219
1362.44 -298.132
1363.87 -299.045
1365.29 -299.957
1366.71 -300.87
1368.14 -301.783
1369.56 -302.695
1370.98 -303.608
1372.4 -304.521
1373.83 -305.433
1375.25 -306.345
1376.67 -307.258
1378.09 -308.17
1379.51 -309.083
1380.94 -309.995
1382.36 -310.907
1383.78 -311.819
1385.2 -312.732
1386.62 -313.644
1388.05 -314.556
1389.47 -315.468
1390.89 -316.38
1392.31 -317.292
1393.73 -318.204
1395.15 -319.116
1396.58 -320.028
1398 -320.94
1399.42 -321.852
1400.84 -322.763
1402.26 -323.675
1403.68 -324.587
1405.1 -325.499
1406.52 -326.41
1407.95 -327.322
1409.37 -328.234
1410.79 -329.145
1412.21 -330.057
1413.63 -330.969
1415.05 -331.88
1416.47 -332.792
1417.89 -333.703
1419.31 -334.614
1420.73 -335.526
1422.16 -336.437
1423.58 -337.349
1425 -338.26
1426.42 -339.171
1427.84 -340.083
1429.26 -340.994
1430.68 -341.905
1432.1 -342.816
1433.52 -343.728
1434.94 -344.639
1436.36 -345.55
1437.78 -346.461
1439.2 -347.372
1440.62 -348.283
1442.04 -349.194
1443.46 -350.105
1444.88 -351.016
1446.3 -351.927
1447.72 -352.838
1449.14 -353.749
1450.56 -354.66
1451.98 -355.571
1453.4 -356.482
1454.82 -357.393
1456.24 -358.304
1457.66 -359.215
1459.08 -360.126
1460.5 -361.036
1461.92 -361.947
1463.34 -362.858
1464.76 -363.769
1466.18 -364.68
1467.6 -365.59
1469.02 -366.501
1470.44 -367.412
1471.86 -368.322
1473.28 -369.233
1474.7 -370.144
1476.12 -371.054
1477.54 -371.965
1478.96 -372.876
1480.38 -373.786
1481.79 -374.697
1483.21 -375.607
1484.63 -376.518
1486.05 -377.428
1487.47 -378.339
1488.89 -379.249
1490.31 -380.16
1491.73 -381.07
1493.15 -381.981
1494.57 -382.891
1495.99 -383.802
1497.41 -384.712
1498.83 -385.622
1500.25 -386.533
1501.66 -387.443
1503.08 -388.354
1504.5 -389.264
1505.92 -390.174
1507.34 -391.085
1508.76 -391.995
1510.18 -392.905
1511.6 -393.816
1513.02 -394.726
1514.44 -395.636
1515.85 -396.546
1517.27 -397.457
1518.69 -398.367
1520.11 -399.277
1521.53 -400.187
1522.95 -401.098
1524.37 -402.008
1525.79 -402.918
1527.21 -403.828
1528.62 -404.738
1530.04 -405.648
1531.46 -406.559
1532.88 -407.469
1534.3 -408.379
1535.72 -409.289
1537.14 -410.199
1538.56 -411.109
1539.97 -412.019
1541.39 -412.929
1542.81 -413.839
1544.23 -414.749
1545.65 -415.66
1547.07 -416.57
1548.49 -417.48
1549.9 -418.39
1551.32 -419.3
1552.74 -420.21
1554.16 -421.12
1555.58 -422.03
1557 -422.94
1558.42 -423.85
1559.83 -424.76
1561.25 -425.67
1562.67 -426.58
1564.09 -427.49
1565.51 -428.4
1566.93 -429.31
1568.35 -430.219
1569.76 -431.129
1571.18 -432.039
1572.6 -432.949
1574.02 -433.859
1575.44 -434.769
1576.86 -435.679
1578.27 -436.589
1579.69 -437.499
1581.11 -438.409
1582.53 -439.318
1583.95 -440.228
1585.37 -441.138
1586.78 -442.048
1588.2 -442.958
1589.62 -443.868
1591.04 -444.778
1592.46 -445.687
1593.88 -446.597
1595.29 -447.507
1596.71 -448.417
1598.13 -449.327
1599.55 -450.237
1600.97 -451.146
1602.39 -452.056
1603.8 -452.966
1605.22 -453.876
1606.64 -454.785
1608.06 -455.695
1609.48 -456.605
1610.89 -457.515
1612.31 -458.425
1613.73 -459.334
1615.15 -460.244
1616.57 -461.154
1617.99 -462.064
1619.4 -462.973
1620.82 -463.883
1622.24 -464.793
1623.66 -465.703
1625.08 -466.612
1626.49 -467.522
1627.91 -468.432
1629.33 -469.341
1630.75 -470.251
1632.17 -471.161
1633.58 -472.071
1635 -472.98
1636.42 -473.89
1637.84 -474.8
1639.26 -475.709
1640.67 -476.619
1642.09 -477.529
1643.51 -478.438
1644.93 -479.348
1646.35 -480.258
1647.76 -481.167
1649.18 -482.077
1650.6 -482.987
1652.02 -483.896
1653.44 -484.806
1654.85 -485.716
1656.27 -486.625
1657.69 -487.535
1659.11 -488.445
1660.53 -489.354
1661.94 -490.264
1663.36 -491.173
1664.78 -492.083
1666.2 -492.993
1667.62 -493.902
1669.03 -494.812
1670.45 -495.722
1671.87 -496.631
1673.29 -497.541
1674.71 -498.45
1676.12 -499.36
1677.54 -500.27
1678.96 -501.179
1680.38 -502.089
1681.8 -502.998
1683.21 -503.908
1684.63 -504.818
1686.05 -505.727
1687.47 -506.637
1688.89 -507.546
1690.3 -508.456
1691.72 -509.366
1693.14 -510.275
1694.56 -511.185
1695.97 -512.094
1697.39 -513.004
1698.81 -513.913
1700.23 -514.823
1701.65 -515.732
1703.06 -516.642
1704.48 -517.552
1705.9 -518.461
1707.32 -519.371
1708.73 -520.28
1710.15 -521.19
1711.57 -522.099
1712.99 -523.009
1714.41 -523.918
1715.82 -524.828
1717.24 -525.737
1718.66 -526.647
1720.08 -527.557
1721.5 -528.466
1722.91 -529.376
1724.33 -530.285
1725.75 -531.195
1727.17 -532.104
1728.58 -533.014
1730 -533.923
1731.42 -534.833
1732.84 -535.742
1734.26 -536.652
1735.67 -537.562
1737.09 -538.471
1738.51 -539.381
1739.93 -540.29
1741.35 -541.2
1742.76 -542.109
1744.18 -543.019
1745.6 -543.928
1747.02 -544.838
1748.43 -545.747
1749.85 -546.657
1751.27 -547.566
1752.69 -548.476
1754.1 -549.385
1755.52 -550.295
1756.94 -551.204
1758.36 -552.114
1759.78 -553.023
1761.19 -553.933
1762.61 -554.842
1764.03 -555.752
1765.45 -556.661
1766.86 -557.571
1768.28 -558.48
1769.7 -559.39
1771.12 -560.299
1772.54 -561.208
1773.95 -562.118
1775.37 -563.027
1776.79 -563.937
1778.21 -564.846
1779.62 -565.756
1781.04 -566.665
1782.46 -567.575
1783.88 -568.484
1785.29 -569.394
1786.71 -570.303
1788.13 -571.213
1789.55 -572.122
1790.97 -573.032
1792.38 -573.941
1793.8 -574.851
1795.22 -575.76
1796.64 -576.67
1798.05 -577.579
1799.47 -578.489
1800.89 -579.398
1802.31 -580.308
1803.73 -581.217
1805.14 -582.127
1806.56 -583.036
1807.98 -583.946
1809.4 -584.855
1810.81 -585.765
1812.23 -586.674
1813.65 -587.584
1815.07 -588.493
1816.48 -589.403
1817.9 -590.312
1819.32 -591.221
1820.74 -592.131
1822.16 -593.04
1823.57 -593.95
1824.99 -594.859
1826.41 -595.769
1827.83 -596.678
1829.24 -597.588
1830.66 -598.497
1832.08 -599.407
1833.5 -600.316
1834.92 -601.226
1836.33 -602.135
1837.75 -603.044
1839.17 -603.954
1840.59 -604.863
1842 -605.773
1843.42 -606.682
1844.84 -607.592
1846.26 -608.501
1847.67 -609.41
1849.09 -610.32
1850.51 -611.229
1851.93 -612.139
1853.35 -613.048
1854.76 -613.958
1856.18 -614.867
1857.6 -615.776
1859.02 -616.686
1860.43 -617.595
1861.85 -618.505
1863.27 -619.414
1864.69 -620.324
1866.1 -621.233
1867.52 -622.142
1868.94 -623.052
1870.36 -623.961
1871.78 -624.871
1873.19 -625.78
1874.61 -626.69
1876.03 -627.599
1877.45 -628.508
1878.86 -629.418
1880.28 -630.327
1881.7 -631.237
1883.12 -632.146
1884.53 -633.055
1885.95 -633.965
1887.37 -634.874
1888.79 -635.784
1890.2 -636.693
1891.62 -637.603
1893.04 -638.512
1894.46 -639.421
1895.87 -640.331
1897.29 -641.24
1898.71 -642.15
1900.13 -643.059
1901.54 -643.969
1902.96 -644.878
1904.38 -645.787
1905.8 -646.697
1907.22 -647.606
1908.63 -648.516
1910.05 -649.425
1911.47 -650.335
1912.89 -651.244
1914.3 -652.153
1915.72 -653.063
1917.14 -653.972
1918.56 -654.882
1919.97 -655.791
1921.39 -656.701
1922.81 -657.61
1924.23 -658.519
1925.64 -659.429
1927.06 -660.338
1928.48 -661.248
1929.9 -662.157
1931.31 -663.066
1932.73 -663.976
1934.15 -664.885
1935.57 -665.795
1936.98 -666.704
1938.4 -667.614
1939.82 -668.523
1941.24 -669.432
1942.66 -670.342
1944.07 -671.251
1945.49 -672.161
1946.91 -673.07
1948.33 -673.98
1949.74 -674.889
1951.16 -675.798
1952.58 -676.708
1954 -677.617
1955.41 -678.527
1956.83 -679.436
1958.25 -680.346
1959.67 -681.255
1961.08 -682.164
1962.5 -683.074
1963.92 -683.983
1965.34 -684.893
1966.75 -685.802
1968.17 -686.711
1969.59 -687.621
1971.01 -688.53
1972.43 -689.44
1973.84 -690.349
1975.26 -691.259
1976.68 -692.168
1978.1 -693.077
1979.51 -693.987
1980.93 -694.896
1982.35 -695.806
1983.77 -696.715
1985.18 -697.625
1986.6 -698.534
1988.02 -699.443
1989.44 -700.353
1990.85 -701.262
1992.27 -702.172
1993.69 -703.081
1995.11 -703.991
1996.52 -704.9
1997.94 -705.809
1999.36 -706.719
2000.78 -707.628
2002.19 -708.538
2003.61 -709.447
2005.03 -710.357
2006.45 -711.266
2007.87 -712.175
2009.28 -713.085
2010.7 -713.994
2012.12 -714.904
2013.54 -715.813
2014.95 -716.722
2016.37 -717.632
2017.79 -718.541
2019.21 -719.451
2020.62 -720.36
2022.04 -721.27
2023.46 -722.179
2024.88 -723.088
2026.29 -723.998
2027.71 -724.907
2029.13 -725.817
2030.55 -726.726
2031.96 -727.636
2033.38 -728.545
2034.8 -729.454
2036.22 -730.364
2037.63 -731.273
2039.05 -732.183
2040.47 -733.092
2041.89 -734.002
2043.31 -734.911
2044.72 -735.82
2046.14 -736.73
2047.56 -737.639
2048.98 -738.549
2050.39 -739.458
2051.81 -740.367
2053.23 -741.277
2054.65 -742.186
2056.06 -743.096
2057.48 -744.005
2058.9 -744.915
2060.32 -745.824
2061.74 -746.733
2063.15 -747.643
2064.57 -748.552
2065.99 -749.462
2067.41 -750.371
2068.82 -751.281
2070.24 -752.19
2071.66 -753.099
2073.08 -754.009
2074.49 -754.918
2075.91 -755.828
2077.33 -756.737
2078.75 -757.647
2080.17 -758.556
2081.58 -759.465
2083 -760.375
2084.42 -761.284
2085.84 -762.194
2087.25 -763.103
2088.67 -764.013
2090.09 -764.922
2091.51 -765.831
2092.93 -766.741
2094.34 -767.65
2095.76 -768.56
2097.18 -769.469
2098.6 -770.378
2100.01 -771.288
2101.43 -772.197
2102.85 -773.107
2104.27 -774.016
2105.68 -774.926
2107.1 -775.835
2108.52 -776.744
2109.94 -777.654
2111.36 -778.563
2112.77 -779.473
2114.19 -780.382
2115.61 -781.292
2117.03 -782.201
2118.44 -783.11
2119.86 -784.02
2121.28 -784.929
2122.7 -785.839
2124.11 -786.748
2125.53 -787.658
2126.95 -788.567
2128.37 -789.476
2129.79 -790.386
2131.2 -791.295
2132.62 -792.205
2134.04 -793.114
2135.46 -794.023
2136.87 -794.933
2138.29 -795.842
2139.71 -796.752
2141.13 -797.661
2142.55 -798.571
2143.96 -799.48
2145.38 -800.389
2146.8 -801.299
2148.22 -802.208
2149.63 -803.118
2151.05 -804.027
2152.47 -804.937
2153.89 -805.846
2155.3 -806.755
2156.72 -807.665
2158.14 -808.574
2159.56 -809.484
2160.98 -810.393
2162.39 -811.303
2163.81 -812.212
2165.23 -813.121
2166.65 -814.031
2168.06 -814.94
2169.48 -815.85
2170.9 -816.759
2172.32 -817.669
2173.74 -818.578
2175.15 -819.487
2176.57 -820.397
2177.99 -821.306
2179.41 -822.216
2180.82 -823.125
2182.24 -824.034
2183.66 -824.944
2185.08 -825.853
2186.49 -826.763
2187.91 -827.672
2189.33 -828.582
2190.75 -829.491
2192.17 -830.4
2193.58 -831.31
2195 -832.219
2196.42 -833.129
2197.84 -834.038
2199.25 -834.948
2200.67 -835.857
2202.09 -836.766
2203.51 -837.676
2204.93 -838.585
2206.34 -839.495
2207.76 -840.404
2209.18 -841.314
2210.6 -842.223
2212.01 -843.132
2213.43 -844.042
2214.85 -844.951
2216.27 -845.861
2217.68 -846.77
2219.1 -847.68
2220.52 -848.589
2221.94 -849.498
2223.36 -850.408
2224.77 -851.317
2226.19 -852.227
2227.61 -853.136
2229.03 -854.045
2230.44 -854.955
2231.86 -855.864
2233.28 -856.774
2234.7 -857.683
2236.12 -858.593
2237.53 -859.502
2238.95 -860.411
2240.37 -861.321
2241.79 -862.23
2243.2 -863.14
2244.62 -864.049
2246.04 -864.959
2247.46 -865.868
2248.87 -866.777
2250.29 -867.687
2251.71 -868.596
2253.13 -869.506
2254.55 -870.415
2255.96 -871.325
2257.38 -872.234
2258.8 -873.143
2260.22 -874.053
2261.63 -874.962
2263.05 -875.872
2264.47 -876.781
2265.89 -877.69
2267.31 -878.6
2268.72 -879.509
2270.14 -880.419
2271.56 -881.328
2272.98 -882.238
2274.39 -883.147
2275.81 -884.056
2277.23 -884.966
2278.65 -885.875
2280.06 -886.785
2281.48 -887.694
2282.9 -888.604
2284.32 -889.513
2285.74 -890.422
2287.15 -891.332
2288.57 -892.241
2289.99 -893.151
2291.41 -894.06
2292.82 -894.97
2294.24 -895.879
2295.66 -896.788
2297.08 -897.698
2298.5 -898.607
2299.91 -899.517
2301.33 -900.426
2302.75 -901.336
2304.17 -902.245
2305.58 -903.154
2307 -904.064
2308.42 -904.973
2309.84 -905.883
2311.25 -906.792
2312.67 -907.701
2314.09 -908.611
2315.51 -909.52
2316.93 -910.43
2318.34 -911.339
2319.76 -912.249
2321.18 -913.158
2322.6 -914.067
2324.01 -914.977
2325.43 -915.886
2326.85 -916.796
2328.27 -917.705
2329.69 -918.615
2331.1 -919.524
2332.52 -920.433
2333.94 -921.343
2335.36 -922.252
2336.77 -923.162
2338.19 -924.071
2339.61 -924.981
2341.03 -925.89
2342.44 -926.799
2343.86 -927.709
2345.28 -928.618
2346.7 -929.528
2348.12 -930.437
2349.53 -931.346
2350.95 -932.256
2352.37 -933.165
2353.79 -934.075
2355.2 -934.984
2356.62 -935.894
2358.04 -936.803
2359.46 -937.712
2360.88 -938.622
2362.29 -939.531
2363.71 -940.441
2365.13 -941.35
2366.55 -942.26
2367.96 -943.169
2369.38 -944.078
2370.8 -944.988
2372.22 -945.897
2373.63 -946.807
2375.05 -947.716
2376.47 -948.626
2377.89 -949.535
2379.31 -950.444
2380.72 -951.354
2382.14 -952.263
2383.56 -953.173
2384.98 -954.082
2386.39 -954.992
2387.81 -955.901
2389.23 -956.81
2390.65 -957.72
2392.06 -958.629
2393.48 -959.539
2394.9 -960.448
2396.32 -961.357
2397.74 -962.267
2399.15 -963.176
2400.57 -964.086
2401.99 -964.995
2403.41 -965.905
2404.82 -966.814
2406.24 -967.723
2407.66 -968.633
2409.08 -969.542
2410.5 -970.452
2411.91 -971.361
2413.33 -972.271
2414.75 -973.18
2416.17 -974.089
2417.58 -974.999
2419 -975.908
2420.42 -976.818
2421.84 -977.727
2423.25 -978.637
2424.67 -979.546
2426.09 -980.455
2427.51 -981.365
2428.93 -982.274
2430.34 -983.184
2431.76 -984.093
2433.18 -985.003
2434.6 -985.912
2436.01 -986.821
2437.43 -987.731
2438.85 -988.64
2440.27 -989.55
2441.69 -990.459
2443.1 -991.368
2444.52 -992.278
2445.94 -993.187
2447.36 -994.097
2448.77 -995.006
2450.19 -995.916
2451.61 -996.825
2453.03 -997.734
2454.44 -998.644
2455.86 -999.553
2457.28 -1000.46
2458.7 -1001.37
2460.12 -1002.28
2461.53 -1003.19
2462.95 -1004.1
2464.37 -1005.01
2465.79 -1005.92
2467.2 -1006.83
2468.62 -1007.74
2470.04 -1008.65
2471.46 -1009.56
2472.88 -1010.47
2474.29 -1011.38
2475.71 -1012.29
2477.13 -1013.19
2478.55 -1014.1
2479.96 -1015.01
2481.38 -1015.92
2482.8 -1016.83
2484.22 -1017.74
2485.63 -1018.65
2487.05 -1019.56
2488.47 -1020.47
2489.89 -1021.38
2491.31 -1022.29
2492.72 -1023.2
2494.14 -1024.11
2495.56 -1025.02
2496.98 -1025.93
2498.39 -1026.84
2499.81 -1027.75
2501.23 -1028.65
2502.65 -1029.56
2504.07 -1030.47
2505.48 -1031.38
2506.9 -1032.29
2508.32 -1033.2
2509.74 -1034.11
2511.15 -1035.02
2512.57 -1035.93
2513.99 -1036.84
2515.41 -1037.75
2516.82 -1038.66
2518.24 -1039.57
2519.66 -1040.48
2521.08 -1041.39
2522.5 -1042.3
2523.91 -1043.21
2525.33 -1044.11
2526.75 -1045.02
2528.17 -1045.93
2529.58 -1046.84
2531 -1047.75
2532.42 -1048.66
2533.84 -1049.57
2535.26 -1050.48
2536.67 -1051.39
2538.09 -1052.3
2539.51 -1053.21
2540.93 -1054.12
2542.34 -1055.03
2543.76 -1055.94
2545.18 -1056.85
2546.6 -1057.76
2548.01 -1058.67
2549.43 -1059.58
2550.85 -1060.48
2552.27 -1061.39
2553.69 -1062.3
2555.1 -1063.21
2556.52 -1064.12
2557.94 -1065.03
2559.36 -1065.94
2560.77 -1066.85
2562.19 -1067.76
2563.61 -1068.67
2565.03 -1069.58
2566.45 -1070.49
2567.86 -1071.4
2569.28 -1072.31
2570.7 -1073.22
2572.12 -1074.13
2573.53 -1075.04
2574.95 -1075.94
2576.37 -1076.85
2577.79 -1077.76
2579.2 -1078.67
2580.62 -1079.58
2582.04 -1080.49
2583.46 -1081.4
2584.88 -1082.31
2586.29 -1083.22
2587.71 -1084.13
2589.13 -1085.04
2590.55 -1085.95
2591.96 -1086.86
2593.38 -1087.77
2594.8 -1088.68
2596.22 -1089.59
2597.64 -1090.5
2599.05 -1091.41
2600.47 -1092.31
2601.89 -1093.22
2603.31 -1094.13
2604.72 -1095.04
2606.14 -1095.95
2607.56 -1096.86
2608.98 -1097.77
2610.39 -1098.68
2611.81 -1099.59
2613.23 -1100.5
2614.65 -1101.41
2616.07 -1102.32
2617.48 -1103.23
2618.9 -1104.14
2620.32 -1105.05
2621.74 -1105.96
2623.15 -1106.87
2624.57 -1107.77
2625.99 -1108.68
2627.41 -1109.59
2628.82 -1110.5
2630.24 -1111.41
2631.66 -1112.32
2633.08 -1113.23
2634.5 -1114.14
2635.91 -1115.05
2637.33 -1115.96
2638.75 -1116.87
2640.17 -1117.78
2641.58 -1118.69
2643 -1119.6
2644.42 -1120.51
2645.84 -1121.42
2647.26 -1122.33
2648.67 -1123.23
2650.09 -1124.14
2651.51 -1125.05
2652.93 -1125.96
2654.34 -1126.87
2655.76 -1127.78
2657.18 -1128.69
2658.6 -1129.6
2660.01 -1130.51
2661.43 -1131.42
2662.85 -1132.33
2664.27 -1133.24
2665.69 -1134.15
2667.1 -1135.06
2668.52 -1135.97
2669.94 -1136.88
2671.36 -1137.79
2672.77 -1138.7
2674.19 -1139.6
2675.61 -1140.51
2677.03 -1141.42
2678.45 -1142.33
2679.86 -1143.24
2681.28 -1144.15
2682.7 -1145.06
2684.12 -1145.97
2685.53 -1146.88
2686.95 -1147.79
2688.37 -1148.7
2689.79 -1149.61
2691.2 -1150.52
2692.62 -1151.43
2694.04 -1152.34
2695.46 -1153.25
2696.88 -1154.16
2698.29 -1155.06
2699.71 -1155.97
2701.13 -1156.88
2702.55 -1157.79
2703.96 -1158.7
2705.38 -1159.61
2706.8 -1160.52
2708.22 -1161.43
2709.64 -1162.34
2711.05 -1163.25
2712.47 -1164.16
2713.89 -1165.07
2715.31 -1165.98
2716.72 -1166.89
2718.14 -1167.8
2719.56 -1168.71
2720.98 -1169.62
2722.39 -1170.52
2723.81 -1171.43
2725.23 -1172.34
2726.65 -1173.25
2728.07 -1174.16
2729.48 -1175.07
2730.9 -1175.98
2732.32 -1176.89
2733.74 -1177.8
2735.15 -1178.71
2736.57 -1179.62
2737.99 -1180.53
2739.41 -1181.44
2740.83 -1182.35
2742.24 -1183.26
2743.66 -1184.17
2745.08 -1185.08
2746.5 -1185.99
2747.91 -1186.89
2749.33 -1187.8
2750.75 -1188.71
2752.17 -1189.62
2753.58 -1190.53
2755 -1191.44
2756.42 -1192.35
2757.84 -1193.26
2759.26 -1194.17
2760.67 -1195.08
2762.09 -1195.99
2763.51 -1196.9
2764.93 -1197.81
2766.34 -1198.72
2767.76 -1199.63
2769.18 -1200.54
2770.6 -1201.45
2772.02 -1202.35
2773.43 -1203.26
2774.85 -1204.17
2776.27 -1205.08
2777.69 -1205.99
2779.1 -1206.9
2780.52 -1207.81
2781.94 -1208.72
2783.36 -1209.63
2784.77 -1210.54
2786.19 -1211.45
2787.61 -1212.36
2789.03 -1213.27
2790.45 -1214.18
2791.86 -1215.09
2793.28 -1216
2794.7 -1216.91
2796.12 -1217.81
2797.53 -1218.72
2798.95 -1219.63
2800.37 -1220.54
2801.79 -1221.45
2803.21 -1222.36
2804.62 -1223.27
2806.04 -1224.18
2807.46 -1225.09
2808.88 -1226
2810.29 -1226.91
2811.71 -1227.82
2813.13 -1228.73
2814.55 -1229.64
2815.96 -1230.55
2817.38 -1231.46
2818.8 -1232.37
2820.22 -1233.28
2821.64 -1234.18
2823.05 -1235.09
2824.47 -1236
2825.89 -1236.91
2827.31 -1237.82
2828.72 -1238.73
2830.14 -1239.64
2831.56 -1240.55
2832.98 -1241.46
2834.4 -1242.37
2835.81 -1243.28
2837.23 -1244.19
2838.65 -1245.1
2840.07 -1246.01
2841.48 -1246.92
2842.9 -1247.83
2844.32 -1248.74
2845.74 -1249.64
2847.15 -1250.55
2848.57 -1251.46
2849.99 -1252.37
2851.41 -1253.28
2852.83 -1254.19
2854.24 -1255.1
2855.66 -1256.01
2857.08 -1256.92
2858.5 -1257.83
2859.91 -1258.74
2861.33 -1259.65
2862.75 -1260.56
2864.17 -1261.47
2865.58 -1262.38
2867 -1263.29
2868.42 -1264.2
2869.84 -1265.1
2871.26 -1266.01
2872.67 -1266.92
2874.09 -1267.83
2875.51 -1268.74
2876.93 -1269.65
2878.34 -1270.56
2879.76 -1271.47
2881.18 -1272.38
2882.6 -1273.29
2884.02 -1274.2
2885.43 -1275.11
2886.85 -1276.02
2888.27 -1276.93
2889.69 -1277.84
2891.1 -1278.75
2892.52 -1279.66
2893.94 -1280.57
2895.36 -1281.47
2896.77 -1282.38
2898.19 -1283.29
2899.61 -1284.2
2901.03 -1285.11
2902.45 -1286.02
2903.86 -1286.93
2905.28 -1287.84
2906.7 -1288.75
2908.12 -1289.66
2909.53 -1290.57
2910.95 -1291.48
2912.37 -1292.39
2913.79 -1293.3
2915.21 -1294.21
2916.62 -1295.12
2918.04 -1296.03
2919.46 -1296.93
2920.88 -1297.84
2922.29 -1298.75
2923.71 -1299.66
2925.13 -1300.57
2926.55 -1301.48
2927.96 -1302.39
2929.38 -1303.3
2930.8 -1304.21
2932.22 -1305.12
2933.64 -1306.03
2935.05 -1306.94
2936.47 -1307.85
2937.89 -1308.76
2939.31 -1309.67
2940.72 -1310.58
2942.14 -1311.49
2943.56 -1312.4
2944.98 -1313.3
2946.4 -1314.21
2947.81 -1315.12
2949.23 -1316.03
2950.65 -1316.94
2952.07 -1317.85
2953.48 -1318.76
2954.9 -1319.67
2956.32 -1320.58
2957.74 -1321.49
2959.15 -1322.4
2960.57 -1323.31
2961.99 -1324.22
2963.41 -1325.13
2964.83 -1326.04
2966.24 -1326.95
2967.66 -1327.86
2969.08 -1328.76
2970.5 -1329.67
2971.91 -1330.58
2973.33 -1331.49
2974.75 -1332.4
2976.17 -1333.31
2977.59 -1334.22
2979 -1335.13
2980.42 -1336.04
2981.84 -1336.95
2983.26 -1337.86
2984.67 -1338.77
2986.09 -1339.68
2987.51 -1340.59
2988.93 -1341.5
2990.34 -1342.41
2991.76 -1343.32
2993.18 -1344.22
2994.6 -1345.13
2996.02 -1346.04
2997.43 -1346.95
2998.85 -1347.86
3000.27 -1348.77
3001.69 -1349.68
3003.1 -1350.59
3004.52 -1351.5
3005.94 -1352.41
3007.36 -1353.32
3008.78 -1354.23
3010.19 -1355.14
3011.61 -1356.05
3013.03 -1356.96
3014.45 -1357.87
3015.86 -1358.78
3017.28 -1359.69
3018.7 -1360.59
3020.12 -1361.5
3021.53 -1362.41
3022.95 -1363.32
3024.37 -1364.23
3025.79 -1365.14
3027.21 -1366.05
3028.62 -1366.96
3030.04 -1367.87
3031.46 -1368.78
3032.88 -1369.69
3034.29 -1370.6
3035.71 -1371.51
3037.13 -1372.42
3038.55 -1373.33
3039.97 -1374.24
3041.38 -1375.15
3042.8 -1376.05
3044.22 -1376.96
3045.64 -1377.87
3047.05 -1378.78
3048.47 -1379.69
3049.89 -1380.6
3051.31 -1381.51
3052.72 -1382.42
3054.14 -1383.33
3055.56 -1384.24
3056.98 -1385.15
3058.4 -1386.06
3059.81 -1386.97
3061.23 -1387.88
3062.65 -1388.79
3064.07 -1389.7
3065.48 -1390.61
3066.9 -1391.51
3068.32 -1392.42
3069.74 -1393.33
3071.16 -1394.24
3072.57 -1395.15
3073.99 -1396.06
3075.41 -1396.97
3076.83 -1397.88
3078.24 -1398.79
3079.66 -1399.7
3081.08 -1400.61
3082.5 -1401.52
3083.91 -1402.43
